        0.136883       -0.200506       -0.272378
        0.229172       -0.352601        0.490245
       -0.721925        -0.63019        0.706529
        0.235125         1.33508       -0.655034
       -0.793537       -0.953474        -1.39847
        -1.69465        -1.00451       -0.243907
       0.0937969       -0.558722       -0.199759
       -0.630829        0.987853       -0.423058
        0.415414       -0.626022         1.86145
         1.53926        0.833471        0.108306
       -0.181017       -0.954035       -0.946206
        0.269276          1.1669        -1.95345
        0.497525      0.00784141        0.810069
        -2.04157        0.985669       -0.842673
        -1.52164          2.1999        0.207605
        -1.07536         1.35477       -0.615809
       -0.829018       -0.754767         1.20741
       -0.558261      -0.0229321        0.863846
       -0.201911        0.452975       -0.432814
        -1.24425         1.33392       -0.498664
       -0.811095       -0.586071       -0.763325
        0.678607        0.922427        0.907985
        -0.82475        -0.48544        0.671837
         1.70927       -0.151322         1.65576
        -0.34288         1.11643       -0.729426
        0.566621         1.91587       -0.436617
        -1.24769       0.0845475       -0.128786
         -1.4876          -2.131       -0.130472
        0.821769        -1.13939       -0.598236
       -0.893499      -0.0744239        -1.58644
       -0.764222        0.198298       -0.553504
        0.566762        -1.52898       0.0602187
        0.193377         1.16616         1.54756
        0.604116        0.364516       -0.863025
      -0.0148114        -1.23682        0.148265
         1.01668       -0.558555        0.212179
       -0.731289         1.48081        -2.62886
         1.08933        -1.07809         1.30523
         1.86236         1.68915       -0.128095
         1.17949       0.0392466        0.136308
        0.233705        -2.34671       -0.334421
         1.09956       -0.782279       -0.837551
       -0.980697         1.41588         1.19016
       -0.693456         0.11593        -1.59702
         1.11748       -0.530832       -0.387329
       -0.213003        0.361887       -0.273315
         1.35157        0.994793       -0.682949
         1.68679       -0.513343        0.264933
       -0.250503        0.138291       -0.760953
       -0.553362       -0.730175       -0.138287
        0.662676       -0.713045        -2.08219
         1.64798         1.58685         1.71594
        0.816068        0.863425       -0.205412
       -0.808918        0.767646          0.2093
        -1.45856        0.122663          0.8687
       -0.545397        -1.28242        0.468242
        0.377152       -0.689261       -0.462707
         1.15148     -0.00306411        0.222157
         1.02538         1.38636         0.61396
        0.337957       -0.809238       -0.624904
       -0.709945        0.939753        0.328214
        -1.85847       0.0320017       -0.700445
       -0.810697       -0.527904       -0.921445
       -0.559914        0.320871        0.411303
        0.691893       0.0271159        0.425367
        0.561576       -0.615492        0.207101
       -0.664595       -0.422032        0.188707
        0.426093         1.67961        0.216936
       -0.431748        0.738909          1.3438
         1.08845        -1.20726         1.54992
        0.286501        0.850876       -0.545287
        -1.11949        -2.17864         2.69369
        0.366146        0.836648         1.95335
       -0.443363        0.248458        -2.23239
       0.0896347         0.75301        -0.72897
       -0.356937      0.00691841       0.0621877
       -0.733044       -0.419382        -1.12461
        0.167869        0.130325        0.121053
         1.23468         1.24788        -1.06908
       -0.443003       -0.525605       0.0560714
       -0.405376        -1.55106       -0.213139
         1.52334         1.07573        0.377509
        -1.12874        -2.34079         -2.2027
         1.24275     -0.00239822         1.64621
        0.509974        0.262189        -0.99787
      -0.0259841        0.326217        0.349276
        0.834601       -0.388517      -0.0461679
        -1.09627      -0.0313524       -0.454814
        -0.88287        0.612861       -0.870674
        0.589729        0.181953        0.614619
         0.38475        0.921911      -0.0402796
       -0.944731        -1.34193        -0.37425
        0.754701          1.5427         0.68533
       -0.491819       -0.340038        0.314489
         0.30266       -0.101983       -0.147609
         2.23828       -0.127078         1.28035
        0.562371        0.179778        0.844773
       -0.625079        -1.67862       0.0499086
         1.22133        -1.10878        0.736066
        0.646455        0.128936        0.182711
      -0.0598584        -1.27181         1.59001
        -1.57034       -0.716382        0.320385
       -0.128599       -0.526684       0.0386538
       -0.158162         1.05434        0.626739
        0.613198        -1.43057        -1.41786
      -0.0809986       -0.170617         1.76148
        0.467005        0.634022        -1.39174
        -2.17091        0.330582         1.46496
