          1.3931        -2.18437       -0.471027
         0.82962       -0.733067        -0.63347
        0.743603       -0.376549        0.189369
        0.199893         1.07698        0.440672
        -1.18149        0.259389       -0.968603
      -0.0477835        0.642142       -0.127064
       -0.188102        -2.22404      0.00790415
        0.763336         1.47284        -1.30485
        -2.00622      -0.0718605       -0.135202
         1.50938       -0.478004       0.0320846
         1.36518         1.45742         1.00628
         1.26318        0.411134       0.0982516
         1.80257        0.319121        -0.56308
        0.149535       -0.203895        0.781722
       -0.539651       0.0696199         1.49058
       0.0765611        0.320177         1.35335
        -1.24523        0.944467       -0.342462
       -0.121853       -0.204971        -0.21066
        0.449625       -0.995552        -1.01947
        -1.55162         1.67876       -0.624236
        -1.44888         1.91686        0.498252
        0.494605         0.74839         3.00004
       -0.169556        0.537174        0.763515
       -0.537698        -2.15533        0.810829
       0.0540705        -1.41127         2.81361
       -0.269916       -0.490549       -0.256285
        0.145721       -0.268148      -0.0032208
       -0.152484        -2.55326        -1.35273
         1.56401        0.623777         1.82369
         1.25903         1.62493       -0.428106
       -0.500205        -1.89806       -0.308771
         1.50025        -1.47114        0.124874
         -0.1559       0.0349516        -1.61673
       -0.962856         1.37182          1.0991
        -1.06133        0.222309        0.616103
        -1.22802        -1.24597         1.08313
        -1.66879          0.2545       -0.446806
       -0.698988        -2.47353        0.225042
        -1.97064        0.427233        -1.07637
       -0.729038        0.875777         1.19695
       -0.349663        0.347419       -0.899768
       -0.561546         0.29446        0.448875
        0.874629        -1.29798       -0.439932
        0.350109         1.22116         0.57236
          1.4092         1.16258       -0.592413
        -1.33178       -0.110939        0.490628
         1.84078        -0.91838         -0.1153
        0.244205        -0.57585         2.30255
       0.0304519         1.14535       -0.785885
        0.786692        0.307051       -0.040591
        0.182436       0.0042381        -1.52077
        0.553175        -1.87664         2.08127
        0.245669        0.176386       -0.329636
       -0.303289       -0.715889         1.40445
        0.683924        -1.97835        -1.29583
         2.28801        0.963872         1.51228
       -0.106858       0.0770553       -0.245879
       -0.867871         1.21872       -0.727977
        0.169035       -0.687981         1.59068
        -0.25076         1.85861        -0.27952
         2.46535        -1.28543       -0.518408
        -0.10864       -0.595052        0.318033
        -1.02205       -0.340351        -1.14443
       -0.397765        -1.72529        -1.16411
      -0.0532171        0.635831         -1.2378
         0.59844       -0.807749        -1.42564
        -2.35517          2.4281        -1.03083
        0.266008       -0.370603       -0.830657
        0.234374        0.623163        0.791284
        0.362928        -1.29299       -0.325166
          1.7449        0.727488        0.560152
        0.722087        0.079517      -0.0785048
        -1.04567       -0.734324        -1.46214
         1.02408        -1.07156        0.402176
        0.383296        0.697713        -1.62471
        0.802707      -0.0792933         1.88776
         1.74824         -1.4456         2.32278
       -0.600712          1.1415        0.141817
        -1.69838        -0.35819         1.41194
        -1.57939          1.9851        -1.72683
         1.51033       0.0266885        -2.34026
        -1.14359        0.478818        -1.46405
        -1.15682         1.24252         0.78166
        0.238391       -0.284669        -1.70139
       -0.756052          1.2948       0.0737808
      -0.0773635        -1.21662       -0.192542
       -0.258285       -0.508177        -1.10108
        -1.07117         1.97798        0.579331
         1.03735        0.954105       -0.427496
        -1.06831         -1.1503        0.484393
         1.21563         0.48817        -1.35694
        0.980783         1.26238        -1.34014
        -1.20512       -0.925635       -0.778763
        0.171802        -1.31078        0.303906
       -0.309269         0.15836        0.826797
        -1.42508         1.15126        0.124062
       -0.679383       -0.497601         2.51026
        0.232342         0.53125        0.208209
          1.1774        0.990981         2.15867
       -0.629654         1.10937       -0.399226
          3.2633         1.01268        -0.90667
       0.0453693        0.479631        -1.23593
       -0.688535        0.909987        -0.68105
       -0.649089       0.0539375       -0.403498
       0.0241957        -0.34603        -1.37978
        -1.16191        -1.71624       -0.517158
        -1.52089        -1.21576       -0.210584
       -0.601357        0.371809         2.42298
