1.10       1          1.10811    1.10811    0.00000
1.10       2          1.18750    1.14780    0.02807
1.10       3          1.25286    1.18282    0.03417
1.10       4          1.28147    1.20749    0.03336
1.10       5          1.31520    1.22903    0.03292
1.10       6          1.31005    1.24253    0.03007
1.10       7          1.29740    1.25037    0.02678
1.10       8          1.30603    1.25733    0.02432
1.10       9          1.30439    1.26256    0.02217
1.10       10         1.33551    1.26985    0.02112
1.10       11         1.34105    1.27633    0.02017
1.10       12         1.33188    1.28095    0.01901
1.10       13         1.33793    1.28534    0.01805
1.10       14         1.31068    1.28715    0.01685
1.10       15         1.31554    1.28904    0.01583
1.10       16         1.30418    1.28999    0.01487
1.10       17         1.30424    1.29083    0.01402
1.10       18         1.30908    1.29184    0.01328
1.10       19         1.28995    1.29174    0.01258
1.10       20         1.34314    1.29431    0.01221
1.10       21         1.36151    1.29751    0.01204
1.10       22         1.37945    1.30123    0.01205
1.10       23         1.36988    1.30422    0.01189
1.10       24         1.37058    1.30698    0.01172
1.10       25         1.32699    1.30778    0.01127
1.10       26         1.32317    1.30838    0.01086
1.10       27         1.32789    1.30910    0.01048
1.10       28         1.32206    1.30956    0.01011
1.10       29         1.32527    1.31010    0.00978
1.10       30         1.36766    1.31202    0.00964
1.10       31         1.34861    1.31320    0.00940
1.10       32         1.34822    1.31430    0.00917
1.10       33         1.31475    1.31431    0.00889
1.10       34         1.30885    1.31415    0.00863
1.10       35         1.33208    1.31466    0.00840
1.10       36         1.35089    1.31567    0.00823
1.10       37         1.32875    1.31602    0.00801
1.10       38         1.33038    1.31640    0.00781
1.10       39         1.31319    1.31632    0.00761
1.10       40         1.29960    1.31590    0.00743
1.10       41         1.30842    1.31572    0.00725
1.10       42         1.32090    1.31584    0.00708
1.10       43         1.33154    1.31621    0.00693
1.10       44         1.31388    1.31615    0.00677
1.10       45         1.28598    1.31548    0.00665
1.10       46         1.28932    1.31491    0.00653
1.10       47         1.28662    1.31431    0.00642
1.10       48         1.27971    1.31359    0.00633
1.10       49         1.32349    1.31379    0.00620
1.10       50         1.30361    1.31359    0.00608
1.10       51         1.30911    1.31350    0.00596
1.10       52         1.30568    1.31335    0.00585
1.10       53         1.29820    1.31306    0.00575
1.10       54         1.30465    1.31291    0.00564
1.10       55         1.29800    1.31264    0.00555
1.10       56         1.31214    1.31263    0.00545
1.10       57         1.30496    1.31249    0.00535
1.10       58         1.28178    1.31196    0.00529
1.10       59         1.29542    1.31168    0.00520
1.10       60         1.30518    1.31158    0.00512
1.10       61         1.30791    1.31152    0.00504
1.10       62         1.29756    1.31129    0.00496
1.10       63         1.29052    1.31096    0.00489
1.10       64         1.30220    1.31082    0.00482
1.10       65         1.29354    1.31056    0.00475
1.10       66         1.30380    1.31046    0.00468
1.10       67         1.32259    1.31064    0.00461
1.10       68         1.31778    1.31074    0.00455
1.10       69         1.32625    1.31097    0.00449
1.10       70         1.31679    1.31105    0.00442
1.10       71         1.26781    1.31044    0.00440
1.10       72         1.28563    1.31010    0.00435
1.10       73         1.32717    1.31033    0.00430
1.10       74         1.34413    1.31079    0.00427
1.10       75         1.32809    1.31102    0.00422
1.10       76         1.38162    1.31195    0.00426
1.10       77         1.33806    1.31229    0.00422
1.10       78         1.33219    1.31254    0.00417
1.10       79         1.34174    1.31291    0.00414
1.10       80         1.36699    1.31359    0.00414
1.10       81         1.36750    1.31425    0.00414
1.10       82         1.32435    1.31438    0.00409
1.10       83         1.31267    1.31436    0.00404
1.10       84         1.34053    1.31467    0.00401
1.10       85         1.34573    1.31503    0.00398
1.10       86         1.35492    1.31550    0.00396
1.10       87         1.35045    1.31590    0.00393
1.10       88         1.36472    1.31645    0.00393
1.10       89         1.32324    1.31653    0.00388
1.10       90         1.33009    1.31668    0.00384
1.10       91         1.33338    1.31686    0.00381
1.10       92         1.31962    1.31689    0.00376
1.10       93         1.30882    1.31681    0.00373
1.10       94         1.31045    1.31674    0.00369
1.10       95         1.31793    1.31675    0.00365
1.10       96         1.33039    1.31689    0.00361
1.10       97         1.32257    1.31695    0.00358
1.10       98         1.33406    1.31713    0.00354
1.10       99         1.31125    1.31707    0.00351
1.10       100        1.29949    1.31689    0.00348
1.10       101        1.29423    1.31667    0.00345
1.10       102        1.31042    1.31661    0.00342
1.10       103        1.32670    1.31670    0.00338
1.10       104        1.31390    1.31668    0.00335
1.10       105        1.32834    1.31679    0.00332
1.10       106        1.31030    1.31673    0.00329
1.10       107        1.29622    1.31653    0.00327
1.10       108        1.32365    1.31660    0.00324
1.10       109        1.32813    1.31671    0.00321
1.10       110        1.30168    1.31657    0.00318
1.10       111        1.28322    1.31627    0.00317
1.10       112        1.31896    1.31629    0.00314
1.10       113        1.33040    1.31642    0.00311
1.10       114        1.33614    1.31659    0.00309
1.10       115        1.33480    1.31675    0.00307
1.10       116        1.32659    1.31683    0.00304
1.10       117        1.28963    1.31660    0.00303
1.10       118        1.28086    1.31630    0.00302
1.10       119        1.30117    1.31617    0.00299
1.10       120        1.29420    1.31599    0.00297
1.10       121        1.28208    1.31571    0.00296
1.10       122        1.29870    1.31557    0.00294
1.10       123        1.29969    1.31544    0.00292
1.10       124        1.34725    1.31570    0.00291
1.10       125        1.34250    1.31591    0.00289
1.10       126        1.32633    1.31599    0.00287
1.10       127        1.32246    1.31604    0.00285
1.10       128        1.30255    1.31594    0.00283
1.10       129        1.33638    1.31610    0.00281
1.10       130        1.35932    1.31643    0.00281
1.10       131        1.36295    1.31679    0.00281
1.10       132        1.34813    1.31702    0.00280
1.10       133        1.35369    1.31730    0.00279
1.10       134        1.35271    1.31756    0.00278
1.10       135        1.33134    1.31766    0.00276
1.10       136        1.34849    1.31789    0.00275
1.10       137        1.33585    1.31802    0.00274
1.10       138        1.35408    1.31828    0.00273
1.10       139        1.35335    1.31854    0.00272
1.10       140        1.34550    1.31873    0.00271
1.10       141        1.31631    1.31871    0.00269
1.10       142        1.32148    1.31873    0.00267
1.10       143        1.35539    1.31899    0.00266
1.10       144        1.34776    1.31919    0.00265
1.10       145        1.37564    1.31958    0.00266
1.10       146        1.40382    1.32015    0.00271
1.10       147        1.40805    1.32075    0.00275
1.10       148        1.36731    1.32107    0.00275
1.10       149        1.35473    1.32129    0.00274
1.10       150        1.35344    1.32151    0.00273
1.10       151        1.38311    1.32191    0.00275
1.10       152        1.37198    1.32224    0.00275
1.10       153        1.37638    1.32260    0.00275
1.10       154        1.31727    1.32256    0.00273
1.10       155        1.29962    1.32241    0.00272
1.10       156        1.33906    1.32252    0.00271
1.10       157        1.33096    1.32258    0.00269
1.10       158        1.30386    1.32246    0.00267
1.10       159        1.30211    1.32233    0.00266
1.10       160        1.29372    1.32215    0.00265
1.10       161        1.29485    1.32198    0.00264
1.10       162        1.33199    1.32204    0.00262
1.10       163        1.30777    1.32195    0.00261
1.10       164        1.31732    1.32193    0.00259
1.10       165        1.31862    1.32191    0.00258
1.10       166        1.27875    1.32165    0.00257
1.10       167        1.32167    1.32165    0.00256
1.10       168        1.32621    1.32167    0.00254
1.10       169        1.34780    1.32183    0.00253
1.10       170        1.33267    1.32189    0.00252
1.10       171        1.30909    1.32182    0.00251
1.10       172        1.32329    1.32183    0.00249
1.10       173        1.32825    1.32186    0.00248
1.10       174        1.32165    1.32186    0.00246
1.10       175        1.29779    1.32172    0.00245
1.10       176        1.32201    1.32173    0.00244
1.10       177        1.28900    1.32154    0.00243
1.10       178        1.30696    1.32146    0.00242
1.10       179        1.32224    1.32146    0.00241
1.10       180        1.32108    1.32146    0.00239
1.10       181        1.31263    1.32141    0.00238
1.10       182        1.32977    1.32146    0.00237
1.10       183        1.32977    1.32150    0.00236
1.10       184        1.32933    1.32155    0.00234
1.10       185        1.34911    1.32170    0.00234
1.10       186        1.34619    1.32183    0.00233
1.10       187        1.37053    1.32209    0.00233
1.10       188        1.36125    1.32230    0.00233
1.10       189        1.34186    1.32240    0.00232
1.10       190        1.33654    1.32247    0.00230
1.10       191        1.34599    1.32260    0.00230
1.10       192        1.35306    1.32276    0.00229
1.10       193        1.34677    1.32288    0.00228
1.10       194        1.34736    1.32301    0.00227
1.10       195        1.32598    1.32302    0.00226
1.10       196        1.33710    1.32309    0.00225
1.10       197        1.35859    1.32327    0.00225
1.10       198        1.33526    1.32333    0.00224
1.10       199        1.30959    1.32326    0.00223
1.10       200        1.30646    1.32318    0.00222
1.10       201        1.35923    1.32336    0.00221
1.10       202        1.37375    1.32361    0.00222
1.10       203        1.32430    1.32361    0.00220
1.10       204        1.31327    1.32356    0.00219
1.10       205        1.34945    1.32369    0.00219
1.10       206        1.34266    1.32378    0.00218
1.10       207        1.33020    1.32381    0.00217
1.10       208        1.35447    1.32396    0.00216
1.10       209        1.36795    1.32417    0.00216
1.10       210        1.37584    1.32442    0.00217
1.10       211        1.32279    1.32441    0.00216
1.10       212        1.31186    1.32435    0.00215
1.10       213        1.33366    1.32439    0.00214
1.10       214        1.30949    1.32432    0.00213
1.10       215        1.33455    1.32437    0.00212
1.10       216        1.29785    1.32425    0.00211
1.10       217        1.28273    1.32406    0.00211
1.10       218        1.30925    1.32399    0.00210
1.10       219        1.30967    1.32392    0.00209
1.10       220        1.34538    1.32402    0.00209
1.10       221        1.35936    1.32418    0.00208
1.10       222        1.35341    1.32431    0.00208
1.10       223        1.34761    1.32442    0.00207
1.10       224        1.36859    1.32461    0.00207
1.10       225        1.35780    1.32476    0.00207
1.10       226        1.36223    1.32493    0.00207
1.10       227        1.33288    1.32496    0.00206
1.10       228        1.35127    1.32508    0.00205
1.10       229        1.32481    1.32508    0.00204
1.10       230        1.31285    1.32502    0.00203
1.10       231        1.31184    1.32497    0.00203
1.10       232        1.29886    1.32485    0.00202
1.10       233        1.29076    1.32471    0.00202
1.10       234        1.27837    1.32451    0.00202
1.10       235        1.28732    1.32435    0.00202
1.10       236        1.31193    1.32430    0.00201
1.10       237        1.30190    1.32420    0.00200
1.10       238        1.34106    1.32427    0.00199
1.10       239        1.32304    1.32427    0.00199
1.10       240        1.32075    1.32425    0.00198
1.10       241        1.31364    1.32421    0.00197
1.10       242        1.28955    1.32407    0.00197
1.10       243        1.30039    1.32397    0.00196
1.10       244        1.31592    1.32394    0.00195
1.10       245        1.29087    1.32380    0.00195
1.10       246        1.31542    1.32377    0.00194
1.10       247        1.36426    1.32393    0.00194
1.10       248        1.31983    1.32392    0.00193
1.10       249        1.29934    1.32382    0.00193
1.10       250        1.30472    1.32374    0.00192
1.10       251        1.31526    1.32371    0.00191
1.10       252        1.30541    1.32363    0.00191
1.10       253        1.31999    1.32362    0.00190
1.10       254        1.33956    1.32368    0.00189
1.10       255        1.34201    1.32375    0.00189
1.10       256        1.37669    1.32396    0.00189
1.10       257        1.33047    1.32399    0.00189
1.10       258        1.33728    1.32404    0.00188
1.10       259        1.32475    1.32404    0.00187
1.10       260        1.29784    1.32394    0.00187
1.10       261        1.32847    1.32396    0.00186
1.10       262        1.39536    1.32423    0.00187
1.10       263        1.38141    1.32445    0.00188
1.10       264        1.37271    1.32463    0.00188
1.10       265        1.35035    1.32473    0.00188
1.10       266        1.37185    1.32490    0.00188
1.10       267        1.38189    1.32512    0.00188
1.10       268        1.38932    1.32536    0.00189
1.10       269        1.38927    1.32559    0.00190
1.10       270        1.34237    1.32566    0.00189
1.10       271        1.34289    1.32572    0.00189
1.10       272        1.32368    1.32571    0.00188
1.10       273        1.34303    1.32578    0.00187
1.10       274        1.32048    1.32576    0.00187
1.10       275        1.29537    1.32565    0.00186
1.10       276        1.30592    1.32557    0.00186
1.10       277        1.29510    1.32546    0.00185
1.10       278        1.31300    1.32542    0.00185
1.10       279        1.32876    1.32543    0.00184
1.10       280        1.30018    1.32534    0.00184
1.10       281        1.31735    1.32531    0.00183
1.10       282        1.32959    1.32533    0.00182
1.10       283        1.35516    1.32543    0.00182
1.10       284        1.34556    1.32550    0.00182
1.10       285        1.32541    1.32550    0.00181
1.10       286        1.29201    1.32539    0.00181
1.10       287        1.32128    1.32537    0.00180
1.10       288        1.38045    1.32556    0.00180
1.10       289        1.36251    1.32569    0.00180
1.10       290        1.38381    1.32589    0.00181
1.10       291        1.35501    1.32599    0.00180
1.10       292        1.31362    1.32595    0.00180
1.10       293        1.33436    1.32598    0.00179
1.10       294        1.34170    1.32603    0.00179
1.10       295        1.32340    1.32602    0.00178
1.10       296        1.33254    1.32605    0.00178
1.10       297        1.31672    1.32601    0.00177
1.10       298        1.32225    1.32600    0.00176
1.10       299        1.35393    1.32609    0.00176
1.10       300        1.34351    1.32615    0.00176
1.10       301        1.34250    1.32621    0.00175
1.10       302        1.33006    1.32622    0.00174
1.10       303        1.31478    1.32618    0.00174
1.10       304        1.29916    1.32609    0.00174
1.10       305        1.30462    1.32602    0.00173
1.10       306        1.30728    1.32596    0.00173
1.10       307        1.34475    1.32602    0.00172
1.10       308        1.34375    1.32608    0.00172
1.10       309        1.33129    1.32610    0.00171
1.10       310        1.32694    1.32610    0.00171
1.10       311        1.33660    1.32613    0.00170
1.10       312        1.34961    1.32621    0.00170
1.10       313        1.35188    1.32629    0.00169
1.10       314        1.37183    1.32644    0.00170
1.10       315        1.35007    1.32651    0.00169
1.10       316        1.35740    1.32661    0.00169
1.10       317        1.35547    1.32670    0.00169
1.10       318        1.38040    1.32687    0.00169
1.10       319        1.37946    1.32703    0.00169
1.10       320        1.32891    1.32704    0.00169
1.10       321        1.31202    1.32699    0.00168
1.10       322        1.33211    1.32701    0.00168
1.10       323        1.32246    1.32699    0.00167
1.10       324        1.32734    1.32700    0.00167
1.10       325        1.34149    1.32704    0.00166
1.10       326        1.37398    1.32718    0.00166
1.10       327        1.36219    1.32729    0.00166
1.10       328        1.31181    1.32724    0.00166
1.10       329        1.33962    1.32728    0.00165
1.10       330        1.38693    1.32746    0.00166
1.10       331        1.35161    1.32754    0.00165
1.10       332        1.36828    1.32766    0.00165
1.10       333        1.36760    1.32778    0.00165
1.10       334        1.35395    1.32786    0.00165
1.10       335        1.32480    1.32785    0.00164
1.10       336        1.32352    1.32783    0.00164
1.10       337        1.34285    1.32788    0.00164
1.10       338        1.31955    1.32785    0.00163
1.10       339        1.30364    1.32778    0.00163
1.10       340        1.29349    1.32768    0.00163
1.10       341        1.28187    1.32755    0.00163
1.10       342        1.29349    1.32745    0.00163
1.10       343        1.33527    1.32747    0.00162
1.10       344        1.36058    1.32757    0.00162
1.10       345        1.32734    1.32757    0.00161
1.10       346        1.34918    1.32763    0.00161
1.10       347        1.34140    1.32767    0.00161
1.10       348        1.32759    1.32767    0.00160
1.10       349        1.34133    1.32771    0.00160
1.10       350        1.33130    1.32772    0.00159
1.10       351        1.31144    1.32767    0.00159
1.10       352        1.30845    1.32762    0.00159
1.10       353        1.33945    1.32765    0.00158
1.10       354        1.34734    1.32771    0.00158
1.10       355        1.33325    1.32772    0.00157
1.10       356        1.36424    1.32782    0.00157
1.10       357        1.34316    1.32787    0.00157
1.10       358        1.35715    1.32795    0.00157
1.10       359        1.36480    1.32805    0.00157
1.10       360        1.33705    1.32808    0.00156
1.10       361        1.36155    1.32817    0.00156
1.10       362        1.31944    1.32815    0.00156
1.10       363        1.30550    1.32808    0.00155
1.10       364        1.32826    1.32808    0.00155
1.10       365        1.32446    1.32807    0.00154
1.10       366        1.34093    1.32811    0.00154
1.10       367        1.36779    1.32822    0.00154
1.10       368        1.39350    1.32839    0.00155
1.10       369        1.38046    1.32854    0.00155
1.10       370        1.36045    1.32862    0.00155
1.10       371        1.32606    1.32861    0.00154
1.10       372        1.32115    1.32859    0.00154
1.10       373        1.31837    1.32857    0.00153
1.10       374        1.31017    1.32852    0.00153
1.10       375        1.31869    1.32849    0.00153
1.10       376        1.35488    1.32856    0.00152
1.10       377        1.35232    1.32862    0.00152
1.10       378        1.32299    1.32861    0.00152
1.10       379        1.32259    1.32859    0.00151
1.10       380        1.31439    1.32856    0.00151
1.10       381        1.29064    1.32846    0.00151
1.10       382        1.28347    1.32834    0.00151
1.10       383        1.29665    1.32826    0.00151
1.10       384        1.31404    1.32822    0.00151
1.10       385        1.33066    1.32823    0.00150
1.10       386        1.33037    1.32823    0.00150
1.10       387        1.31553    1.32820    0.00149
1.10       388        1.33826    1.32822    0.00149
1.10       389        1.33752    1.32825    0.00149
1.10       390        1.34936    1.32830    0.00148
1.10       391        1.37256    1.32842    0.00148
1.10       392        1.36907    1.32852    0.00148
1.10       393        1.33249    1.32853    0.00148
1.10       394        1.34313    1.32857    0.00148
1.10       395        1.34651    1.32861    0.00147
1.10       396        1.33750    1.32863    0.00147
1.10       397        1.30654    1.32858    0.00147
1.10       398        1.33435    1.32859    0.00146
1.10       399        1.35147    1.32865    0.00146
1.10       400        1.35693    1.32872    0.00146
1.10       401        1.33377    1.32873    0.00146
1.10       402        1.33343    1.32875    0.00145
1.10       403        1.36992    1.32885    0.00145
1.10       404        1.35157    1.32890    0.00145
1.10       405        1.34659    1.32895    0.00145
1.10       406        1.36311    1.32903    0.00145
1.10       407        1.33021    1.32903    0.00144
1.10       408        1.31136    1.32899    0.00144
1.10       409        1.32665    1.32899    0.00144
1.10       410        1.35148    1.32904    0.00143
1.10       411        1.34436    1.32908    0.00143
1.10       412        1.34643    1.32912    0.00143
1.10       413        1.36123    1.32920    0.00143
1.10       414        1.32846    1.32920    0.00142
1.10       415        1.31738    1.32917    0.00142
1.10       416        1.33623    1.32918    0.00142
1.10       417        1.35549    1.32925    0.00141
1.10       418        1.31333    1.32921    0.00141
1.10       419        1.32991    1.32921    0.00141
1.10       420        1.36630    1.32930    0.00141
1.10       421        1.34511    1.32934    0.00141
1.10       422        1.34620    1.32938    0.00140
1.10       423        1.35648    1.32944    0.00140
1.10       424        1.38406    1.32957    0.00140
1.10       425        1.38144    1.32969    0.00141
1.10       426        1.33851    1.32971    0.00140
1.10       427        1.34708    1.32975    0.00140
1.10       428        1.36421    1.32983    0.00140
1.10       429        1.36767    1.32992    0.00140
1.10       430        1.38255    1.33004    0.00140
1.10       431        1.38208    1.33017    0.00140
1.10       432        1.36782    1.33025    0.00140
1.10       433        1.37590    1.33036    0.00140
1.10       434        1.38150    1.33048    0.00140
1.10       435        1.41262    1.33066    0.00141
1.10       436        1.35185    1.33071    0.00141
1.10       437        1.32005    1.33069    0.00141
1.10       438        1.34011    1.33071    0.00140
1.10       439        1.33756    1.33073    0.00140
1.10       440        1.34491    1.33076    0.00140
1.10       441        1.36054    1.33083    0.00140
1.10       442        1.32037    1.33080    0.00139
1.10       443        1.33745    1.33082    0.00139
1.10       444        1.30978    1.33077    0.00139
1.10       445        1.28568    1.33067    0.00139
1.10       446        1.32511    1.33066    0.00139
1.10       447        1.31017    1.33061    0.00138
1.10       448        1.33366    1.33062    0.00138
1.10       449        1.35804    1.33068    0.00138
1.10       450        1.34454    1.33071    0.00138
1.10       451        1.32023    1.33069    0.00137
1.10       452        1.37318    1.33078    0.00137
1.10       453        1.40490    1.33094    0.00138
1.10       454        1.39161    1.33108    0.00138
1.10       455        1.33551    1.33109    0.00138
1.10       456        1.31860    1.33106    0.00138
1.10       457        1.32717    1.33105    0.00138
1.10       458        1.34630    1.33108    0.00137
1.10       459        1.34387    1.33111    0.00137
1.10       460        1.35755    1.33117    0.00137
1.10       461        1.35597    1.33122    0.00137
1.10       462        1.33759    1.33124    0.00136
1.10       463        1.31754    1.33121    0.00136
1.10       464        1.30708    1.33115    0.00136
1.10       465        1.30280    1.33109    0.00136
1.10       466        1.31379    1.33106    0.00135
1.10       467        1.30738    1.33101    0.00135
1.10       468        1.30001    1.33094    0.00135
1.10       469        1.30197    1.33088    0.00135
1.10       470        1.31702    1.33085    0.00135
1.10       471        1.33859    1.33087    0.00134
1.10       472        1.33376    1.33087    0.00134
1.10       473        1.33776    1.33089    0.00134
1.10       474        1.33017    1.33088    0.00134
1.10       475        1.35337    1.33093    0.00133
1.10       476        1.34074    1.33095    0.00133
1.10       477        1.31763    1.33092    0.00133
1.10       478        1.29311    1.33085    0.00133
1.10       479        1.30448    1.33079    0.00133
1.10       480        1.32340    1.33077    0.00132
1.10       481        1.30674    1.33072    0.00132
1.10       482        1.32064    1.33070    0.00132
1.10       483        1.33754    1.33072    0.00132
1.10       484        1.29309    1.33064    0.00132
1.10       485        1.30394    1.33059    0.00132
1.10       486        1.31006    1.33054    0.00131
1.10       487        1.31610    1.33051    0.00131
1.10       488        1.31087    1.33047    0.00131
1.10       489        1.32271    1.33046    0.00131
1.10       490        1.33523    1.33047    0.00130
1.10       491        1.34406    1.33049    0.00130
1.10       492        1.34541    1.33052    0.00130
1.10       493        1.35389    1.33057    0.00130
1.10       494        1.34702    1.33061    0.00130
1.10       495        1.33689    1.33062    0.00129
1.10       496        1.33011    1.33062    0.00129
1.10       497        1.30212    1.33056    0.00129
1.10       498        1.30684    1.33051    0.00129
1.10       499        1.31059    1.33047    0.00129
1.10       500        1.29811    1.33041    0.00128
