1.25       1          1.25974    1.25974    0.00000
1.25       2          1.34453    1.30214    0.02998
1.25       3          1.40746    1.33725    0.03494
1.25       4          1.42898    1.36018    0.03288
1.25       5          1.44839    1.37782    0.03068
1.25       6          1.43261    1.38695    0.02689
1.25       7          1.41684    1.39122    0.02338
1.25       8          1.42363    1.39527    0.02081
1.25       9          1.41065    1.39698    0.01857
1.25       10         1.42689    1.39997    0.01695
1.25       11         1.43554    1.40321    0.01571
1.25       12         1.44317    1.40654    0.01475
1.25       13         1.44546    1.40953    0.01392
1.25       14         1.43620    1.41143    0.01305
1.25       15         1.46611    1.41508    0.01268
1.25       16         1.47219    1.41865    0.01238
1.25       17         1.46705    1.42150    0.01198
1.25       18         1.48293    1.42491    0.01179
1.25       19         1.48338    1.42799    0.01156
1.25       20         1.48941    1.43106    0.01138
1.25       21         1.48472    1.43361    0.01113
1.25       22         1.47530    1.43551    0.01078
1.25       23         1.47154    1.43708    0.01042
1.25       24         1.45820    1.43796    0.01003
1.25       25         1.44692    1.43831    0.00963
1.25       26         1.46619    1.43939    0.00932
1.25       27         1.44491    1.43959    0.00898
1.25       28         1.44845    1.43991    0.00866
1.25       29         1.44186    1.43997    0.00836
1.25       30         1.43859    1.43993    0.00809
1.25       31         1.46850    1.44085    0.00788
1.25       32         1.43230    1.44058    0.00764
1.25       33         1.42953    1.44025    0.00741
1.25       34         1.46790    1.44106    0.00724
1.25       35         1.47151    1.44193    0.00708
1.25       36         1.46303    1.44252    0.00691
1.25       37         1.47954    1.44352    0.00680
1.25       38         1.47458    1.44434    0.00667
1.25       39         1.45615    1.44464    0.00650
1.25       40         1.46259    1.44509    0.00636
1.25       41         1.43971    1.44496    0.00620
1.25       42         1.45148    1.44511    0.00606
1.25       43         1.43740    1.44493    0.00592
1.25       44         1.44593    1.44495    0.00578
1.25       45         1.44147    1.44488    0.00566
1.25       46         1.44809    1.44495    0.00553
1.25       47         1.46520    1.44538    0.00543
1.25       48         1.44820    1.44544    0.00532
1.25       49         1.44796    1.44549    0.00521
1.25       50         1.46955    1.44597    0.00513
1.25       51         1.45989    1.44624    0.00504
1.25       52         1.47348    1.44677    0.00497
1.25       53         1.47617    1.44732    0.00490
1.25       54         1.49069    1.44812    0.00488
1.25       55         1.51015    1.44925    0.00492
1.25       56         1.50078    1.45017    0.00491
1.25       57         1.47495    1.45061    0.00485
1.25       58         1.45463    1.45068    0.00476
1.25       59         1.46243    1.45088    0.00469
1.25       60         1.46218    1.45106    0.00461
1.25       61         1.47645    1.45148    0.00456
1.25       62         1.49349    1.45216    0.00453
1.25       63         1.49178    1.45279    0.00451
1.25       64         1.48544    1.45330    0.00446
1.25       65         1.46931    1.45354    0.00440
1.25       66         1.45494    1.45356    0.00433
1.25       67         1.48690    1.45406    0.00430
1.25       68         1.46392    1.45421    0.00424
1.25       69         1.45168    1.45417    0.00418
1.25       70         1.46052    1.45426    0.00412
1.25       71         1.47026    1.45449    0.00407
1.25       72         1.47646    1.45479    0.00402
1.25       73         1.47370    1.45505    0.00397
1.25       74         1.49160    1.45554    0.00395
1.25       75         1.47392    1.45579    0.00391
1.25       76         1.47070    1.45599    0.00386
1.25       77         1.47175    1.45619    0.00381
1.25       78         1.48228    1.45652    0.00378
1.25       79         1.48085    1.45683    0.00375
1.25       80         1.47728    1.45709    0.00371
1.25       81         1.50670    1.45770    0.00371
1.25       82         1.50867    1.45832    0.00372
1.25       83         1.47962    1.45858    0.00368
1.25       84         1.48233    1.45886    0.00365
1.25       85         1.50087    1.45936    0.00364
1.25       86         1.48891    1.45970    0.00361
1.25       87         1.50931    1.46027    0.00362
1.25       88         1.51629    1.46091    0.00363
1.25       89         1.53211    1.46171    0.00368
1.25       90         1.50877    1.46223    0.00367
1.25       91         1.48505    1.46248    0.00364
1.25       92         1.46246    1.46248    0.00360
1.25       93         1.46691    1.46253    0.00356
1.25       94         1.45521    1.46245    0.00353
1.25       95         1.44865    1.46230    0.00349
1.25       96         1.42987    1.46197    0.00347
1.25       97         1.45562    1.46190    0.00344
1.25       98         1.43714    1.46165    0.00341
1.25       99         1.42777    1.46131    0.00339
1.25       100        1.46801    1.46137    0.00336
1.25       101        1.49893    1.46175    0.00335
1.25       102        1.48646    1.46199    0.00332
1.25       103        1.46179    1.46199    0.00329
1.25       104        1.44717    1.46184    0.00326
1.25       105        1.45914    1.46182    0.00323
1.25       106        1.46455    1.46184    0.00320
1.25       107        1.49866    1.46219    0.00319
1.25       108        1.51559    1.46268    0.00320
1.25       109        1.49391    1.46297    0.00318
1.25       110        1.46482    1.46299    0.00315
1.25       111        1.49569    1.46328    0.00314
1.25       112        1.47231    1.46336    0.00311
1.25       113        1.49211    1.46361    0.00309
1.25       114        1.46488    1.46363    0.00307
1.25       115        1.46111    1.46360    0.00304
1.25       116        1.48617    1.46380    0.00302
1.25       117        1.46892    1.46384    0.00300
1.25       118        1.48104    1.46399    0.00297
1.25       119        1.48599    1.46417    0.00295
1.25       120        1.48568    1.46435    0.00294
1.25       121        1.52360    1.46484    0.00295
1.25       122        1.49128    1.46506    0.00294
1.25       123        1.46786    1.46508    0.00291
1.25       124        1.46575    1.46509    0.00289
1.25       125        1.46017    1.46505    0.00287
1.25       126        1.46817    1.46507    0.00284
1.25       127        1.47298    1.46513    0.00282
1.25       128        1.45777    1.46508    0.00280
1.25       129        1.48029    1.46519    0.00278
1.25       130        1.45411    1.46511    0.00276
1.25       131        1.47082    1.46515    0.00274
1.25       132        1.45869    1.46510    0.00272
1.25       133        1.49190    1.46531    0.00271
1.25       134        1.46764    1.46532    0.00269
1.25       135        1.46043    1.46529    0.00267
1.25       136        1.47930    1.46539    0.00265
1.25       137        1.51312    1.46574    0.00265
1.25       138        1.50666    1.46603    0.00265
1.25       139        1.51188    1.46636    0.00265
1.25       140        1.50762    1.46666    0.00265
1.25       141        1.50306    1.46692    0.00264
1.25       142        1.45289    1.46682    0.00263
1.25       143        1.47580    1.46688    0.00261
1.25       144        1.47500    1.46694    0.00259
1.25       145        1.43191    1.46670    0.00258
1.25       146        1.44166    1.46652    0.00257
1.25       147        1.45321    1.46643    0.00256
1.25       148        1.46396    1.46642    0.00254
1.25       149        1.43064    1.46618    0.00253
1.25       150        1.43349    1.46596    0.00253
1.25       151        1.45438    1.46588    0.00251
1.25       152        1.49335    1.46606    0.00250
1.25       153        1.48360    1.46618    0.00249
1.25       154        1.45867    1.46613    0.00247
1.25       155        1.47297    1.46617    0.00245
1.25       156        1.48705    1.46631    0.00244
1.25       157        1.47478    1.46636    0.00243
1.25       158        1.47457    1.46641    0.00241
1.25       159        1.48350    1.46652    0.00240
1.25       160        1.45824    1.46647    0.00239
1.25       161        1.47636    1.46653    0.00237
1.25       162        1.44559    1.46640    0.00236
1.25       163        1.44004    1.46624    0.00235
1.25       164        1.48294    1.46634    0.00234
1.25       165        1.47893    1.46642    0.00233
1.25       166        1.43928    1.46625    0.00232
1.25       167        1.45558    1.46619    0.00231
1.25       168        1.47028    1.46621    0.00229
1.25       169        1.44422    1.46608    0.00228
1.25       170        1.45390    1.46601    0.00227
1.25       171        1.45623    1.46596    0.00226
1.25       172        1.46724    1.46596    0.00224
1.25       173        1.48034    1.46605    0.00223
1.25       174        1.48355    1.46615    0.00222
1.25       175        1.50094    1.46635    0.00222
1.25       176        1.50002    1.46654    0.00221
1.25       177        1.46160    1.46651    0.00220
1.25       178        1.48496    1.46661    0.00219
1.25       179        1.49794    1.46679    0.00219
1.25       180        1.50690    1.46701    0.00219
1.25       181        1.51222    1.46726    0.00219
1.25       182        1.50518    1.46747    0.00219
1.25       183        1.50065    1.46765    0.00218
1.25       184        1.51269    1.46789    0.00218
1.25       185        1.49556    1.46804    0.00218
1.25       186        1.46521    1.46803    0.00216
1.25       187        1.43691    1.46786    0.00216
1.25       188        1.46618    1.46785    0.00215
1.25       189        1.48071    1.46792    0.00214
1.25       190        1.46784    1.46792    0.00213
1.25       191        1.46218    1.46789    0.00212
1.25       192        1.46371    1.46787    0.00210
1.25       193        1.47154    1.46789    0.00209
1.25       194        1.45820    1.46784    0.00208
1.25       195        1.50122    1.46801    0.00208
1.25       196        1.49602    1.46815    0.00207
1.25       197        1.47765    1.46820    0.00206
1.25       198        1.45701    1.46814    0.00205
1.25       199        1.48902    1.46825    0.00205
1.25       200        1.49794    1.46840    0.00204
1.25       201        1.51041    1.46861    0.00204
1.25       202        1.49792    1.46875    0.00204
1.25       203        1.48286    1.46882    0.00203
1.25       204        1.48035    1.46888    0.00202
1.25       205        1.47625    1.46891    0.00201
1.25       206        1.46398    1.46889    0.00200
1.25       207        1.49603    1.46902    0.00199
1.25       208        1.49904    1.46917    0.00199
1.25       209        1.49259    1.46928    0.00198
1.25       210        1.50417    1.46944    0.00198
1.25       211        1.47721    1.46948    0.00197
1.25       212        1.45016    1.46939    0.00197
1.25       213        1.43042    1.46921    0.00196
1.25       214        1.44588    1.46910    0.00196
1.25       215        1.44968    1.46901    0.00195
1.25       216        1.42851    1.46882    0.00195
1.25       217        1.44776    1.46872    0.00194
1.25       218        1.45072    1.46864    0.00194
1.25       219        1.43374    1.46848    0.00194
1.25       220        1.44711    1.46838    0.00193
1.25       221        1.45976    1.46834    0.00192
1.25       222        1.44421    1.46824    0.00192
1.25       223        1.42205    1.46803    0.00192
1.25       224        1.42019    1.46781    0.00192
1.25       225        1.41558    1.46758    0.00193
1.25       226        1.40480    1.46730    0.00194
1.25       227        1.42406    1.46711    0.00194
1.25       228        1.44565    1.46702    0.00193
1.25       229        1.42358    1.46683    0.00193
1.25       230        1.45111    1.46676    0.00193
1.25       231        1.44472    1.46667    0.00192
1.25       232        1.42737    1.46650    0.00192
1.25       233        1.43145    1.46635    0.00192
1.25       234        1.42936    1.46619    0.00192
1.25       235        1.46531    1.46619    0.00191
1.25       236        1.47359    1.46622    0.00190
1.25       237        1.48394    1.46629    0.00189
1.25       238        1.48492    1.46637    0.00189
1.25       239        1.50223    1.46652    0.00188
1.25       240        1.48617    1.46660    0.00188
1.25       241        1.50288    1.46675    0.00188
1.25       242        1.50819    1.46692    0.00188
1.25       243        1.47981    1.46698    0.00187
1.25       244        1.48323    1.46704    0.00186
1.25       245        1.48175    1.46710    0.00186
1.25       246        1.49716    1.46723    0.00185
1.25       247        1.49796    1.46735    0.00185
1.25       248        1.52074    1.46756    0.00185
1.25       249        1.49360    1.46767    0.00185
1.25       250        1.47250    1.46769    0.00184
1.25       251        1.47516    1.46772    0.00184
1.25       252        1.54769    1.46804    0.00186
1.25       253        1.53744    1.46831    0.00187
1.25       254        1.51704    1.46850    0.00187
1.25       255        1.49203    1.46859    0.00187
1.25       256        1.50279    1.46873    0.00186
1.25       257        1.51363    1.46890    0.00186
1.25       258        1.50776    1.46905    0.00186
1.25       259        1.49507    1.46915    0.00186
1.25       260        1.47461    1.46917    0.00185
1.25       261        1.50618    1.46932    0.00185
1.25       262        1.50454    1.46945    0.00185
1.25       263        1.49867    1.46956    0.00184
1.25       264        1.49471    1.46966    0.00184
1.25       265        1.48937    1.46973    0.00183
1.25       266        1.50183    1.46985    0.00183
1.25       267        1.49487    1.46995    0.00183
1.25       268        1.49174    1.47003    0.00182
1.25       269        1.49652    1.47013    0.00182
1.25       270        1.46219    1.47010    0.00181
1.25       271        1.43463    1.46997    0.00181
1.25       272        1.48263    1.47001    0.00180
1.25       273        1.48096    1.47005    0.00180
1.25       274        1.46962    1.47005    0.00179
1.25       275        1.46379    1.47003    0.00178
1.25       276        1.46855    1.47002    0.00178
1.25       277        1.46976    1.47002    0.00177
1.25       278        1.46784    1.47001    0.00176
1.25       279        1.45204    1.46995    0.00176
1.25       280        1.42535    1.46979    0.00176
1.25       281        1.44573    1.46970    0.00176
1.25       282        1.46156    1.46968    0.00175
1.25       283        1.47012    1.46968    0.00174
1.25       284        1.44696    1.46960    0.00174
1.25       285        1.47164    1.46960    0.00173
1.25       286        1.49030    1.46968    0.00173
1.25       287        1.49121    1.46975    0.00172
1.25       288        1.46101    1.46972    0.00172
1.25       289        1.47448    1.46974    0.00171
1.25       290        1.46735    1.46973    0.00171
1.25       291        1.45977    1.46970    0.00170
1.25       292        1.46618    1.46968    0.00170
1.25       293        1.46220    1.46966    0.00169
1.25       294        1.44860    1.46959    0.00169
1.25       295        1.46199    1.46956    0.00168
1.25       296        1.49044    1.46963    0.00168
1.25       297        1.47296    1.46964    0.00167
1.25       298        1.48407    1.46969    0.00167
1.25       299        1.50174    1.46980    0.00166
1.25       300        1.48007    1.46983    0.00166
1.25       301        1.47390    1.46985    0.00165
1.25       302        1.42942    1.46971    0.00165
1.25       303        1.48600    1.46977    0.00165
1.25       304        1.48795    1.46983    0.00164
1.25       305        1.49589    1.46991    0.00164
1.25       306        1.48766    1.46997    0.00164
1.25       307        1.52281    1.47014    0.00164
1.25       308        1.50631    1.47026    0.00164
1.25       309        1.49728    1.47035    0.00164
1.25       310        1.48629    1.47040    0.00163
1.25       311        1.49327    1.47047    0.00163
1.25       312        1.51336    1.47061    0.00163
1.25       313        1.49946    1.47070    0.00163
1.25       314        1.47462    1.47071    0.00162
1.25       315        1.44657    1.47064    0.00162
1.25       316        1.44155    1.47054    0.00162
1.25       317        1.47059    1.47054    0.00161
1.25       318        1.44634    1.47047    0.00161
1.25       319        1.45878    1.47043    0.00160
1.25       320        1.49402    1.47051    0.00160
1.25       321        1.47385    1.47052    0.00159
1.25       322        1.45412    1.47046    0.00159
1.25       323        1.45724    1.47042    0.00159
1.25       324        1.47185    1.47043    0.00158
1.25       325        1.44370    1.47035    0.00158
1.25       326        1.44497    1.47027    0.00157
1.25       327        1.45215    1.47021    0.00157
1.25       328        1.43568    1.47011    0.00157
1.25       329        1.42691    1.46998    0.00157
1.25       330        1.42918    1.46985    0.00157
1.25       331        1.45548    1.46981    0.00157
1.25       332        1.45273    1.46976    0.00156
1.25       333        1.48441    1.46980    0.00156
1.25       334        1.48160    1.46984    0.00155
1.25       335        1.46331    1.46982    0.00155
1.25       336        1.45820    1.46978    0.00155
1.25       337        1.47340    1.46979    0.00154
1.25       338        1.47646    1.46981    0.00154
1.25       339        1.49434    1.46989    0.00153
1.25       340        1.47451    1.46990    0.00153
1.25       341        1.45960    1.46987    0.00153
1.25       342        1.46414    1.46985    0.00152
1.25       343        1.48983    1.46991    0.00152
1.25       344        1.49980    1.47000    0.00152
1.25       345        1.48862    1.47005    0.00151
1.25       346        1.50610    1.47016    0.00151
1.25       347        1.51689    1.47029    0.00151
1.25       348        1.48133    1.47032    0.00151
1.25       349        1.48098    1.47035    0.00150
1.25       350        1.48795    1.47040    0.00150
1.25       351        1.44392    1.47033    0.00150
1.25       352        1.44542    1.47026    0.00150
1.25       353        1.49763    1.47033    0.00149
1.25       354        1.48707    1.47038    0.00149
1.25       355        1.50301    1.47047    0.00149
1.25       356        1.48616    1.47052    0.00149
1.25       357        1.46919    1.47051    0.00148
1.25       358        1.48186    1.47055    0.00148
1.25       359        1.44662    1.47048    0.00148
1.25       360        1.43241    1.47037    0.00147
1.25       361        1.45783    1.47034    0.00147
1.25       362        1.51688    1.47047    0.00147
1.25       363        1.54254    1.47067    0.00148
1.25       364        1.52159    1.47081    0.00148
1.25       365        1.51835    1.47094    0.00149
1.25       366        1.45508    1.47089    0.00148
1.25       367        1.44426    1.47082    0.00148
1.25       368        1.49593    1.47089    0.00148
1.25       369        1.48826    1.47094    0.00147
1.25       370        1.49363    1.47100    0.00147
1.25       371        1.50160    1.47108    0.00147
1.25       372        1.48167    1.47111    0.00147
1.25       373        1.43884    1.47102    0.00147
1.25       374        1.44271    1.47095    0.00146
1.25       375        1.43094    1.47084    0.00146
1.25       376        1.44293    1.47076    0.00146
1.25       377        1.45592    1.47072    0.00146
1.25       378        1.45842    1.47069    0.00145
1.25       379        1.44333    1.47062    0.00145
1.25       380        1.43994    1.47054    0.00145
1.25       381        1.48369    1.47057    0.00145
1.25       382        1.50144    1.47065    0.00145
1.25       383        1.51816    1.47078    0.00145
1.25       384        1.50814    1.47088    0.00145
1.25       385        1.48215    1.47091    0.00144
1.25       386        1.50862    1.47100    0.00144
1.25       387        1.51171    1.47111    0.00144
1.25       388        1.48222    1.47114    0.00144
1.25       389        1.47024    1.47113    0.00144
1.25       390        1.48317    1.47117    0.00143
1.25       391        1.48869    1.47121    0.00143
1.25       392        1.48592    1.47125    0.00143
1.25       393        1.48573    1.47128    0.00142
1.25       394        1.50681    1.47137    0.00142
1.25       395        1.50142    1.47145    0.00142
1.25       396        1.47576    1.47146    0.00142
1.25       397        1.46858    1.47145    0.00141
1.25       398        1.46680    1.47144    0.00141
1.25       399        1.46700    1.47143    0.00141
1.25       400        1.46864    1.47142    0.00140
1.25       401        1.48694    1.47146    0.00140
1.25       402        1.47302    1.47147    0.00140
1.25       403        1.44087    1.47139    0.00140
1.25       404        1.48084    1.47141    0.00139
1.25       405        1.51561    1.47152    0.00139
1.25       406        1.48979    1.47157    0.00139
1.25       407        1.45694    1.47153    0.00139
1.25       408        1.48452    1.47156    0.00138
1.25       409        1.54205    1.47174    0.00139
1.25       410        1.50779    1.47182    0.00139
1.25       411        1.52020    1.47194    0.00139
1.25       412        1.54027    1.47211    0.00140
1.25       413        1.54024    1.47227    0.00141
1.25       414        1.53946    1.47244    0.00141
1.25       415        1.49616    1.47249    0.00141
1.25       416        1.50986    1.47258    0.00141
1.25       417        1.50164    1.47265    0.00141
1.25       418        1.49098    1.47270    0.00140
1.25       419        1.51301    1.47279    0.00140
1.25       420        1.45744    1.47276    0.00140
1.25       421        1.47308    1.47276    0.00140
1.25       422        1.48036    1.47277    0.00139
1.25       423        1.46511    1.47276    0.00139
1.25       424        1.45820    1.47272    0.00139
1.25       425        1.43627    1.47264    0.00139
1.25       426        1.42309    1.47252    0.00139
1.25       427        1.43503    1.47243    0.00139
1.25       428        1.46323    1.47241    0.00139
1.25       429        1.44937    1.47236    0.00138
1.25       430        1.43610    1.47227    0.00138
1.25       431        1.40789    1.47212    0.00139
1.25       432        1.43188    1.47203    0.00139
1.25       433        1.46004    1.47200    0.00139
1.25       434        1.43858    1.47193    0.00138
1.25       435        1.46334    1.47191    0.00138
1.25       436        1.46045    1.47188    0.00138
1.25       437        1.43923    1.47180    0.00138
1.25       438        1.41895    1.47168    0.00138
1.25       439        1.43385    1.47160    0.00138
1.25       440        1.41189    1.47146    0.00138
1.25       441        1.43073    1.47137    0.00138
1.25       442        1.44071    1.47130    0.00138
1.25       443        1.46742    1.47129    0.00138
1.25       444        1.45155    1.47125    0.00138
1.25       445        1.45465    1.47121    0.00137
1.25       446        1.43850    1.47114    0.00137
1.25       447        1.47067    1.47114    0.00137
1.25       448        1.48383    1.47116    0.00137
1.25       449        1.47365    1.47117    0.00136
1.25       450        1.49445    1.47122    0.00136
1.25       451        1.49561    1.47128    0.00136
1.25       452        1.47918    1.47129    0.00136
1.25       453        1.49906    1.47135    0.00135
1.25       454        1.52116    1.47146    0.00136
1.25       455        1.51111    1.47155    0.00136
1.25       456        1.49392    1.47160    0.00135
1.25       457        1.50942    1.47168    0.00135
1.25       458        1.49735    1.47174    0.00135
1.25       459        1.51101    1.47182    0.00135
1.25       460        1.54635    1.47199    0.00136
1.25       461        1.51268    1.47207    0.00136
1.25       462        1.47880    1.47209    0.00135
1.25       463        1.48039    1.47211    0.00135
1.25       464        1.49224    1.47215    0.00135
1.25       465        1.50513    1.47222    0.00135
1.25       466        1.50950    1.47230    0.00135
1.25       467        1.51633    1.47240    0.00135
1.25       468        1.51430    1.47249    0.00135
1.25       469        1.51837    1.47258    0.00135
1.25       470        1.48146    1.47260    0.00135
1.25       471        1.48867    1.47264    0.00134
1.25       472        1.47893    1.47265    0.00134
1.25       473        1.49629    1.47270    0.00134
1.25       474        1.48058    1.47272    0.00134
1.25       475        1.49073    1.47275    0.00133
1.25       476        1.49425    1.47280    0.00133
1.25       477        1.48866    1.47283    0.00133
1.25       478        1.44913    1.47278    0.00133
1.25       479        1.44326    1.47272    0.00133
1.25       480        1.47364    1.47272    0.00132
1.25       481        1.44951    1.47267    0.00132
1.25       482        1.42811    1.47258    0.00132
1.25       483        1.43884    1.47251    0.00132
1.25       484        1.43737    1.47244    0.00132
1.25       485        1.46000    1.47241    0.00132
1.25       486        1.46638    1.47240    0.00132
1.25       487        1.46105    1.47238    0.00131
1.25       488        1.46719    1.47237    0.00131
1.25       489        1.45620    1.47233    0.00131
1.25       490        1.47493    1.47234    0.00131
1.25       491        1.45312    1.47230    0.00130
1.25       492        1.45740    1.47227    0.00130
1.25       493        1.46188    1.47225    0.00130
1.25       494        1.49531    1.47230    0.00130
1.25       495        1.50584    1.47236    0.00130
1.25       496        1.47911    1.47238    0.00129
1.25       497        1.48919    1.47241    0.00129
1.25       498        1.46074    1.47239    0.00129
1.25       499        1.46493    1.47237    0.00129
1.25       500        1.47957    1.47239    0.00128
