1	-0.44501367423761784	0	0	0.523
2	-0.44320229070104444	0.0018113835365849013	0	0.5234523
3	-0.4397141596218556	0.0036415329003697517	0	0.52845234523
4	-0.4427766627801903	0.004001163146768168	0	0.532452845234523
5	-0.4435541102302131	0.003195310384576574	0	0.5241532452845235
6	-0.4440363830163943	0.0026531602557715796	0	0.5205524153245285
7	-0.4457108488154707	0.002798549284894953	0	0.5328520552415325
8	-0.4456156386867075	0.002425484187457743	0	0.5350532852055241
9	-0.4443451801701054	0.002487912967103056	0	0.5220535053285206
10	-0.4431034713228225	0.002548256189422316	0	0.5196522053505328
11	-0.442416883642715	0.0024050688050934175	0	0.524851965220535
12	-0.44173419703429007	0.002299208045469274	0	0.522852485196522
13	-0.44232519697180916	0.0021959856038444546	0	0.5203522852485196
14	-0.44293363430197463	0.0021221784133611385	0	0.5291520352285248
15	-0.4431261537601132	0.0019849986055776375	0	0.5363529152035228
16	-0.4434144218152704	0.0018790397821104622	0	0.5252536352915204
17	-0.44288345992644895	0.0018431830924141668	0	0.5300525253635291
18	-0.4427132201152687	0.001746088505999957	0	0.5251530052525364
19	-0.442922120014182	0.001664792865112984	0	0.5188525153005252
20	-0.44279567789141083	0.001584414518290543	0	0.5383518852515301
21	-0.44329657229942304	0.001588137833127011	0	0.5353538351885251
22	-0.4427585144665036	0.0016069843671051584	0	0.5274535353835188
23	-0.4420618278809817	0.0016861834244803091	0	0.5377527453535383
24	-0.44183910053274583	0.0016296893776302128	0	0.5331537752745353
25	-0.4418563812122194	0.0015632386548565733	0	0.5328533153775274
26	-0.44152554198152216	0.0015379179446915019	0	0.5299532853315377
27	-0.4414942560973111	0.001480192903995051	0	0.5280529953285331
28	-0.4417798405874685	0.0014546585864473507	0	0.5278528052995329
29	-0.4420164167437803	0.0014233996862623697	0	0.52325278528053
30	-0.4423523339661827	0.0014155691208963882	0	0.526852325278528
31	-0.44257560161285214	0.0013872291232079456	0	0.5322526852325278
32	-0.44215154681831365	0.00140852824573372	0	0.5257532252685232
33	-0.4423159675040415	0.0013750441726507244	0	0.5340525753225269
34	-0.4424759946532164	0.0013435530448139131	0	0.5286534052575322
35	-0.4423766307513517	0.0013083796888224463	0	0.5186528653405258
36	-0.4425567994917695	0.001284217659003118	0	0.521451865286534
37	-0.4427065251154033	0.0012579689986423781	0	0.5329521451865287
38	-0.442581997649271	0.0012307332588511598	0	0.5295532952145187
39	-0.4421231723419747	0.001283568412931627	0	0.5271529553295216
40	-0.4421567632830114	0.0012515186089155164	0	0.533252715295533
41	-0.4423550372647245	0.001236610924820318	0	0.5291533252715295
42	-0.44264186326761346	0.001240425884281415	0	0.5305529153325271
43	-0.4425672909204317	0.0012135287374418875	0	0.5364530552915332
44	-0.44276001074663734	0.0012011886616560186	0	0.5202536453055292
45	-0.44295864697723664	0.0011908751822191361	0	0.5308520253645306
46	-0.4428634726331618	0.0011685810603217133	0	0.5300530852025365
47	-0.4429801885917403	0.001149388728928201	0	0.5326530053085203
48	-0.44289929336168127	0.0011280925876634587	0	0.5238532653005308
49	-0.442914546854617	0.001104935739578822	0	0.53255238532653
50	-0.4429763917967442	0.0010843765332766207	0	0.5335532552385326
51	-0.44295419633910554	0.0010631333211497118	0	0.5335533553255238
52	-0.4426361057709196	0.0010899370714412598	0	0.5239533553355326
53	-0.4425644716284801	0.001071571502241667	0	0.5313523953355336
54	-0.4425548513675177	0.0010515843677812275	0	0.5361531352395336
55	-0.44232325884482465	0.00105794744230218	0	0.5260536153135239
56	-0.4423651550868315	0.0010397282201686031	0	0.5304526053615314
57	-0.44226623837374596	0.0010261034272029239	0	0.5232530452605362
58	-0.44212683330986746	0.001017848477919818	0	0.530152325304526
59	-0.44213025975611236	0.0010004539440834034	0	0.5266530152325305
60	-0.4420520088582423	0.0009867460129680072	0	0.5339526653015233
61	-0.442066910781079	0.0009705494477144081	0	0.5179533952665302
62	-0.44190702865651704	0.0009680612154086476	0	0.5256517953395267
63	-0.4419275519364818	0.0009527922993557145	0	0.5281525651795339
64	-0.4417529542744896	0.0009539016447495074	0	0.5339528152565179
65	-0.44196417452258385	0.0009625718392633097	0	0.5236533952815257
66	-0.4420857942448022	0.0009556457477161109	0	0.5278523653395281
67	-0.4423172376501815	0.0009693107801168187	0	0.523052785236534
68	-0.4424586567919784	0.0009653644621643679	0	0.5333523052785236
69	-0.44257283740398823	0.0009580988129523	0	0.5194533352305278
70	-0.44269985566044	0.0009528167372053037	0	0.5301519453335231
71	-0.44268529350561087	0.0009394137945538052	0	0.5259530151945333
72	-0.4426357057353594	0.000927600875009266	0	0.5307525953015194
73	-0.442685165243308	0.000916141820309347	0	0.5331530752595302
74	-0.442721051334226	0.0009043889841690297	0	0.5350533153075259
75	-0.44279258284521905	0.0008951117286831895	0	0.5328535053315308
76	-0.44267767857535306	0.0008906981135371253	0	0.5304532853505332
77	-0.44247198307735414	0.000902799785282085	0	0.5212530453285351
78	-0.4424435463466729	0.0008916038623371186	0	0.5282521253045328
79	-0.44261013390337184	0.000895870167148052	0	0.5306528252125304
80	-0.4426345180181056	0.0008849369229087936	0	0.5289530652825213
81	-0.4426062210493005	0.0008744014774035954	0	0.5287528953065282
82	-0.4427360027519815	0.0008733687603229701	0	0.5260528752895307
83	-0.4426242884644839	0.0008699844834559504	0	0.5253526052875289
84	-0.4425478113504843	0.0008629605811797872	0	0.5293525352605287
85	-0.44256054532723077	0.0008528427423596533	0	0.5253529352535261
86	-0.44258833750991144	0.0008433257067162704	0	0.5247525352935254
87	-0.44262818568385354	0.0008345278542825351	0	0.5231524752535294
88	-0.44252723596647814	0.0008311434757569267	0	0.5220523152475254
89	-0.44257239341355775	0.0008229915482922171	0	0.5203522052315247
90	-0.44252918461758217	0.0008149421097218143	0	0.5270520352205231
91	-0.4425819011912138	0.0008076592112289142	0	0.527552705203522
92	-0.44274860083664913	0.0008160401014359572	0	0.5377527552705204
93	-0.44281386882596785	0.0008098521261593525	0	0.534753775275527
94	-0.4427566294558849	0.000803232428209359	0	0.5304534753775275
95	-0.44287585417350755	0.0008036255851115252	0	0.5306530453475378
96	-0.44278539046156357	0.0008003394930920214	0	0.5283530653045347
97	-0.4428290884591505	0.0007932501123599132	0	0.5410528353065305
98	-0.4427216194044516	0.000792435226794756	0	0.5291541052835307
99	-0.4427024726646812	0.0007846236392218454	0	0.5297529154105283
100	-0.442654702038246	0.0007782053731961967	0	0.524252975291541
