Temp	Mu	Sigma	Acceptance	Energy	
3.000	1.000	1.000	0.63	0.730
3.000	0.327	1.355	0.55	0.511
2.985	0.007	1.341	0.54	0.314
2.970	0.001	1.301	0.53	0.201
2.955	0.000	1.184	0.49	-0.099
2.940	0.000	0.754	0.34	-0.031
2.926	0.000	0.640	0.29	0.223
2.911	0.418	0.776	0.40	-0.216
2.897	0.316	0.682	0.34	-0.041
2.882	0.055	0.733	0.33	0.012
2.868	0.036	1.030	0.44	-0.242
2.853	0.061	1.114	0.47	-0.199
2.839	0.898	0.777	0.59	-0.220
2.825	0.240	1.109	0.48	-0.171
2.811	0.221	1.151	0.49	-0.109
2.797	0.405	0.973	0.46	-0.250
2.783	0.752	1.247	0.58	0.909
2.769	1.190	0.933	0.67	1.409
2.755	1.190	0.933	0.70	1.409
2.741	0.581	1.136	0.53	0.124
2.727	0.117	1.019	0.44	-0.246
2.714	0.199	1.426	0.56	0.763
2.700	0.561	1.352	0.57	0.882
2.687	0.561	1.352	0.67	0.882
2.673	0.008	0.909	0.40	-0.219
2.660	0.005	0.680	0.31	0.119
2.647	0.008	0.835	0.37	-0.149
2.633	0.320	0.939	0.43	-0.254
2.620	0.081	0.785	0.35	-0.085
2.607	0.074	0.810	0.36	-0.118
2.594	0.051	1.145	0.48	-0.151
2.581	0.074	1.082	0.46	-0.220
2.568	0.108	0.986	0.43	-0.249
2.555	0.189	0.983	0.43	-0.251
2.543	0.310	0.599	0.31	0.115
2.530	0.176	0.567	0.27	0.358
2.517	0.103	0.757	0.34	-0.043
2.505	0.182	0.368	0.19	1.253
2.492	0.571	0.629	0.42	-0.286
2.480	1.029	0.556	0.46	-0.209
2.467	1.162	0.876	0.65	0.983
2.455	1.162	0.876	0.73	0.983
2.443	1.162	0.876	0.40	0.983
2.430	1.162	0.876	0.64	0.983
2.418	1.185	0.864	0.64	1.043
2.406	0.570	1.143	0.53	0.114
2.394	0.309	1.065	0.47	-0.203
2.382	0.256	1.203	0.51	-0.002
2.370	0.090	0.844	0.38	-0.166
2.358	0.030	1.157	0.49	-0.148
2.347	0.030	1.157	0.55	-0.148
2.335	0.030	1.157	0.57	-0.148
2.323	0.011	1.144	0.48	-0.163
2.312	0.008	1.457	0.57	0.843
2.300	0.009	1.281	0.52	0.125
2.289	0.327	1.204	0.51	0.026
2.277	0.350	1.495	0.59	1.328
2.266	0.350	1.495	0.64	1.328
2.254	0.094	1.269	0.52	0.089
2.243	0.049	1.068	0.46	-0.228
2.232	0.072	1.225	0.51	-0.024
2.221	0.807	1.097	0.57	0.450
2.210	0.760	0.965	0.54	-0.032
2.199	0.760	0.965	0.62	-0.032
2.188	0.397	1.301	0.54	0.402
2.177	0.177	1.640	0.61	2.250
2.166	0.193	1.739	0.63	3.256
2.155	0.158	1.523	0.58	1.264
2.144	0.106	1.732	0.63	3.124
2.133	0.106	1.732	0.67	3.124
2.123	0.106	1.732	0.66	3.124
2.112	0.159	1.530	0.59	1.374
2.102	0.304	1.776	0.64	4.074
2.091	0.304	1.776	0.67	4.074
2.081	0.325	1.545	0.59	1.647
2.070	0.344	1.653	0.62	2.656
2.060	0.059	1.721	0.62	2.979
2.050	0.059	1.721	0.65	2.979
2.039	0.059	1.721	0.64	2.979
2.029	0.046	1.487	0.57	0.999
2.019	0.068	1.307	0.53	0.210
2.009	0.494	1.172	0.52	0.101
1.999	0.494	1.172	0.58	0.101
1.989	0.783	1.159	0.57	0.613
1.979	0.471	1.081	0.50	-0.111
1.969	0.535	1.205	0.54	0.246
1.959	0.650	1.495	0.61	2.088
1.949	0.392	1.181	0.51	0.016
1.940	0.534	1.293	0.56	0.553
1.930	0.898	1.317	0.62	1.934
1.920	0.857	1.103	0.59	0.584
1.911	0.800	1.330	0.60	1.533
1.901	0.861	1.256	0.60	1.368
1.892	0.393	1.127	0.50	-0.076
1.882	0.419	1.133	0.50	-0.056
1.873	0.118	0.896	0.40	-0.215
1.863	0.157	1.179	0.50	-0.094
1.854	0.177	1.106	0.47	-0.190
1.845	0.101	1.185	0.50	-0.088
1.836	0.129	1.189	0.50	-0.072
1.826	0.101	1.128	0.48	-0.169
1.817	0.048	0.833	0.37	-0.151
1.808	0.062	0.602	0.27	0.327
1.799	0.107	0.741	0.34	-0.021
1.790	0.048	0.782	0.35	-0.078
1.781	0.026	0.760	0.34	-0.040
1.772	0.032	0.656	0.29	0.178
1.763	0.559	0.709	0.43	-0.298
1.755	0.340	0.567	0.31	0.127
1.746	0.257	0.314	0.20	1.187
1.737	0.252	0.424	0.23	0.713
1.728	0.119	0.602	0.28	0.296
1.720	0.177	0.674	0.31	0.082
1.711	0.265	0.446	0.24	0.597
1.703	0.265	0.446	0.15	0.597
1.694	0.496	0.512	0.37	-0.083
1.686	0.754	0.562	0.50	-0.412
1.677	0.476	0.837	0.43	-0.272
1.669	0.333	0.725	0.36	-0.112
1.661	0.300	0.583	0.30	0.159
1.652	0.177	0.369	0.19	1.272
1.644	0.177	0.369	0.15	1.272
1.636	0.646	0.536	0.45	-0.320
1.628	0.735	0.548	0.49	-0.389
1.619	1.240	0.552	0.38	0.382
1.611	1.240	0.552	0.20	0.382
1.603	0.957	0.716	0.59	-0.236
1.595	0.952	0.911	0.61	0.221
1.587	0.952	0.911	0.70	0.221
1.579	1.043	0.922	0.65	0.580
1.571	0.889	0.962	0.59	0.213
1.564	1.062	0.706	0.57	-0.017
1.556	1.107	0.563	0.45	-0.046
1.548	0.997	0.635	0.54	-0.273
1.540	0.686	0.732	0.49	-0.371
1.533	0.686	0.732	0.29	-0.371
1.525	0.674	0.822	0.49	-0.304
1.517	0.498	0.782	0.42	-0.271
1.510	0.516	0.934	0.47	-0.248
1.502	0.821	1.054	0.57	0.312
1.495	0.821	1.054	0.61	0.312
1.487	0.433	1.039	0.48	-0.181
1.480	0.618	1.192	0.55	0.317
1.472	0.383	1.224	0.52	0.116
1.465	0.417	1.213	0.52	0.118
1.458	0.848	1.047	0.58	0.379
1.450	0.882	1.091	0.59	0.634
1.443	0.932	1.084	0.60	0.795
1.436	1.097	1.182	0.66	2.259
1.429	1.097	1.182	0.74	2.259
1.422	1.097	1.182	0.66	2.259
1.414	1.213	0.954	0.67	1.664
1.407	0.847	1.045	0.58	0.354
1.400	0.847	1.045	0.68	0.354
1.393	0.478	0.982	0.47	-0.227
1.386	0.403	0.969	0.45	-0.245
1.379	0.456	1.009	0.48	-0.211
1.373	0.327	1.229	0.52	0.105
1.366	0.320	1.015	0.46	-0.240
1.359	0.353	0.974	0.45	-0.251
1.352	0.002	0.965	0.42	-0.243
1.345	0.003	0.884	0.39	-0.201
1.339	0.110	1.106	0.47	-0.198
1.332	0.068	1.059	0.46	-0.237
1.325	0.044	0.965	0.42	-0.245
1.319	0.050	1.001	0.43	-0.251
1.312	0.278	1.068	0.47	-0.204
1.305	0.396	0.889	0.43	-0.253
1.299	0.008	0.873	0.39	-0.187
1.292	0.005	0.675	0.30	0.135
1.286	0.003	0.609	0.27	0.317
1.280	0.005	0.453	0.20	0.985
1.273	0.423	0.590	0.34	-0.045
1.267	0.600	0.789	0.46	-0.316
1.260	0.812	0.881	0.55	-0.130
1.254	0.575	0.720	0.44	-0.313
1.248	0.373	0.529	0.31	0.134
1.242	0.394	0.633	0.35	-0.062
1.235	0.439	0.664	0.37	-0.151
1.229	0.467	0.567	0.36	-0.093
1.223	0.452	0.702	0.38	-0.194
1.217	0.280	0.722	0.35	-0.068
1.211	0.255	0.913	0.42	-0.243
1.205	0.182	0.727	0.34	-0.025
1.199	0.172	0.866	0.39	-0.200
1.193	0.172	0.866	0.33	-0.200
1.187	0.353	0.737	0.37	-0.143
1.181	0.248	0.742	0.35	-0.083
1.175	0.260	0.747	0.35	-0.092
1.169	0.611	0.699	0.45	-0.338
1.163	0.803	0.699	0.55	-0.404
1.157	0.865	0.836	0.58	-0.153
1.152	0.709	1.022	0.53	0.018
1.146	0.615	0.914	0.49	-0.231
1.140	0.832	0.759	0.56	-0.316
1.134	1.056	0.595	0.49	-0.168
1.129	1.056	0.595	0.31	-0.168
1.123	1.043	0.484	0.40	-0.045
1.118	1.225	0.523	0.37	0.316
1.112	0.930	0.642	0.55	-0.367
1.106	1.159	0.708	0.55	0.322
1.101	1.159	0.708	0.40	0.322
1.095	1.159	0.708	0.51	0.322
1.090	1.112	0.623	0.49	-0.005
1.084	1.112	0.623	0.48	-0.005
1.079	1.012	0.757	0.61	-0.053
1.074	1.012	0.757	0.62	-0.053
1.068	1.012	0.757	0.40	-0.053
1.063	0.984	0.885	0.63	0.243
1.058	1.132	0.775	0.60	0.409
1.052	1.233	0.602	0.43	0.401
1.047	1.110	0.651	0.52	0.020
1.042	1.036	0.524	0.43	-0.152
1.037	1.036	0.524	0.28	-0.152
1.031	0.868	0.415	0.37	0.196
1.026	0.977	0.423	0.36	0.165
1.021	0.977	0.423	0.25	0.165
1.016	0.766	0.523	0.47	-0.357
1.011	0.958	0.680	0.57	-0.296
1.006	0.958	0.680	0.55	-0.296
1.001	1.097	0.680	0.55	0.023
0.996	1.195	0.652	0.49	0.346
0.991	0.894	0.541	0.48	-0.349
0.986	1.063	0.612	0.50	-0.153
0.981	1.063	0.612	0.31	-0.153
0.976	1.209	0.547	0.39	0.264
0.971	1.254	0.527	0.36	0.428
0.966	1.181	0.428	0.32	0.380
0.962	1.084	0.347	0.28	0.799
0.957	0.824	0.437	0.40	0.013
0.952	0.824	0.437	0.34	0.013
0.947	0.630	0.523	0.44	-0.288
0.942	0.816	0.641	0.54	-0.439
0.938	0.943	0.593	0.51	-0.357
0.933	0.836	0.672	0.55	-0.416
0.928	0.594	0.678	0.44	-0.321
0.924	0.681	0.692	0.48	-0.385
0.919	0.756	0.655	0.52	-0.429
0.915	0.609	0.775	0.46	-0.321
0.910	0.755	0.732	0.53	-0.380
0.905	0.513	0.683	0.40	-0.245
0.901	0.547	0.756	0.43	-0.292
0.896	0.558	0.720	0.43	-0.298
0.892	0.551	0.694	0.42	-0.286
0.887	0.580	0.711	0.44	-0.315
0.883	0.868	0.813	0.58	-0.195
0.879	0.668	0.689	0.48	-0.378
0.874	0.668	0.689	0.40	-0.378
0.870	0.668	0.689	0.39	-0.378
0.865	0.482	0.722	0.40	-0.236
0.861	0.466	0.682	0.38	-0.193
0.857	0.370	0.784	0.39	-0.199
0.853	0.292	0.912	0.42	-0.245
0.848	0.309	1.003	0.45	-0.244
0.844	0.246	1.092	0.47	-0.188
0.840	0.254	1.183	0.50	-0.057
0.836	0.279	1.174	0.50	-0.057
0.831	0.212	1.109	0.48	-0.184
0.827	0.259	1.151	0.49	-0.128
0.823	0.110	1.047	0.45	-0.234
0.819	0.116	0.928	0.41	-0.234
0.815	0.116	0.928	0.38	-0.234
0.811	0.089	0.842	0.38	-0.163
0.807	0.080	0.841	0.38	-0.158
0.803	0.079	0.783	0.35	-0.080
0.799	0.087	0.669	0.30	0.140
0.795	0.051	0.554	0.25	0.496
0.791	0.051	0.554	0.22	0.496
0.787	0.121	0.673	0.31	0.118
0.783	0.092	0.784	0.35	-0.090
0.779	0.107	0.676	0.31	0.117
0.775	0.232	0.787	0.37	-0.129
0.771	0.230	0.801	0.37	-0.150
0.767	0.272	0.907	0.41	-0.239
0.764	0.460	0.932	0.45	-0.256
0.760	0.427	1.054	0.48	-0.167
0.756	0.452	1.103	0.50	-0.073
0.752	0.452	1.103	0.53	-0.073
0.748	0.413	1.076	0.49	-0.146
0.745	0.409	1.072	0.49	-0.158
0.741	0.488	1.023	0.48	-0.174
0.737	0.369	1.144	0.50	-0.071
0.734	0.455	1.166	0.52	0.039
0.730	0.665	1.169	0.55	0.358
0.726	0.546	1.093	0.51	-0.025
0.723	0.578	1.012	0.50	-0.134
0.719	0.529	0.984	0.48	-0.200
0.715	0.649	1.103	0.53	0.129
0.712	0.716	0.994	0.53	-0.038
0.708	0.571	0.931	0.48	-0.244
0.705	0.533	1.046	0.50	-0.115
0.701	0.644	0.975	0.51	-0.133
0.698	0.536	1.006	0.49	-0.179
0.694	0.558	0.971	0.49	-0.207
0.691	0.604	1.061	0.52	-0.034
0.687	0.656	1.091	0.53	0.110
0.684	0.682	1.016	0.53	-0.032
0.680	0.566	1.023	0.50	-0.133
0.677	0.505	1.024	0.49	-0.172
0.674	0.592	0.968	0.49	-0.191
0.670	0.537	0.868	0.46	-0.280
0.667	0.524	0.801	0.43	-0.285
0.664	0.437	0.773	0.40	-0.232
0.660	0.472	0.801	0.42	-0.262
0.657	0.487	0.779	0.42	-0.264
0.654	0.404	0.673	0.36	-0.116
0.650	0.338	0.604	0.32	0.065
0.647	0.395	0.651	0.35	-0.082
0.644	0.496	0.714	0.40	-0.242
0.641	0.442	0.790	0.41	-0.240
0.637	0.371	0.780	0.39	-0.193
0.634	0.425	0.851	0.42	-0.259
0.631	0.304	0.772	0.37	-0.149
0.628	0.304	0.772	0.33	-0.149
0.625	0.386	0.758	0.38	-0.187
0.622	0.399	0.771	0.39	-0.206
0.619	0.399	0.771	0.32	-0.206
0.615	0.326	0.685	0.34	-0.054
0.612	0.307	0.650	0.33	0.021
0.609	0.357	0.644	0.34	-0.023
0.606	0.303	0.691	0.34	-0.041
0.603	0.303	0.658	0.33	0.011
0.600	0.291	0.745	0.36	-0.111
0.597	0.324	0.830	0.40	-0.213
0.594	0.357	0.796	0.39	-0.199
0.591	0.426	0.824	0.41	-0.243
0.588	0.620	0.811	0.47	-0.313
0.585	0.656	0.842	0.49	-0.295
0.582	0.656	0.842	0.57	-0.295
0.580	0.670	0.811	0.49	-0.313
0.577	0.579	0.775	0.45	-0.309
0.574	0.618	0.782	0.46	-0.324
0.571	0.723	0.784	0.51	-0.333
0.568	0.603	0.843	0.47	-0.288
0.565	0.643	0.866	0.49	-0.271
0.562	0.769	0.852	0.53	-0.230
0.560	0.728	0.936	0.53	-0.125
0.557	0.768	0.849	0.53	-0.232
0.554	0.669	0.935	0.51	-0.176
0.551	0.574	0.885	0.47	-0.274
0.548	0.538	0.960	0.48	-0.222
0.546	0.594	1.012	0.50	-0.118
0.543	0.617	1.100	0.53	0.066
0.540	0.617	1.100	0.55	0.066
0.538	0.725	1.096	0.55	0.237
0.535	0.615	1.165	0.54	0.254
0.532	0.679	1.138	0.55	0.280
0.530	0.514	1.121	0.51	0.004
0.527	0.429	1.147	0.51	-0.018
0.524	0.429	1.147	0.51	-0.018
0.522	0.296	1.077	0.47	-0.197
0.519	0.253	1.006	0.45	-0.247
0.516	0.275	1.033	0.46	-0.229
0.514	0.359	0.977	0.45	-0.245
0.511	0.320	1.013	0.46	-0.239
0.509	0.373	1.028	0.47	-0.212
0.506	0.240	0.999	0.44	-0.246
0.504	0.209	0.950	0.42	-0.246
0.501	0.203	0.915	0.41	-0.236
0.499	0.193	0.855	0.39	-0.194
0.496	0.209	0.895	0.40	-0.228
0.494	0.165	0.974	0.43	-0.250
0.491	0.165	0.974	0.40	-0.250
0.489	0.303	1.023	0.46	-0.228
0.486	0.264	1.004	0.45	-0.243
0.484	0.233	1.046	0.46	-0.228
0.481	0.236	0.970	0.43	-0.253
0.479	0.088	1.022	0.44	-0.251
0.477	0.086	0.963	0.42	-0.247
0.474	0.092	1.025	0.44	-0.245
0.472	0.064	0.982	0.43	-0.249
0.470	0.059	0.978	0.43	-0.244
0.467	0.056	0.936	0.41	-0.237
0.465	0.064	0.881	0.39	-0.196
0.463	0.002	0.839	0.37	-0.152
0.460	0.002	0.806	0.36	-0.112
0.458	0.026	0.795	0.36	-0.095
0.456	0.025	0.737	0.33	0.004
0.453	0.028	0.785	0.35	-0.081
0.451	0.080	0.835	0.37	-0.152
0.449	0.081	0.819	0.37	-0.134
0.447	0.186	0.793	0.36	-0.120
0.444	0.200	0.822	0.38	-0.159
0.442	0.178	0.786	0.36	-0.108
0.440	0.155	0.808	0.37	-0.133
0.438	0.166	0.742	0.34	-0.042
0.436	0.239	0.788	0.37	-0.132
0.433	0.220	0.737	0.35	-0.056
0.431	0.191	0.747	0.35	-0.056
0.429	0.214	0.738	0.34	-0.054
0.427	0.249	0.715	0.34	-0.036
0.425	0.245	0.666	0.32	0.049
0.423	0.267	0.601	0.30	0.164
0.421	0.267	0.601	0.27	0.164
0.418	0.302	0.669	0.33	-0.007
0.416	0.422	0.634	0.36	-0.095
0.414	0.390	0.588	0.33	0.008
0.412	0.403	0.582	0.33	-0.004
0.410	0.403	0.582	0.30	-0.004
0.408	0.380	0.596	0.33	0.016
0.406	0.350	0.610	0.32	0.033
0.404	0.379	0.674	0.35	-0.090
0.402	0.502	0.646	0.39	-0.209
0.400	0.457	0.689	0.38	-0.191
0.398	0.515	0.691	0.41	-0.247
0.396	0.468	0.643	0.38	-0.163
0.394	0.512	0.633	0.39	-0.211
0.392	0.517	0.660	0.40	-0.235
0.390	0.517	0.708	0.41	-0.259
0.388	0.497	0.656	0.39	-0.211
0.386	0.482	0.712	0.40	-0.231
0.384	0.482	0.712	0.39	-0.231
0.382	0.527	0.743	0.42	-0.278
0.380	0.466	0.697	0.39	-0.205
0.378	0.412	0.674	0.36	-0.123
0.377	0.410	0.690	0.37	-0.143
0.375	0.453	0.684	0.38	-0.185
0.373	0.390	0.625	0.34	-0.044
0.371	0.404	0.618	0.34	-0.052
0.369	0.301	0.632	0.32	0.063
0.367	0.282	0.624	0.31	0.095
0.365	0.294	0.684	0.34	-0.021
0.364	0.284	0.700	0.34	-0.042
0.362	0.292	0.728	0.35	-0.091
0.360	0.213	0.725	0.34	-0.035
0.358	0.215	0.735	0.34	-0.052
0.356	0.194	0.760	0.35	-0.080
0.355	0.200	0.793	0.36	-0.133
0.353	0.261	0.752	0.36	-0.100
0.351	0.279	0.764	0.36	-0.126
0.349	0.377	0.777	0.39	-0.194
0.348	0.417	0.800	0.40	-0.237
0.346	0.366	0.749	0.38	-0.165
0.344	0.372	0.802	0.39	-0.215
0.342	0.264	0.813	0.38	-0.173
0.341	0.270	0.858	0.40	-0.215
0.339	0.158	0.884	0.40	-0.212
0.337	0.143	0.851	0.38	-0.178
0.336	0.147	0.859	0.39	-0.188
0.334	0.141	0.828	0.37	-0.153
0.332	0.127	0.876	0.39	-0.197
0.331	0.119	0.835	0.38	-0.162
0.329	0.118	0.793	0.36	-0.106
0.327	0.111	0.787	0.35	-0.094
0.326	0.107	0.759	0.34	-0.054
0.324	0.107	0.759	0.34	-0.054
0.322	0.186	0.713	0.33	-0.002
0.321	0.205	0.721	0.34	-0.027
0.319	0.234	0.737	0.35	-0.069
0.318	0.228	0.779	0.36	-0.120
0.316	0.210	0.822	0.38	-0.166
0.314	0.206	0.850	0.39	-0.193
0.313	0.213	0.802	0.37	-0.142
0.311	0.254	0.790	0.37	-0.149
0.310	0.255	0.838	0.39	-0.196
0.308	0.185	0.815	0.37	-0.149
0.307	0.204	0.836	0.38	-0.180
0.305	0.232	0.824	0.38	-0.177
0.304	0.249	0.857	0.40	-0.210
0.302	0.332	0.889	0.42	-0.251
0.301	0.334	0.866	0.41	-0.234
0.299	0.404	0.877	0.43	-0.256
0.298	0.391	0.901	0.43	-0.258
0.296	0.388	0.902	0.43	-0.255
0.295	0.413	0.913	0.44	-0.260
0.293	0.478	0.867	0.44	-0.275
0.292	0.472	0.839	0.43	-0.269
0.290	0.485	0.833	0.43	-0.274
0.289	0.533	0.857	0.45	-0.279
0.287	0.539	0.874	0.46	-0.279
0.286	0.517	0.884	0.45	-0.274
0.284	0.536	0.846	0.45	-0.283
0.283	0.511	0.827	0.44	-0.283
0.282	0.523	0.859	0.45	-0.282
0.280	0.520	0.828	0.44	-0.285
0.279	0.559	0.816	0.45	-0.299
0.277	0.526	0.831	0.44	-0.287
0.276	0.486	0.811	0.43	-0.269
0.275	0.488	0.842	0.43	-0.272
0.273	0.501	0.833	0.44	-0.279
0.272	0.474	0.831	0.43	-0.268
0.271	0.478	0.855	0.44	-0.275
0.269	0.534	0.815	0.44	-0.289
0.268	0.580	0.793	0.45	-0.311
0.266	0.585	0.763	0.45	-0.317
0.265	0.551	0.727	0.43	-0.294
0.264	0.594	0.707	0.44	-0.324
0.263	0.594	0.707	0.41	-0.324
0.261	0.550	0.725	0.43	-0.292
0.260	0.523	0.727	0.42	-0.271
0.259	0.550	0.757	0.43	-0.294
0.257	0.575	0.779	0.45	-0.310
0.256	0.608	0.764	0.46	-0.326
0.255	0.597	0.791	0.46	-0.318
0.253	0.615	0.775	0.46	-0.325
0.252	0.666	0.759	0.48	-0.348
0.251	0.679	0.765	0.49	-0.351
0.250	0.634	0.753	0.47	-0.339
0.248	0.631	0.781	0.47	-0.326
0.247	0.674	0.815	0.49	-0.306
0.246	0.706	0.800	0.50	-0.321
0.245	0.694	0.791	0.50	-0.329
0.243	0.709	0.822	0.51	-0.300
0.242	0.709	0.822	0.53	-0.300
0.241	0.672	0.837	0.49	-0.294
0.240	0.671	0.799	0.49	-0.324
0.239	0.626	0.793	0.47	-0.320
0.237	0.622	0.800	0.47	-0.319
0.236	0.654	0.767	0.48	-0.339
0.235	0.636	0.803	0.47	-0.322
0.234	0.671	0.769	0.48	-0.346
0.233	0.706	0.756	0.50	-0.357
0.232	0.697	0.737	0.49	-0.370
0.230	0.731	0.755	0.51	-0.361
0.229	0.791	0.760	0.54	-0.337
0.228	0.832	0.725	0.56	-0.363
0.227	0.905	0.754	0.59	-0.250
0.226	0.880	0.788	0.58	-0.227
0.225	0.852	0.824	0.57	-0.193
0.224	0.907	0.826	0.60	-0.106
0.222	0.884	0.857	0.59	-0.089
0.221	0.881	0.882	0.58	-0.020
0.220	0.849	0.885	0.57	-0.063
0.219	0.867	0.860	0.58	-0.105
0.218	0.869	0.862	0.58	-0.088
0.217	0.826	0.853	0.56	-0.167
0.216	0.791	0.832	0.54	-0.250
0.215	0.798	0.797	0.55	-0.289
0.214	0.787	0.797	0.54	-0.304
0.213	0.787	0.797	0.56	-0.304
0.212	0.812	0.777	0.55	-0.305
0.211	0.780	0.749	0.54	-0.356
0.209	0.764	0.718	0.53	-0.390
0.208	0.737	0.708	0.51	-0.397
0.207	0.721	0.735	0.51	-0.374
0.206	0.729	0.722	0.51	-0.389
0.205	0.701	0.704	0.50	-0.389
0.204	0.734	0.680	0.51	-0.414
0.203	0.674	0.655	0.48	-0.390
0.202	0.674	0.666	0.48	-0.388
0.201	0.673	0.686	0.48	-0.382
0.200	0.700	0.685	0.50	-0.396
0.199	0.670	0.710	0.48	-0.371
0.198	0.690	0.694	0.49	-0.389
0.197	0.748	0.708	0.52	-0.400
0.196	0.733	0.685	0.51	-0.410
0.195	0.763	0.669	0.53	-0.426
0.194	0.821	0.658	0.55	-0.429
0.193	0.799	0.680	0.54	-0.419
0.192	0.817	0.656	0.54	-0.433
0.191	0.831	0.629	0.54	-0.439
0.190	0.783	0.657	0.53	-0.432
0.190	0.806	0.670	0.54	-0.425
0.189	0.785	0.671	0.54	-0.427
0.188	0.749	0.647	0.52	-0.432
0.187	0.724	0.640	0.51	-0.421
0.186	0.759	0.647	0.52	-0.434
0.185	0.701	0.665	0.50	-0.405
0.184	0.665	0.683	0.48	-0.377
0.183	0.679	0.659	0.48	-0.391
0.182	0.727	0.657	0.51	-0.418
0.181	0.722	0.665	0.51	-0.416
0.180	0.742	0.641	0.51	-0.430
0.179	0.767	0.640	0.52	-0.436
0.178	0.767	0.640	0.51	-0.436
0.178	0.760	0.622	0.52	-0.438
0.177	0.758	0.625	0.52	-0.436
0.176	0.789	0.626	0.53	-0.442
0.175	0.835	0.655	0.55	-0.428
0.174	0.858	0.640	0.55	-0.427
0.173	0.861	0.619	0.54	-0.429
0.172	0.845	0.603	0.53	-0.436
0.171	0.840	0.583	0.52	-0.430
0.171	0.804	0.556	0.50	-0.410
0.170	0.828	0.531	0.48	-0.366
0.169	0.872	0.513	0.46	-0.299
0.168	0.839	0.489	0.44	-0.237
0.167	0.833	0.504	0.46	-0.296
0.166	0.830	0.497	0.45	-0.272
0.166	0.850	0.515	0.47	-0.318
0.165	0.867	0.490	0.44	-0.233
0.164	0.885	0.493	0.44	-0.230
0.163	0.899	0.517	0.46	-0.295
0.162	0.894	0.528	0.47	-0.323
0.161	0.856	0.532	0.48	-0.355
0.161	0.855	0.547	0.49	-0.385
0.160	0.844	0.573	0.51	-0.422
0.159	0.858	0.553	0.49	-0.391
0.158	0.857	0.531	0.48	-0.355
0.157	0.857	0.531	0.46	-0.355
0.157	0.863	0.536	0.48	-0.359
0.156	0.887	0.562	0.50	-0.387
0.155	0.925	0.570	0.50	-0.364
0.154	0.964	0.587	0.51	-0.332
0.154	0.937	0.590	0.51	-0.365
0.153	0.945	0.597	0.52	-0.356
0.152	0.922	0.591	0.52	-0.381
0.151	0.891	0.601	0.53	-0.411
0.150	0.861	0.604	0.53	-0.427
0.150	0.851	0.627	0.54	-0.434
0.149	0.851	0.623	0.54	-0.433
0.148	0.839	0.625	0.54	-0.437
0.148	0.819	0.633	0.54	-0.440
0.147	0.811	0.656	0.54	-0.433
0.146	0.841	0.644	0.54	-0.429
0.145	0.836	0.653	0.55	-0.426
0.145	0.844	0.643	0.55	-0.431
0.144	0.877	0.641	0.55	-0.413
0.143	0.851	0.657	0.55	-0.420
0.142	0.871	0.676	0.56	-0.395
0.142	0.909	0.690	0.57	-0.346
0.141	0.917	0.680	0.57	-0.348
0.140	0.928	0.683	0.57	-0.333
0.140	0.914	0.688	0.57	-0.338
0.139	0.878	0.680	0.56	-0.383
0.138	0.872	0.697	0.57	-0.374
0.138	0.866	0.704	0.57	-0.368
0.137	0.876	0.711	0.57	-0.355
0.136	0.905	0.708	0.58	-0.335
0.135	0.893	0.695	0.57	-0.360
0.135	0.899	0.682	0.57	-0.364
0.134	0.854	0.687	0.56	-0.393
0.133	0.867	0.696	0.57	-0.378
0.133	0.844	0.691	0.56	-0.397
0.132	0.814	0.678	0.55	-0.418
0.131	0.789	0.659	0.54	-0.431
0.131	0.792	0.672	0.54	-0.426
0.130	0.775	0.666	0.53	-0.427
0.129	0.744	0.654	0.52	-0.426
0.129	0.746	0.641	0.52	-0.432
0.128	0.732	0.629	0.51	-0.427
0.128	0.709	0.644	0.50	-0.414
0.127	0.712	0.656	0.50	-0.413
0.126	0.712	0.656	0.48	-0.413
0.126	0.702	0.650	0.49	-0.409
0.125	0.726	0.667	0.51	-0.416
0.124	0.760	0.673	0.53	-0.422
0.124	0.761	0.685	0.53	-0.416
0.123	0.730	0.676	0.51	-0.412
0.123	0.701	0.695	0.50	-0.391
0.122	0.710	0.691	0.50	-0.400
0.121	0.745	0.710	0.52	-0.394
0.121	0.749	0.699	0.52	-0.404
0.120	0.761	0.704	0.53	-0.401
0.119	0.791	0.708	0.54	-0.398
0.119	0.768	0.711	0.53	-0.396
0.118	0.741	0.719	0.52	-0.388
0.118	0.736	0.727	0.51	-0.384
0.117	0.736	0.727	0.50	-0.384
0.117	0.757	0.730	0.53	-0.381
0.116	0.773	0.742	0.53	-0.369
0.115	0.794	0.741	0.55	-0.365
0.115	0.795	0.725	0.55	-0.380
0.114	0.825	0.739	0.56	-0.350
0.114	0.808	0.743	0.55	-0.356
0.113	0.831	0.730	0.56	-0.358
0.113	0.827	0.722	0.56	-0.370
0.112	0.799	0.707	0.55	-0.396
0.111	0.808	0.710	0.55	-0.391
0.111	0.800	0.720	0.55	-0.380
0.110	0.804	0.734	0.55	-0.364
0.110	0.779	0.751	0.54	-0.353
0.109	0.764	0.758	0.53	-0.352
0.109	0.744	0.760	0.52	-0.355
0.108	0.760	0.775	0.53	-0.335
0.108	0.760	0.762	0.53	-0.351
0.107	0.785	0.763	0.54	-0.337
0.106	0.816	0.771	0.56	-0.316
0.106	0.826	0.779	0.56	-0.294
0.105	0.847	0.768	0.57	-0.297
0.105	0.831	0.758	0.56	-0.326
0.104	0.818	0.763	0.56	-0.322
0.104	0.819	0.761	0.56	-0.327
0.103	0.824	0.759	0.56	-0.329
0.103	0.796	0.752	0.55	-0.348
0.102	0.782	0.744	0.54	-0.362
0.102	0.773	0.739	0.53	-0.370
0.101	0.779	0.730	0.54	-0.378
0.101	0.793	0.714	0.54	-0.391
0.100	0.793	0.714	0.55	-0.391
0.100	0.812	0.699	0.55	-0.404
0.099	0.815	0.701	0.55	-0.396
0.099	0.813	0.702	0.55	-0.398
0.098	0.798	0.713	0.55	-0.391
0.098	0.773	0.705	0.53	-0.401
0.097	0.760	0.712	0.53	-0.397
0.097	0.744	0.722	0.52	-0.385
0.096	0.729	0.715	0.51	-0.388
0.096	0.733	0.715	0.51	-0.391
0.095	0.713	0.716	0.50	-0.385
0.095	0.692	0.724	0.49	-0.375
0.094	0.695	0.720	0.49	-0.378
0.094	0.686	0.716	0.49	-0.377
0.093	0.689	0.714	0.49	-0.378
0.093	0.682	0.713	0.49	-0.377
0.093	0.698	0.704	0.50	-0.388
0.092	0.691	0.703	0.49	-0.382
0.092	0.677	0.718	0.48	-0.374
0.091	0.686	0.722	0.49	-0.374
0.091	0.687	0.714	0.49	-0.377
0.090	0.700	0.709	0.50	-0.386
0.090	0.722	0.721	0.51	-0.386
0.089	0.740	0.707	0.52	-0.399
0.089	0.751	0.697	0.52	-0.404
0.088	0.766	0.686	0.53	-0.417
0.088	0.760	0.673	0.53	-0.422
0.088	0.743	0.680	0.52	-0.413
0.087	0.749	0.692	0.52	-0.409
0.087	0.728	0.695	0.51	-0.400
0.086	0.745	0.708	0.52	-0.398
0.086	0.766	0.713	0.53	-0.397
0.085	0.763	0.717	0.53	-0.390
0.085	0.770	0.706	0.53	-0.399
0.085	0.783	0.718	0.54	-0.389
0.084	0.768	0.725	0.53	-0.385
0.084	0.759	0.722	0.53	-0.388
0.083	0.759	0.722	0.52	-0.388
0.083	0.773	0.726	0.53	-0.384
0.082	0.769	0.730	0.53	-0.381
0.082	0.765	0.723	0.53	-0.387
0.082	0.746	0.727	0.52	-0.379
0.081	0.743	0.722	0.52	-0.387
0.081	0.742	0.726	0.52	-0.384
0.080	0.750	0.731	0.52	-0.380
0.080	0.733	0.721	0.51	-0.385
0.080	0.731	0.724	0.51	-0.383
0.079	0.720	0.736	0.51	-0.371
0.079	0.701	0.738	0.50	-0.368
0.078	0.701	0.745	0.50	-0.365
0.078	0.703	0.741	0.50	-0.370
0.078	0.719	0.751	0.51	-0.363
0.077	0.712	0.760	0.50	-0.356
0.077	0.706	0.772	0.50	-0.345
0.076	0.696	0.779	0.50	-0.338
0.076	0.698	0.771	0.50	-0.347
0.076	0.692	0.761	0.49	-0.352
0.075	0.690	0.773	0.49	-0.344
0.075	0.673	0.764	0.48	-0.345
0.075	0.684	0.763	0.49	-0.348
0.074	0.696	0.769	0.50	-0.351
0.074	0.696	0.769	0.50	-0.351
0.073	0.679	0.770	0.49	-0.349
0.073	0.693	0.778	0.50	-0.336
0.073	0.692	0.773	0.49	-0.343
0.072	0.703	0.780	0.50	-0.341
0.072	0.713	0.776	0.51	-0.341
0.072	0.696	0.783	0.50	-0.338
0.071	0.688	0.789	0.49	-0.330
0.071	0.700	0.785	0.50	-0.334
0.071	0.705	0.783	0.50	-0.336
0.070	0.719	0.780	0.51	-0.333
0.070	0.697	0.777	0.50	-0.340
0.070	0.705	0.778	0.50	-0.338
0.069	0.695	0.786	0.50	-0.335
0.069	0.711	0.792	0.51	-0.336
0.069	0.689	0.785	0.49	-0.337
0.068	0.695	0.794	0.50	-0.325
0.068	0.682	0.787	0.49	-0.332
0.067	0.677	0.776	0.49	-0.336
0.067	0.677	0.769	0.49	-0.345
0.067	0.690	0.763	0.49	-0.350
0.066	0.694	0.771	0.49	-0.349
0.066	0.708	0.767	0.50	-0.349
0.066	0.701	0.768	0.50	-0.351
0.065	0.705	0.777	0.50	-0.343
0.065	0.713	0.781	0.50	-0.340
0.065	0.705	0.789	0.50	-0.331
0.065	0.712	0.782	0.50	-0.338
0.064	0.711	0.781	0.50	-0.339
0.064	0.718	0.789	0.51	-0.331
0.064	0.718	0.787	0.51	-0.332
0.063	0.725	0.778	0.51	-0.341
0.063	0.739	0.779	0.52	-0.337
0.063	0.751	0.769	0.52	-0.346
0.062	0.764	0.765	0.53	-0.346
0.062	0.765	0.768	0.53	-0.346
0.062	0.758	0.764	0.53	-0.349
0.061	0.746	0.754	0.52	-0.357
0.061	0.755	0.750	0.53	-0.366
0.061	0.772	0.747	0.53	-0.365
0.060	0.767	0.751	0.53	-0.360
0.060	0.768	0.757	0.53	-0.356
0.060	0.761	0.747	0.53	-0.362
0.060	0.752	0.754	0.52	-0.358
0.059	0.737	0.748	0.52	-0.370
0.059	0.737	0.748	0.51	-0.370
0.059	0.737	0.748	0.52	-0.370
0.058	0.724	0.756	0.51	-0.358
0.058	0.727	0.748	0.51	-0.363
0.058	0.736	0.749	0.52	-0.366
0.057	0.738	0.743	0.52	-0.371
0.057	0.725	0.745	0.51	-0.367
0.057	0.727	0.737	0.51	-0.376
0.057	0.727	0.745	0.51	-0.370
0.056	0.730	0.745	0.51	-0.366
0.056	0.739	0.746	0.52	-0.365
0.056	0.753	0.749	0.52	-0.361
0.056	0.743	0.747	0.52	-0.367
0.055	0.746	0.756	0.52	-0.358
0.055	0.746	0.761	0.52	-0.352
0.055	0.737	0.766	0.52	-0.350
0.054	0.748	0.757	0.52	-0.359
0.054	0.747	0.763	0.52	-0.354
0.054	0.747	0.763	0.53	-0.354
0.054	0.755	0.769	0.52	-0.340
0.053	0.746	0.765	0.52	-0.351
0.053	0.736	0.763	0.51	-0.349
0.053	0.727	0.754	0.51	-0.363
0.053	0.722	0.753	0.51	-0.360
0.052	0.727	0.756	0.51	-0.360
0.052	0.720	0.763	0.51	-0.352
0.052	0.725	0.761	0.51	-0.356
0.051	0.732	0.754	0.51	-0.357
0.051	0.743	0.754	0.52	-0.361
0.051	0.753	0.754	0.52	-0.359
0.051	0.753	0.755	0.52	-0.359
0.050	0.763	0.754	0.53	-0.357
0.050	0.772	0.756	0.53	-0.352
0.050	0.770	0.760	0.53	-0.350
0.050	0.777	0.765	0.54	-0.345
0.049	0.770	0.759	0.53	-0.349
0.049	0.770	0.756	0.53	-0.355
0.049	0.766	0.757	0.53	-0.348
0.049	0.766	0.756	0.53	-0.356
0.048	0.769	0.763	0.53	-0.347
0.048	0.777	0.770	0.54	-0.336
0.048	0.776	0.768	0.54	-0.336
0.048	0.785	0.767	0.54	-0.339
0.048	0.780	0.768	0.54	-0.339
0.047	0.772	0.764	0.53	-0.345
0.047	0.763	0.767	0.53	-0.344
0.047	0.755	0.771	0.53	-0.342
0.047	0.748	0.774	0.52	-0.340
0.046	0.750	0.776	0.52	-0.340
0.046	0.750	0.783	0.52	-0.331
0.046	0.739	0.786	0.52	-0.326
0.046	0.735	0.783	0.52	-0.331
0.045	0.737	0.776	0.52	-0.341
0.045	0.730	0.773	0.51	-0.344
0.045	0.720	0.779	0.51	-0.339
0.045	0.729	0.779	0.51	-0.339
0.045	0.739	0.772	0.52	-0.344
0.044	0.738	0.777	0.52	-0.343
0.044	0.738	0.777	0.52	-0.343
0.044	0.746	0.777	0.52	-0.334
0.044	0.741	0.772	0.52	-0.342
0.043	0.737	0.776	0.52	-0.342
0.043	0.737	0.776	0.52	-0.342
0.043	0.731	0.779	0.51	-0.338
0.043	0.725	0.777	0.51	-0.342
0.043	0.720	0.777	0.51	-0.342
0.042	0.726	0.772	0.51	-0.343
0.042	0.719	0.779	0.51	-0.341
0.042	0.720	0.784	0.51	-0.337
0.042	0.706	0.778	0.50	-0.337
0.041	0.698	0.778	0.50	-0.341
0.041	0.700	0.777	0.50	-0.342
0.041	0.707	0.782	0.50	-0.337
0.041	0.707	0.778	0.50	-0.341
0.041	0.696	0.773	0.50	-0.343
0.040	0.693	0.767	0.49	-0.345
0.040	0.699	0.766	0.50	-0.348
0.040	0.710	0.766	0.50	-0.353
0.040	0.710	0.766	0.50	-0.354
0.040	0.704	0.760	0.50	-0.352
0.039	0.704	0.760	0.50	-0.352
0.039	0.700	0.755	0.50	-0.357
0.039	0.708	0.759	0.50	-0.356
0.039	0.714	0.755	0.50	-0.359
0.039	0.706	0.750	0.50	-0.359
0.038	0.714	0.744	0.50	-0.369
0.038	0.706	0.746	0.50	-0.366
0.038	0.711	0.745	0.50	-0.367
0.038	0.715	0.748	0.50	-0.364
0.038	0.711	0.747	0.50	-0.368
0.038	0.711	0.742	0.50	-0.369
0.037	0.723	0.736	0.51	-0.376
0.037	0.728	0.738	0.51	-0.373
0.037	0.728	0.734	0.51	-0.374
0.037	0.726	0.737	0.51	-0.374
0.037	0.732	0.740	0.51	-0.372
0.036	0.734	0.740	0.51	-0.375
0.036	0.742	0.741	0.52	-0.374
0.036	0.740	0.747	0.52	-0.369
0.036	0.744	0.752	0.52	-0.361
0.036	0.736	0.752	0.51	-0.360
0.036	0.737	0.758	0.52	-0.358
0.035	0.731	0.752	0.51	-0.361
0.035	0.729	0.750	0.51	-0.363
0.035	0.732	0.746	0.51	-0.368
0.035	0.729	0.749	0.51	-0.367
0.035	0.723	0.749	0.51	-0.367
0.034	0.725	0.745	0.51	-0.370
0.034	0.734	0.749	0.51	-0.366
0.034	0.732	0.743	0.51	-0.372
0.034	0.726	0.742	0.51	-0.368
0.034	0.721	0.736	0.51	-0.378
0.034	0.714	0.731	0.50	-0.376
0.033	0.712	0.730	0.50	-0.377
0.033	0.711	0.734	0.50	-0.374
0.033	0.708	0.729	0.50	-0.376
0.033	0.703	0.727	0.50	-0.377
0.033	0.705	0.724	0.50	-0.382
0.033	0.705	0.724	0.49	-0.382
0.032	0.709	0.729	0.50	-0.379
0.032	0.719	0.726	0.51	-0.384
0.032	0.721	0.725	0.51	-0.381
0.032	0.731	0.720	0.51	-0.384
0.032	0.730	0.723	0.51	-0.386
0.032	0.730	0.725	0.51	-0.385
0.031	0.731	0.730	0.51	-0.382
0.031	0.724	0.726	0.51	-0.384
0.031	0.719	0.725	0.51	-0.382
0.031	0.714	0.721	0.50	-0.385
0.031	0.716	0.717	0.50	-0.386
0.031	0.707	0.712	0.50	-0.386
0.031	0.703	0.711	0.50	-0.386
0.030	0.699	0.711	0.50	-0.384
0.030	0.694	0.710	0.49	-0.383
0.030	0.691	0.714	0.49	-0.380
0.030	0.696	0.714	0.49	-0.380
0.030	0.687	0.710	0.49	-0.381
0.030	0.685	0.715	0.49	-0.376
0.030	0.679	0.712	0.48	-0.374
0.029	0.682	0.712	0.49	-0.380
0.029	0.691	0.709	0.49	-0.382
0.029	0.696	0.712	0.49	-0.382
0.029	0.698	0.708	0.49	-0.387
0.029	0.703	0.704	0.50	-0.391
0.029	0.704	0.700	0.50	-0.394
0.028	0.710	0.704	0.50	-0.391
0.028	0.712	0.703	0.50	-0.394
0.028	0.706	0.704	0.50	-0.389
0.028	0.701	0.706	0.50	-0.386
0.028	0.697	0.706	0.49	-0.387
0.028	0.691	0.702	0.49	-0.386
0.028	0.694	0.701	0.49	-0.387
0.028	0.686	0.701	0.49	-0.383
0.027	0.688	0.702	0.49	-0.384
0.027	0.682	0.697	0.49	-0.385
0.027	0.683	0.697	0.49	-0.387
0.027	0.688	0.695	0.49	-0.389
0.027	0.691	0.691	0.49	-0.393
0.027	0.684	0.691	0.49	-0.387
0.027	0.686	0.695	0.49	-0.387
0.026	0.678	0.699	0.48	-0.380
0.026	0.675	0.703	0.48	-0.378
0.026	0.671	0.706	0.48	-0.374
0.026	0.673	0.708	0.48	-0.374
0.026	0.669	0.704	0.48	-0.374
0.026	0.664	0.707	0.48	-0.372
0.026	0.666	0.711	0.48	-0.369
0.026	0.672	0.708	0.48	-0.373
0.025	0.670	0.709	0.48	-0.372
0.025	0.665	0.707	0.48	-0.373
0.025	0.668	0.709	0.48	-0.371
0.025	0.668	0.709	0.48	-0.371
0.025	0.668	0.712	0.48	-0.371
0.025	0.666	0.708	0.48	-0.371
0.025	0.671	0.708	0.48	-0.376
0.025	0.666	0.707	0.48	-0.371
0.024	0.666	0.706	0.48	-0.372
0.024	0.671	0.709	0.48	-0.374
0.024	0.672	0.705	0.48	-0.376
0.024	0.676	0.708	0.48	-0.376
0.024	0.679	0.708	0.48	-0.377
0.024	0.682	0.708	0.48	-0.380
0.024	0.677	0.710	0.48	-0.376
0.024	0.682	0.709	0.49	-0.379
0.023	0.681	0.706	0.49	-0.379
0.023	0.683	0.703	0.49	-0.384
0.023	0.681	0.702	0.49	-0.380
0.023	0.684	0.703	0.49	-0.382
0.023	0.687	0.704	0.49	-0.383
0.023	0.687	0.704	0.49	-0.383
0.023	0.681	0.707	0.49	-0.378
0.023	0.682	0.707	0.49	-0.379
0.023	0.688	0.709	0.49	-0.379
0.022	0.686	0.712	0.49	-0.380
0.022	0.686	0.714	0.49	-0.378
0.022	0.687	0.713	0.49	-0.378
0.022	0.685	0.713	0.49	-0.378
0.022	0.686	0.715	0.49	-0.378
0.022	0.687	0.715	0.49	-0.379
0.022	0.689	0.717	0.49	-0.379
0.022	0.684	0.718	0.49	-0.374
0.022	0.686	0.719	0.49	-0.378
0.021	0.689	0.721	0.49	-0.377
0.021	0.689	0.720	0.49	-0.376
0.021	0.689	0.720	0.49	-0.376
0.021	0.691	0.717	0.49	-0.378
0.021	0.688	0.716	0.49	-0.377
0.021	0.684	0.714	0.49	-0.378
0.021	0.682	0.716	0.49	-0.374
0.021	0.684	0.719	0.49	-0.375
0.021	0.681	0.718	0.49	-0.374
0.020	0.677	0.719	0.48	-0.372
0.020	0.680	0.722	0.49	-0.374
0.020	0.677	0.721	0.48	-0.372
0.020	0.681	0.718	0.49	-0.375
0.020	0.684	0.716	0.49	-0.378
0.020	0.683	0.713	0.49	-0.376
0.020	0.686	0.712	0.49	-0.379
0.020	0.684	0.710	0.49	-0.379
0.020	0.685	0.713	0.49	-0.378
0.020	0.681	0.714	0.49	-0.375
0.019	0.679	0.712	0.48	-0.377
0.019	0.676	0.710	0.48	-0.374
0.019	0.678	0.708	0.48	-0.377
0.019	0.680	0.711	0.48	-0.375
0.019	0.681	0.709	0.49	-0.376
0.019	0.682	0.710	0.49	-0.378
0.019	0.683	0.710	0.49	-0.377
0.019	0.683	0.707	0.49	-0.379
0.019	0.682	0.705	0.49	-0.380
0.019	0.681	0.704	0.49	-0.381
0.019	0.685	0.702	0.49	-0.381
0.018	0.684	0.701	0.49	-0.383
0.018	0.680	0.702	0.48	-0.380
0.018	0.683	0.701	0.49	-0.380
0.018	0.679	0.701	0.48	-0.381
0.018	0.676	0.698	0.48	-0.381
0.018	0.677	0.701	0.48	-0.377
0.018	0.674	0.701	0.48	-0.379
0.018	0.673	0.703	0.48	-0.377
0.018	0.676	0.701	0.48	-0.380
0.018	0.679	0.703	0.48	-0.380
0.018	0.679	0.702	0.48	-0.379
0.017	0.677	0.703	0.48	-0.378
0.017	0.679	0.705	0.48	-0.380
0.017	0.674	0.707	0.48	-0.376
0.017	0.674	0.706	0.48	-0.375
0.017	0.671	0.708	0.48	-0.373
0.017	0.671	0.707	0.48	-0.373
0.017	0.676	0.705	0.48	-0.378
0.017	0.679	0.706	0.48	-0.379
0.017	0.679	0.707	0.48	-0.378
0.017	0.681	0.705	0.49	-0.380
0.017	0.678	0.705	0.48	-0.378
0.016	0.677	0.704	0.48	-0.376
0.016	0.680	0.704	0.48	-0.380
0.016	0.677	0.702	0.48	-0.378
0.016	0.676	0.704	0.48	-0.379
0.016	0.678	0.703	0.48	-0.381
0.016	0.678	0.703	0.48	-0.381
0.016	0.678	0.703	0.49	-0.381
0.016	0.678	0.703	0.48	-0.381
0.016	0.676	0.703	0.48	-0.377
0.016	0.679	0.702	0.48	-0.377
0.016	0.680	0.703	0.48	-0.378
0.016	0.681	0.705	0.48	-0.378
0.016	0.686	0.703	0.49	-0.383
0.015	0.686	0.704	0.49	-0.384
0.015	0.689	0.704	0.49	-0.382
0.015	0.692	0.707	0.49	-0.383
0.015	0.692	0.707	0.49	-0.386
0.015	0.696	0.708	0.49	-0.385
0.015	0.696	0.708	0.49	-0.385
0.015	0.697	0.709	0.49	-0.385
0.015	0.697	0.709	0.49	-0.385
0.015	0.700	0.710	0.50	-0.386
0.015	0.703	0.709	0.50	-0.387
0.015	0.705	0.711	0.50	-0.386
0.015	0.708	0.709	0.50	-0.391
0.015	0.706	0.708	0.50	-0.391
0.014	0.705	0.709	0.50	-0.386
0.014	0.708	0.707	0.50	-0.391
0.014	0.709	0.709	0.50	-0.389
0.014	0.707	0.710	0.50	-0.389
0.014	0.709	0.711	0.50	-0.389
0.014	0.709	0.712	0.50	-0.386
0.014	0.712	0.712	0.50	-0.389
0.014	0.714	0.713	0.50	-0.388
0.014	0.711	0.713	0.50	-0.386
0.014	0.710	0.712	0.50	-0.386
0.014	0.711	0.714	0.50	-0.388
0.014	0.716	0.713	0.50	-0.386
0.014	0.717	0.715	0.51	-0.388
0.014	0.715	0.715	0.50	-0.389
0.014	0.714	0.716	0.50	-0.388
0.013	0.714	0.715	0.50	-0.386
0.013	0.718	0.715	0.50	-0.389
0.013	0.717	0.715	0.50	-0.387
0.013	0.719	0.714	0.51	-0.390
0.013	0.719	0.713	0.50	-0.390
0.013	0.718	0.714	0.51	-0.390
0.013	0.715	0.716	0.50	-0.386
0.013	0.715	0.714	0.50	-0.385
0.013	0.711	0.713	0.50	-0.389
0.013	0.714	0.714	0.50	-0.388
0.013	0.712	0.714	0.50	-0.387
0.013	0.713	0.713	0.50	-0.389
0.013	0.715	0.713	0.50	-0.389
0.013	0.714	0.712	0.50	-0.387
0.013	0.713	0.712	0.50	-0.388
0.012	0.714	0.714	0.50	-0.389
0.012	0.714	0.714	0.50	-0.389
0.012	0.717	0.716	0.50	-0.388
0.012	0.719	0.717	0.51	-0.387
0.012	0.719	0.717	0.50	-0.387
0.012	0.723	0.719	0.51	-0.385
0.012	0.724	0.717	0.51	-0.387
0.012	0.720	0.718	0.51	-0.386
0.012	0.718	0.717	0.50	-0.389
0.012	0.716	0.716	0.50	-0.385
0.012	0.714	0.715	0.50	-0.387
0.012	0.712	0.715	0.50	-0.388
0.012	0.712	0.716	0.50	-0.386
0.012	0.711	0.714	0.50	-0.386
0.012	0.709	0.713	0.50	-0.385
0.012	0.711	0.714	0.50	-0.388
0.012	0.714	0.714	0.50	-0.389
0.011	0.714	0.714	0.50	-0.389
0.011	0.717	0.714	0.50	-0.389
0.011	0.715	0.714	0.50	-0.385
0.011	0.717	0.714	0.50	-0.388
0.011	0.717	0.714	0.50	-0.388
0.011	0.715	0.714	0.50	-0.389
0.011	0.715	0.714	0.50	-0.388
0.011	0.714	0.713	0.50	-0.389
0.011	0.712	0.713	0.50	-0.386
0.011	0.714	0.715	0.50	-0.389
0.011	0.717	0.714	0.50	-0.387
0.011	0.716	0.715	0.50	-0.386
0.011	0.717	0.714	0.50	-0.388
0.011	0.714	0.715	0.50	-0.385
0.011	0.716	0.717	0.50	-0.387
0.011	0.715	0.715	0.50	-0.389
0.011	0.715	0.717	0.50	-0.388
0.011	0.716	0.715	0.50	-0.387
0.010	0.715	0.716	0.50	-0.386
0.010	0.716	0.715	0.50	-0.386
0.010	0.719	0.716	0.51	-0.388
0.010	0.717	0.718	0.50	-0.383
0.010	0.718	0.719	0.50	-0.386
0.010	0.718	0.720	0.51	-0.386
0.010	0.718	0.719	0.51	-0.386
0.010	0.716	0.718	0.50	-0.386
0.010	0.718	0.719	0.50	-0.386
0.010	0.721	0.720	0.51	-0.385
0.010	0.721	0.720	0.51	-0.385
0.010	0.720	0.719	0.51	-0.387
0.010	0.720	0.719	0.51	-0.386
0.010	0.718	0.720	0.51	-0.387
0.010	0.717	0.720	0.50	-0.384
0.010	0.717	0.719	0.51	-0.385
0.010	0.720	0.718	0.51	-0.387
0.010	0.721	0.718	0.51	-0.388
0.010	0.724	0.718	0.51	-0.386
0.010	0.725	0.718	0.51	-0.389
0.009	0.724	0.717	0.51	-0.389
0.009	0.725	0.718	0.51	-0.386
0.009	0.727	0.719	0.51	-0.388
0.009	0.728	0.720	0.51	-0.385
0.009	0.726	0.720	0.51	-0.387
0.009	0.728	0.720	0.51	-0.387
0.009	0.729	0.720	0.51	-0.386
0.009	0.731	0.719	0.51	-0.387
0.009	0.731	0.720	0.51	-0.385
0.009	0.730	0.718	0.51	-0.388
0.009	0.729	0.719	0.51	-0.386
0.009	0.729	0.720	0.51	-0.389
0.009	0.727	0.718	0.51	-0.387
0.009	0.729	0.718	0.51	-0.384
0.009	0.728	0.717	0.51	-0.387
0.009	0.729	0.716	0.51	-0.389
0.009	0.727	0.715	0.51	-0.390
0.009	0.727	0.714	0.51	-0.392
0.009	0.726	0.714	0.51	-0.393
0.009	0.726	0.714	0.51	-0.393
0.009	0.729	0.715	0.51	-0.391
0.009	0.730	0.715	0.51	-0.392
0.008	0.727	0.714	0.51	-0.389
0.008	0.727	0.713	0.51	-0.389
0.008	0.727	0.712	0.51	-0.390
0.008	0.727	0.712	0.51	-0.392
0.008	0.728	0.712	0.51	-0.391
0.008	0.729	0.711	0.51	-0.393
0.008	0.729	0.712	0.51	-0.396
0.008	0.729	0.712	0.51	-0.396
0.008	0.728	0.712	0.51	-0.392
0.008	0.727	0.711	0.51	-0.394
0.008	0.728	0.710	0.51	-0.392
0.008	0.730	0.710	0.51	-0.393
0.008	0.731	0.710	0.51	-0.394
0.008	0.730	0.710	0.51	-0.392
0.008	0.730	0.710	0.51	-0.395
0.008	0.731	0.709	0.51	-0.395
0.008	0.733	0.710	0.51	-0.396
0.008	0.733	0.710	0.52	-0.396
0.008	0.736	0.711	0.51	-0.394
0.008	0.736	0.711	0.51	-0.394
0.008	0.734	0.712	0.51	-0.394
0.008	0.732	0.713	0.51	-0.391
0.008	0.731	0.712	0.51	-0.391
0.008	0.731	0.711	0.51	-0.394
0.008	0.733	0.711	0.51	-0.392
0.007	0.733	0.711	0.51	-0.395
0.007	0.732	0.712	0.51	-0.392
0.007	0.732	0.711	0.51	-0.394
0.007	0.732	0.711	0.51	-0.394
0.007	0.731	0.711	0.51	-0.395
0.007	0.732	0.710	0.51	-0.393
0.007	0.731	0.709	0.51	-0.396
0.007	0.731	0.709	0.51	-0.396
0.007	0.732	0.708	0.51	-0.394
0.007	0.734	0.707	0.51	-0.398
0.007	0.736	0.707	0.51	-0.398
0.007	0.737	0.707	0.52	-0.397
0.007	0.737	0.708	0.52	-0.397
0.007	0.738	0.709	0.52	-0.398
0.007	0.737	0.709	0.52	-0.395
0.007	0.735	0.708	0.52	-0.398
0.007	0.734	0.707	0.51	-0.394
0.007	0.734	0.706	0.51	-0.399
0.007	0.734	0.706	0.51	-0.399
0.007	0.733	0.705	0.51	-0.397
0.007	0.734	0.706	0.51	-0.396
0.007	0.735	0.706	0.51	-0.396
0.007	0.735	0.706	0.51	-0.398
0.007	0.736	0.706	0.52	-0.398
0.007	0.736	0.706	0.51	-0.398
0.007	0.736	0.707	0.52	-0.396
0.007	0.735	0.706	0.51	-0.397
0.007	0.736	0.707	0.51	-0.399
0.006	0.736	0.707	0.51	-0.399
0.006	0.736	0.707	0.52	-0.399
0.006	0.736	0.707	0.51	-0.399
0.006	0.737	0.707	0.52	-0.397
0.006	0.737	0.708	0.52	-0.396
0.006	0.737	0.708	0.51	-0.396
0.006	0.737	0.707	0.52	-0.394
0.006	0.737	0.707	0.52	-0.395
0.006	0.738	0.707	0.52	-0.398
0.006	0.737	0.708	0.52	-0.396
0.006	0.738	0.709	0.52	-0.396
0.006	0.738	0.709	0.52	-0.396
0.006	0.739	0.709	0.52	-0.396
0.006	0.740	0.709	0.52	-0.397
0.006	0.741	0.709	0.52	-0.396
0.006	0.739	0.710	0.52	-0.397
0.006	0.739	0.710	0.52	-0.397
0.006	0.737	0.711	0.52	-0.396
0.006	0.736	0.710	0.51	-0.395
0.006	0.735	0.710	0.51	-0.397
0.006	0.735	0.710	0.51	-0.397
0.006	0.735	0.709	0.51	-0.395
0.006	0.734	0.709	0.51	-0.397
0.006	0.734	0.709	0.51	-0.397
0.006	0.734	0.709	0.51	-0.397
0.006	0.734	0.708	0.51	-0.395
0.006	0.734	0.708	0.51	-0.395
0.006	0.734	0.709	0.51	-0.395
0.006	0.734	0.708	0.51	-0.396
0.006	0.734	0.709	0.51	-0.397
0.006	0.734	0.710	0.51	-0.395
0.006	0.734	0.711	0.51	-0.394
0.006	0.735	0.710	0.51	-0.392
0.006	0.735	0.711	0.51	-0.393
0.005	0.735	0.711	0.51	-0.395
0.005	0.734	0.711	0.51	-0.395
0.005	0.733	0.711	0.51	-0.393
0.005	0.733	0.710	0.51	-0.394
0.005	0.734	0.710	0.51	-0.395
0.005	0.733	0.711	0.51	-0.395
0.005	0.733	0.711	0.51	-0.395
0.005	0.731	0.710	0.51	-0.394
0.005	0.730	0.710	0.51	-0.394
0.005	0.731	0.711	0.51	-0.393
0.005	0.731	0.711	0.51	-0.394
0.005	0.731	0.711	0.51	-0.393
0.005	0.730	0.711	0.51	-0.389
0.005	0.730	0.710	0.51	-0.394
0.005	0.729	0.710	0.51	-0.393
0.005	0.728	0.710	0.51	-0.393
0.005	0.728	0.710	0.51	-0.393
0.005	0.730	0.711	0.51	-0.394
0.005	0.731	0.710	0.51	-0.395
0.005	0.732	0.711	0.51	-0.393
0.005	0.733	0.711	0.51	-0.394
0.005	0.732	0.711	0.51	-0.396
0.005	0.733	0.711	0.51	-0.394
0.005	0.733	0.711	0.51	-0.396
0.005	0.733	0.711	0.51	-0.394
0.005	0.733	0.711	0.51	-0.394
0.005	0.733	0.711	0.51	-0.395
0.005	0.733	0.711	0.51	-0.395
0.005	0.734	0.712	0.51	-0.394
0.005	0.734	0.711	0.51	-0.391
0.005	0.735	0.711	0.51	-0.395
0.005	0.735	0.711	0.51	-0.395
0.005	0.733	0.711	0.51	-0.393
0.005	0.733	0.712	0.51	-0.394
0.005	0.732	0.711	0.51	-0.394
0.005	0.731	0.711	0.51	-0.394
0.005	0.732	0.711	0.51	-0.396
0.005	0.733	0.711	0.51	-0.394
0.005	0.733	0.711	0.51	-0.396
0.005	0.733	0.710	0.51	-0.395
0.004	0.733	0.710	0.51	-0.395
0.004	0.733	0.710	0.51	-0.395
0.004	0.733	0.710	0.51	-0.395
0.004	0.732	0.710	0.51	-0.396
0.004	0.732	0.710	0.51	-0.396
0.004	0.731	0.710	0.51	-0.393
0.004	0.732	0.710	0.51	-0.394
0.004	0.732	0.709	0.51	-0.395
0.004	0.731	0.710	0.51	-0.394
0.004	0.731	0.710	0.51	-0.398
0.004	0.731	0.710	0.51	-0.398
0.004	0.731	0.710	0.51	-0.398
0.004	0.732	0.710	0.51	-0.395
0.004	0.732	0.710	0.51	-0.395
0.004	0.732	0.711	0.51	-0.393
0.004	0.733	0.711	0.51	-0.394
0.004	0.734	0.711	0.51	-0.396
0.004	0.734	0.711	0.51	-0.396
0.004	0.734	0.711	0.51	-0.395
0.004	0.734	0.711	0.51	-0.395
0.004	0.734	0.711	0.51	-0.393
0.004	0.734	0.711	0.51	-0.392
0.004	0.735	0.712	0.51	-0.391
0.004	0.736	0.712	0.51	-0.393
0.004	0.735	0.713	0.51	-0.397
0.004	0.735	0.713	0.51	-0.397
0.004	0.735	0.713	0.51	-0.397
0.004	0.736	0.713	0.51	-0.395
0.004	0.736	0.712	0.51	-0.395
0.004	0.737	0.712	0.52	-0.392
0.004	0.738	0.712	0.52	-0.392
0.004	0.737	0.712	0.52	-0.394
0.004	0.737	0.711	0.52	-0.397
0.004	0.737	0.711	0.52	-0.397
0.004	0.736	0.711	0.52	-0.395
0.004	0.737	0.710	0.52	-0.395
0.004	0.736	0.710	0.51	-0.396
0.004	0.735	0.710	0.51	-0.395
0.004	0.735	0.711	0.51	-0.394
0.004	0.735	0.711	0.51	-0.393
0.004	0.735	0.712	0.51	-0.395
0.004	0.735	0.711	0.51	-0.392
0.004	0.735	0.711	0.51	-0.394
0.004	0.734	0.711	0.51	-0.394
0.004	0.734	0.712	0.51	-0.393
0.004	0.734	0.711	0.51	-0.393
0.004	0.734	0.711	0.51	-0.395
0.004	0.734	0.712	0.51	-0.396
0.004	0.733	0.712	0.51	-0.393
0.004	0.732	0.712	0.51	-0.392
0.003	0.732	0.712	0.51	-0.392
0.003	0.733	0.711	0.51	-0.393
0.003	0.733	0.711	0.51	-0.393
0.003	0.731	0.711	0.51	-0.395
0.003	0.732	0.711	0.51	-0.393
0.003	0.732	0.711	0.51	-0.392
0.003	0.732	0.711	0.51	-0.394
0.003	0.732	0.711	0.51	-0.393
0.003	0.732	0.712	0.51	-0.393
0.003	0.733	0.711	0.51	-0.394
0.003	0.733	0.711	0.51	-0.396
0.003	0.733	0.711	0.51	-0.396
0.003	0.733	0.711	0.51	-0.396
0.003	0.732	0.711	0.51	-0.396
0.003	0.732	0.711	0.51	-0.396
0.003	0.732	0.711	0.51	-0.396
0.003	0.733	0.711	0.51	-0.395
0.003	0.733	0.711	0.51	-0.393
0.003	0.734	0.711	0.51	-0.395
0.003	0.733	0.711	0.51	-0.394
0.003	0.733	0.711	0.51	-0.395
0.003	0.733	0.711	0.51	-0.395
0.003	0.733	0.711	0.51	-0.395
0.003	0.733	0.711	0.51	-0.393
0.003	0.733	0.711	0.51	-0.394
0.003	0.733	0.711	0.51	-0.396
0.003	0.733	0.712	0.51	-0.394
0.003	0.733	0.711	0.51	-0.395
0.003	0.733	0.711	0.51	-0.395
0.003	0.733	0.711	0.51	-0.392
0.003	0.732	0.711	0.51	-0.395
0.003	0.732	0.711	0.51	-0.395
0.003	0.732	0.711	0.51	-0.394
0.003	0.733	0.711	0.51	-0.396
0.003	0.733	0.711	0.51	-0.396
0.003	0.733	0.711	0.51	-0.395
0.003	0.733	0.711	0.51	-0.395
0.003	0.733	0.711	0.51	-0.393
0.003	0.732	0.711	0.51	-0.391
0.003	0.732	0.712	0.51	-0.392
0.003	0.732	0.712	0.51	-0.392
0.003	0.732	0.712	0.51	-0.395
0.003	0.732	0.711	0.51	-0.392
0.003	0.732	0.711	0.51	-0.394
0.003	0.732	0.711	0.51	-0.393
0.003	0.732	0.712	0.51	-0.395
0.003	0.732	0.712	0.51	-0.395
0.003	0.733	0.712	0.51	-0.394
0.003	0.733	0.712	0.51	-0.393
0.003	0.733	0.712	0.51	-0.390
0.003	0.733	0.713	0.51	-0.391
0.003	0.733	0.713	0.51	-0.393
0.003	0.733	0.713	0.51	-0.393
0.003	0.733	0.713	0.51	-0.393
0.003	0.734	0.713	0.51	-0.393
0.003	0.733	0.713	0.51	-0.394
0.003	0.733	0.713	0.51	-0.394
0.003	0.732	0.713	0.51	-0.394
0.003	0.733	0.713	0.51	-0.394
0.003	0.733	0.713	0.51	-0.394
0.003	0.733	0.713	0.51	-0.393
0.003	0.733	0.713	0.51	-0.393
0.003	0.733	0.713	0.51	-0.393
0.003	0.734	0.713	0.51	-0.394
0.003	0.734	0.713	0.51	-0.394
0.003	0.734	0.713	0.51	-0.394
0.003	0.734	0.713	0.51	-0.394
0.002	0.734	0.713	0.51	-0.394
0.002	0.734	0.712	0.51	-0.396
0.002	0.734	0.712	0.51	-0.396
0.002	0.734	0.712	0.51	-0.396
0.002	0.733	0.712	0.51	-0.390
0.002	0.733	0.712	0.51	-0.393
0.002	0.734	0.712	0.51	-0.394
0.002	0.734	0.712	0.51	-0.395
0.002	0.733	0.713	0.51	-0.395
0.002	0.733	0.713	0.51	-0.395
0.002	0.733	0.712	0.51	-0.394
0.002	0.733	0.712	0.51	-0.393
0.002	0.732	0.712	0.51	-0.390
0.002	0.733	0.712	0.51	-0.392
0.002	0.732	0.712	0.51	-0.393
0.002	0.732	0.712	0.51	-0.397
0.002	0.732	0.712	0.51	-0.397
0.002	0.732	0.712	0.51	-0.397
0.002	0.732	0.712	0.51	-0.397
0.002	0.732	0.712	0.51	-0.397
0.002	0.732	0.712	0.51	-0.397
0.002	0.732	0.712	0.51	-0.397
0.002	0.732	0.712	0.51	-0.397
0.002	0.732	0.712	0.51	-0.397
0.002	0.732	0.712	0.51	-0.397
0.002	0.732	0.712	0.51	-0.397
0.002	0.732	0.712	0.51	-0.397
0.002	0.732	0.712	0.51	-0.397
0.002	0.732	0.712	0.51	-0.397
0.002	0.733	0.712	0.51	-0.397
0.002	0.733	0.712	0.51	-0.397
0.002	0.733	0.712	0.51	-0.397
0.002	0.733	0.712	0.51	-0.397
0.002	0.733	0.713	0.51	-0.394
0.002	0.733	0.713	0.51	-0.393
0.002	0.733	0.713	0.51	-0.393
0.002	0.733	0.712	0.51	-0.391
0.002	0.733	0.712	0.51	-0.393
0.002	0.733	0.712	0.51	-0.393
0.002	0.732	0.712	0.51	-0.393
0.002	0.732	0.712	0.51	-0.391
0.002	0.732	0.712	0.51	-0.395
0.002	0.732	0.712	0.51	-0.395
0.002	0.732	0.712	0.51	-0.395
0.002	0.732	0.713	0.51	-0.393
0.002	0.732	0.713	0.51	-0.394
0.002	0.732	0.713	0.51	-0.394
0.002	0.732	0.713	0.51	-0.394
0.002	0.732	0.713	0.51	-0.394
0.002	0.731	0.713	0.51	-0.393
0.002	0.731	0.713	0.51	-0.394
0.002	0.731	0.713	0.51	-0.394
0.002	0.731	0.713	0.51	-0.394
0.002	0.731	0.713	0.51	-0.394
0.002	0.731	0.713	0.51	-0.394
0.002	0.731	0.713	0.51	-0.394
0.002	0.731	0.713	0.51	-0.394
0.002	0.732	0.713	0.51	-0.392
0.002	0.732	0.713	0.51	-0.392
0.002	0.732	0.713	0.51	-0.392
0.002	0.732	0.713	0.51	-0.393
0.002	0.733	0.713	0.51	-0.393
0.002	0.732	0.713	0.51	-0.394
0.002	0.732	0.713	0.51	-0.394
0.002	0.732	0.713	0.51	-0.392
0.002	0.732	0.714	0.51	-0.393
0.002	0.732	0.714	0.51	-0.393
0.002	0.732	0.714	0.51	-0.393
0.002	0.732	0.714	0.51	-0.392
0.002	0.732	0.714	0.51	-0.392
0.002	0.732	0.714	0.51	-0.393
0.002	0.732	0.714	0.51	-0.394
0.002	0.732	0.714	0.51	-0.394
0.002	0.732	0.714	0.51	-0.394
0.002	0.732	0.714	0.51	-0.394
0.002	0.732	0.714	0.51	-0.394
0.002	0.732	0.714	0.51	-0.394
0.002	0.732	0.714	0.51	-0.394
0.002	0.732	0.714	0.51	-0.393
0.002	0.733	0.714	0.51	-0.394
0.002	0.733	0.714	0.51	-0.394
0.002	0.733	0.714	0.51	-0.394
0.002	0.733	0.714	0.51	-0.393
0.002	0.733	0.714	0.51	-0.393
0.002	0.733	0.714	0.51	-0.393
0.002	0.733	0.714	0.51	-0.391
0.002	0.734	0.714	0.51	-0.393
0.002	0.734	0.714	0.51	-0.394
0.002	0.734	0.714	0.51	-0.394
0.002	0.734	0.714	0.51	-0.394
0.002	0.734	0.714	0.51	-0.394
0.002	0.734	0.714	0.51	-0.394
0.002	0.734	0.714	0.51	-0.394
0.002	0.734	0.714	0.51	-0.392
0.002	0.734	0.714	0.51	-0.392
0.002	0.735	0.714	0.51	-0.392
0.002	0.734	0.714	0.51	-0.393
0.002	0.734	0.714	0.51	-0.393
0.002	0.734	0.714	0.51	-0.393
0.002	0.734	0.714	0.51	-0.393
0.002	0.735	0.714	0.51	-0.392
0.002	0.734	0.713	0.51	-0.393
0.001	0.734	0.713	0.51	-0.392
0.001	0.734	0.713	0.51	-0.395
0.001	0.734	0.713	0.51	-0.393
0.001	0.734	0.713	0.51	-0.395
0.001	0.734	0.713	0.51	-0.395
0.001	0.734	0.713	0.51	-0.395
0.001	0.734	0.713	0.51	-0.395
0.001	0.734	0.713	0.51	-0.395
0.001	0.734	0.713	0.51	-0.395
0.001	0.734	0.713	0.51	-0.395
0.001	0.734	0.713	0.51	-0.395
0.001	0.734	0.713	0.51	-0.395
0.001	0.734	0.713	0.51	-0.394
0.001	0.734	0.713	0.51	-0.394
0.001	0.734	0.713	0.51	-0.393
0.001	0.734	0.713	0.51	-0.393
0.001	0.734	0.713	0.51	-0.393
0.001	0.734	0.713	0.51	-0.392
0.001	0.734	0.713	0.51	-0.393
0.001	0.734	0.713	0.51	-0.393
0.001	0.734	0.713	0.51	-0.391
0.001	0.734	0.713	0.51	-0.391
0.001	0.733	0.713	0.51	-0.392
0.001	0.733	0.713	0.51	-0.392
0.001	0.733	0.713	0.51	-0.392
0.001	0.733	0.712	0.51	-0.393
0.001	0.733	0.713	0.51	-0.394
0.001	0.733	0.713	0.51	-0.394
0.001	0.733	0.713	0.51	-0.396
0.001	0.733	0.713	0.51	-0.396
0.001	0.733	0.713	0.51	-0.396
0.001	0.733	0.713	0.51	-0.396
0.001	0.733	0.713	0.51	-0.396
0.001	0.733	0.713	0.51	-0.396
0.001	0.733	0.713	0.51	-0.396
0.001	0.733	0.713	0.51	-0.396
0.001	0.733	0.713	0.51	-0.396
0.001	0.733	0.713	0.51	-0.396
0.001	0.733	0.713	0.51	-0.396
0.001	0.733	0.713	0.51	-0.396
0.001	0.733	0.713	0.51	-0.396
0.001	0.733	0.713	0.51	-0.396
0.001	0.733	0.713	0.51	-0.396
0.001	0.733	0.713	0.51	-0.396
0.001	0.733	0.713	0.51	-0.396
0.001	0.733	0.713	0.51	-0.396
0.001	0.733	0.713	0.51	-0.396
0.001	0.733	0.713	0.51	-0.396
0.001	0.733	0.713	0.51	-0.396
0.001	0.733	0.713	0.51	-0.396
0.001	0.733	0.713	0.51	-0.395
0.001	0.733	0.712	0.51	-0.394
0.001	0.733	0.712	0.51	-0.394
0.001	0.733	0.712	0.51	-0.394
0.001	0.734	0.713	0.51	-0.394
0.001	0.734	0.713	0.51	-0.394
0.001	0.734	0.713	0.51	-0.394
0.001	0.734	0.713	0.51	-0.394
0.001	0.734	0.713	0.51	-0.394
0.001	0.734	0.713	0.51	-0.394
0.001	0.734	0.713	0.51	-0.391
0.001	0.734	0.713	0.51	-0.394
0.001	0.734	0.713	0.51	-0.394
0.001	0.734	0.713	0.51	-0.394
0.001	0.734	0.713	0.51	-0.394
0.001	0.734	0.713	0.51	-0.394
0.001	0.734	0.713	0.51	-0.394
0.001	0.734	0.713	0.51	-0.394
0.001	0.734	0.713	0.51	-0.394
0.001	0.734	0.713	0.51	-0.394
0.001	0.734	0.713	0.51	-0.394
0.001	0.734	0.713	0.51	-0.394
0.001	0.734	0.713	0.51	-0.394
0.001	0.734	0.713	0.51	-0.393
0.001	0.734	0.713	0.51	-0.394
0.001	0.734	0.712	0.51	-0.391
0.001	0.734	0.713	0.51	-0.394
0.001	0.733	0.712	0.51	-0.394
0.001	0.734	0.712	0.51	-0.394
0.001	0.734	0.712	0.51	-0.394
0.001	0.734	0.712	0.51	-0.394
