0     455.48389  491.63334  509.45633  21.84595  
1     455.48389  491.63334  509.45633  21.84595  
2     448.22672  457.84034  477.69576  24.62736  
3     443.25565  449.21200  458.86544  17.40567  
4     433.70925  443.90225  449.01318  10.40292  
5     425.71246  434.62297  440.24662  6.34019   
6     418.10826  426.06586  431.60863  7.24332   
7     406.76310  418.97731  424.41249  6.90106   
8     400.25319  409.06371  415.54411  8.12988   
9     387.70000  400.61095  406.56501  8.18709   
10    385.19905  389.77759  397.18957  9.53272   
11    381.41753  385.21324  388.74241  6.95952   
12    374.03120  381.44811  384.56987  4.46548   
13    369.62213  375.12684  379.87295  6.39855   
14    365.92160  370.14525  373.79854  5.01107   
15    362.52066  366.46140  369.49555  4.24885   
16    359.74658  363.01624  366.37047  4.97984   
17    357.91138  360.41986  363.25764  4.52202   
18    350.90545  358.25624  360.66515  4.75628   
19    348.94693  351.90248  356.26325  5.73706   
20    339.99670  349.10870  351.68622  4.42742   
21    336.20993  341.09719  346.41224  6.61484   
22    335.35711  336.95806  341.16121  6.83172   
23    333.05765  335.58042  338.68232  6.38483   
24    330.94404  333.46091  335.77758  4.34028   
25    328.93899  331.33586  333.77072  4.54338   
26    324.51196  329.13616  332.02031  5.05809   
27    320.72876  325.17817  328.50255  4.99045   
28    318.49450  321.18437  324.54470  5.09566   
29    313.33032  318.50506  322.10034  6.04814   
30    309.50490  314.48792  318.49269  6.37892   
31    307.48766  310.25155  314.09860  5.95997   
32    304.09619  307.80746  311.02362  5.47704   
33    303.29734  305.37350  308.71965  6.41438   
34    297.91502  303.44984  306.32292  6.17653   
35    289.34828  299.04791  302.89431  5.95182   
36    285.79305  290.82133  296.33672  7.22762   
37    283.18552  286.41656  290.70217  7.20173   
38    279.77084  283.67885  286.95508  5.61617   
39    277.93493  280.51546  283.75075  6.30726   
40    275.52838  278.20985  281.46031  6.34154   
41    269.99188  275.87786  279.52754  7.78960   
42    267.44552  271.16564  276.21434  9.20017   
43    264.80665  267.87493  271.58319  6.15581   
44    264.16111  265.25880  268.37271  5.28478   
45    259.12279  264.16485  267.14685  5.65508   
46    257.39990  260.41473  263.94041  5.66296   
47    256.63316  257.93540  261.45111  6.68064   
48    255.93337  256.78709  259.16093  5.48445   
49    248.96375  256.07155  259.36206  7.12580   
50    248.46622  250.49958  255.09999  7.50389   
51    238.70710  248.42436  251.28137  5.36325   
52    237.14841  241.59961  247.19141  8.13621   
53    228.31566  237.47884  242.46460  8.23001   
54    227.35819  229.60995  236.48460  9.56431   
55    225.75658  227.71999  231.62807  7.40425   
56    223.61652  226.10603  228.79767  5.49832   
57    222.67095  224.22062  227.71905  6.08682   
58    221.37813  223.00566  225.72610  5.50751   
59    219.93518  221.68679  223.99350  4.53373   
60    219.46893  220.29748  222.68269  5.07662   
61    216.80112  219.52437  221.64165  4.30008   
62    215.85626  217.61495  220.42945  5.29911   
63    215.45428  216.16626  219.08839  5.84959   
64    213.71518  215.49358  218.17169  5.63155   
65    212.51336  213.94904  217.00580  5.68398   
66    211.25779  212.86858  215.63292  5.63574   
67    208.95309  211.49690  214.24975  5.23638   
68    208.10824  209.66821  213.03086  6.40083   
69    206.83133  208.31547  212.15697  7.72807   
70    205.79269  207.31131  210.31609  6.06067   
71    202.85474  206.02532  208.56722  5.32967   
72    202.74109  203.37843  206.80855  6.28033   
73    200.94350  202.74386  205.80149  6.78165   
74    200.94350  201.37279  204.00568  5.12422   
75    200.12957  200.92036  203.53130  6.08711   
76    199.66231  200.32104  203.36469  6.35627   
77    198.29399  199.82910  202.56997  6.14343   
78    197.81854  198.73002  201.91957  6.61520   
79    197.81854  197.98015  201.29430  7.25323   
80    195.75989  197.75948  200.68550  6.72299   
81    194.47449  196.17852  198.82505  5.98105   
82    193.71543  194.88142  198.25788  7.58437   
83    192.71054  193.85880  196.94039  6.87617   
84    191.78174  192.97616  195.23719  4.59911   
85    189.98691  192.07065  194.94870  6.64993   
86    185.06558  190.50302  193.15035  5.36871   
87    184.92245  186.77284  190.60682  6.24168   
88    180.53260  184.91506  188.31362  6.93537   
89    180.10607  182.01584  185.73991  6.64776   
90    179.39817  180.20578  183.18400  5.65004   
91    176.43991  179.60834  182.07167  5.84689   
92    175.53948  177.36620  181.00914  7.31135   
93    172.10445  175.83894  178.40480  5.25951   
94    172.10445  173.22145  177.02814  7.16372   
95    170.25741  172.01907  175.06130  6.41967   
96    169.06777  170.55526  174.19295  7.41918   
97    167.23077  169.43514  172.42436  5.95072   
98    166.73447  167.83645  170.53372  5.13726   
99    166.31320  166.93136  170.16686  6.00546   
100   165.30761  166.40823  168.95793  5.85159   
101   164.01978  165.57340  167.74605  4.95575   
102   163.21258  164.25125  167.30941  6.34897   
103   162.45352  163.36754  166.64150  6.97622   
104   160.35679  162.70430  165.99526  7.11618   
105   160.18883  161.21522  164.28668  6.53953   
106   157.70529  160.18527  162.29025  5.02767   
107   157.70529  158.48647  161.87660  6.60434   
108   157.56493  157.70389  161.19492  7.47384   
109   155.89767  157.60744  161.49186  8.67504   
110   154.92593  156.32717  159.17141  6.43654   
111   154.28831  155.19824  158.42991  7.09884   
112   152.98317  154.56424  157.40689  6.94530   
113   151.02050  153.26729  156.16233  6.61622   
114   150.64174  151.46518  154.75415  6.55607   
115   150.64174  150.80791  153.37556  5.70281   
116   150.16614  150.63699  152.79427  5.42740   
117   150.16614  150.26220  152.44242  4.66763   
118   149.57426  150.15811  152.81845  6.51001   
119   149.30418  149.70519  152.63430  7.15765   
120   146.12424  149.34534  151.38218  5.63023   
121   146.06313  146.74432  150.06908  6.85804   
122   145.77101  146.08646  149.03650  6.06487   
123   144.87175  145.85009  148.34206  6.10023   
124   144.71086  145.13369  147.57352  5.46913   
125   142.98389  144.74120  148.92844  8.47632   
126   142.98389  143.54112  147.40766  7.89802   
127   142.00477  142.97013  144.91014  5.77422   
128   141.73884  142.31681  145.16163  6.07907   
129   140.54747  141.78974  144.55747  6.09342   
130   139.77469  140.72819  143.01814  5.64585   
131   139.76881  140.00575  143.14998  7.08922   
132   138.78540  139.75702  143.25850  8.63672   
133   138.78274  139.18526  142.30438  7.39147   
134   138.03530  138.77597  141.19898  5.87538   
135   137.63913  138.32803  141.42562  6.71231   
136   136.81631  137.76785  140.92402  7.27436   
137   136.81631  137.12031  139.58596  5.87434   
138   136.19144  136.80649  139.34529  6.51317   
139   136.19144  136.31944  139.10726  7.23012   
140   135.53079  136.18246  138.11003  4.85684   
141   135.29334  135.69426  137.54815  4.70915   
142   135.14172  135.37560  137.80853  6.14133   
143   133.21721  135.15700  137.64360  6.98723   
144   132.98045  133.92490  136.74164  6.52791   
145   132.96519  133.05130  135.51409  5.27551   
146   131.21809  132.94970  135.70787  7.00828   
147   131.21809  131.80654  134.27571  5.21464   
148   129.89417  131.20147  133.52222  5.91740   
149   129.59763  130.21270  134.13068  8.37593   
150   129.59763  129.67819  131.96956  5.99396   
151   129.52602  129.59692  132.40323  7.21358   
152   129.44602  129.54688  132.11394  6.71698   
153   128.78719  129.45631  131.53561  6.15971   
154   128.72631  129.06790  132.50917  7.93940   
155   126.49872  128.72595  131.94265  7.55770   
156   125.76636  127.16247  130.17188  6.16936   
157   125.59908  126.05245  128.32563  5.31747   
158   123.78409  125.64411  127.83337  5.40067   
159   123.65692  124.40405  127.76017  7.47069   
160   122.64423  123.69442  127.07466  8.00310   
161   122.60850  122.93523  126.82486  8.63697   
162   122.34569  122.61945  125.14254  6.48299   
163   121.29782  122.37960  124.57750  5.84547   
164   121.17065  121.64296  124.18842  6.34007   
165   120.05574  121.18312  124.17789  7.31556   
166   119.35959  120.18338  121.95536  4.25829   
167   119.35959  119.61928  122.52633  6.97999   
168   117.60777  119.34153  122.38163  7.19210   
169   117.36486  118.15344  121.80953  7.38758   
170   116.75986  117.44139  120.30617  7.16652   
171   116.75986  116.90396  120.40132  8.49285   
172   116.72566  116.75952  120.51947  8.81438   
173   116.36819  116.73551  119.63755  6.54288   
174   116.14388  116.46904  118.79312  6.80465   
175   115.19620  116.19632  119.20099  7.51034   
176   115.19620  115.44818  118.94200  7.99879   
177   114.13992  115.16706  118.11988  7.81005   
178   114.12941  114.44268  117.40217  6.66896   
179   114.09647  114.13311  117.10711  7.25712   
180   114.07518  114.11174  116.39873  6.24757   
181   113.73937  114.07439  117.30938  8.11843   
182   113.73937  113.84105  116.97157  7.22818   
183   113.73937  113.73937  116.95115  7.82684   
184   112.33128  113.72486  117.16494  7.85270   
185   111.75748  113.05395  116.43152  8.12120   
186   111.75748  112.02766  114.95739  6.61049   
187   111.38369  111.75332  115.23017  7.56688   
188   111.31634  111.55050  114.79254  7.17911   
189   111.31634  111.34944  114.88991  8.13488   
190   111.00863  111.31327  114.78268  8.41356   
191   111.00863  111.12707  113.55899  6.27514   
192   111.00863  111.00863  113.24507  6.63254   
193   110.73855  111.00593  113.28077  5.86570   
194   110.73855  110.81804  113.30694  6.20044   
195   110.18423  110.73201  112.48715  5.18016   
196   109.87892  110.36926  112.37378  5.35731   
197   108.32392  109.94851  112.42551  5.96657   
198   108.14798  108.59499  110.91033  6.22194   
199   108.14798  108.20502  110.30964  5.36657   
200   108.07377  108.14675  110.41310  5.92667   
201   106.66536  108.08686  110.82842  5.98646   
202   106.66536  107.18617  110.75574  7.93369   
203   106.66536  106.66536  109.99602  7.18966   
204   106.27775  106.65761  109.31272  6.21171   
205   105.32487  106.40145  108.92019  6.35776   
206   105.32487  105.67482  107.81698  5.51819   
207   105.32487  105.32487  108.82756  7.52727   
208   105.18623  105.32348  109.39186  9.37194   
209   105.18623  105.23988  107.69671  6.13913   
210   103.89151  105.17286  108.15682  7.57266   
211   103.89151  104.33951  108.27270  9.22657   
212   103.78376  103.89001  107.38629  9.05927   
213   103.72642  103.81879  107.42302  9.02861   
214   103.72642  103.75222  107.37025  9.30965   
215   103.72642  103.72642  105.51615  5.38859   
216   103.72642  103.72642  106.17655  6.35672   
217   102.87008  103.71142  106.05193  5.68880   
218   102.87008  103.11112  105.83002  6.72301   
219   102.87008  102.87008  105.75726  6.83640   
220   101.88584  102.86024  105.78242  7.42615   
221   101.88584  102.29508  105.35196  6.70890   
222   101.48553  101.88093  105.02801  7.38996   
223   101.44331  101.66230  105.56808  8.93264   
224   99.94941   101.44695  105.55430  9.00344   
225   99.87458   100.50922  104.55213  8.27026   
226   99.87458   99.91092   103.05860  7.59401   
227   99.87458   99.87458   103.32323  8.78276   
228   99.87458   99.87458   103.09588  7.87303   
229   99.27066   99.86700   103.59592  8.60364   
230   98.89169   99.50297   103.45952  8.48702   
231   98.18587   99.00607   102.44056  7.78475   
232   98.18587   98.43956   101.82982  7.57402   
233   96.27121   98.16673   101.30006  7.70663   
234   95.89386   96.93031   100.59968  8.35715   
235   95.89386   96.01900   99.28498   6.81801   
236   94.91137   95.88222   98.97328   7.47638   
237   94.91137   95.26679   98.02977   6.14627   
238   94.91137   94.91137   97.56004   5.86803   
239   94.91137   94.91137   97.49185   6.74792   
240   94.91137   94.91137   98.19030   7.81921   
241   94.91137   94.91137   97.52337   8.32587   
242   94.91137   94.91137   97.99556   7.87995   
243   94.91137   94.91137   97.92439   7.67930   
244   94.91137   94.91137   97.50980   6.79373   
245   94.80591   94.91032   98.37669   7.67275   
246   94.80591   94.84976   98.64044   8.02630   
247   94.60261   94.80340   97.24221   6.77675   
248   94.60261   94.67338   97.54266   6.51082   
249   94.49164   94.60150   98.21139   7.45177   
250   94.49164   94.52382   98.09268   8.24852   
251   93.68806   94.48361   97.54773   7.48187   
252   93.68806   94.03644   96.83296   6.67518   
253   93.68806   93.68806   96.04358   5.74403   
254   92.41708   93.66627   96.37310   6.64585   
255   92.11073   92.76233   95.96189   7.57736   
256   91.97267   92.17027   95.08413   7.28200   
257   91.36874   92.01495   93.70838   5.02835   
258   91.36874   91.52096   94.26932   6.95261   
259   91.11975   91.36625   94.13758   6.39520   
260   90.75981   91.24812   95.04913   7.66362   
261   90.06973   90.86893   93.93080   7.38729   
262   90.06973   90.25719   93.86900   8.53541   
263   89.82074   90.06645   93.76703   8.48015   
264   89.37888   89.92376   93.12824   7.07549   
265   89.37888   89.53795   93.20149   8.54882   
266   89.28318   89.37722   92.35377   7.22652   
267   89.28318   89.32121   92.07813   6.27174   
268   88.69790   89.27686   92.28616   7.17179   
269   88.69790   88.94244   91.65678   6.75273   
270   88.69790   88.69790   92.97358   8.81633   
271   88.69790   88.69790   91.15694   6.96716   
272   88.54583   88.69591   91.00596   5.92119   
273   88.54583   88.60806   92.11215   8.43887   
274   88.36022   88.54398   91.56917   7.35421   
275   88.36022   88.43817   92.20254   9.24520   
276   88.36022   88.36022   91.02446   6.79247   
277   88.36022   88.36022   91.24787   7.16514   
278   87.50428   88.35119   91.95346   8.62069   
279   87.50428   87.78993   89.95630   5.58008   
280   87.50428   87.50428   89.48312   5.61584   
281   86.85641   87.49695   90.29204   7.25938   
282   86.41716   87.10355   90.15866   8.06845   
283   86.41716   86.58012   89.46438   7.02354   
284   86.41716   86.41716   89.54495   8.04814   
285   86.41716   86.41716   89.23258   7.40414   
286   86.02949   86.41328   88.68301   6.20417   
287   85.95930   86.12958   89.46632   7.78286   
288   85.95930   85.98304   89.21839   8.01416   
289   85.95930   85.95930   88.87725   6.84516   
290   85.95930   85.95930   88.91361   7.12000   
291   85.82634   85.95797   88.09242   6.10207   
292   85.82634   85.86189   87.96873   5.33506   
293   85.82634   85.82634   88.39018   6.03593   
294   85.82634   85.82634   88.13376   6.65650   
295   85.82634   85.82634   88.01361   6.48772   
296   85.82634   85.82634   89.38703   7.90995   
297   85.82634   85.82634   89.05768   7.96235   
298   85.82634   85.82634   88.50007   6.76940   
299   85.82634   85.82634   88.46935   7.51613   
300   85.43868   85.82247   87.62248   5.75366   
301   85.43868   85.60155   88.66148   7.77863   
302   85.22993   85.43659   87.46609   6.50645   
303   85.22993   85.31806   87.92408   7.37622   
304   85.05431   85.22818   88.14299   6.19018   
305   85.05431   85.13731   88.01892   7.18786   
306   85.05431   85.05431   88.50905   8.83512   
307   85.05431   85.05431   88.71520   9.30063   
308   84.65385   85.05030   87.76541   8.19312   
309   84.65385   84.77799   87.64453   7.51063   
310   84.65385   84.65385   88.36503   8.59573   
311   84.65385   84.65385   87.10502   7.02976   
312   84.65385   84.65385   87.75863   9.68446   
313   84.65385   84.65385   87.49606   8.14400   
314   84.65385   84.65385   87.15566   5.78733   
315   84.65385   84.65385   88.16784   8.40442   
316   84.65385   84.65385   86.91778   5.59770   
317   84.65385   84.65385   87.66303   7.66071   
318   84.65385   84.65385   87.29790   7.69968   
319   84.35179   84.64851   87.60880   7.55399   
320   84.35179   84.44495   88.02818   8.66370   
321   84.35179   84.35179   87.57568   7.77175   
322   84.35179   84.35179   86.89509   6.97924   
323   84.35179   84.35179   86.97230   6.82152   
324   84.35179   84.35179   85.70706   4.05440   
325   84.21479   84.35042   86.96335   6.53257   
326   84.19272   84.27543   87.41086   7.87786   
327   84.19272   84.20023   86.28778   5.80273   
328   84.19272   84.19272   87.19900   8.26238   
329   84.19272   84.19272   88.12299   9.66817   
330   83.91962   84.18999   88.12672   9.64187   
331   83.91962   84.01696   87.49893   9.81394   
332   83.35680   83.91399   87.29009   8.24211   
333   83.35680   83.59487   88.13696   9.82533   
334   83.35680   83.35680   85.53045   6.38266   
335   83.35680   83.35680   85.99175   6.87592   
336   83.28882   83.35612   86.05239   6.94657   
337   83.28882   83.31455   85.78569   6.53613   
338   83.28882   83.28882   85.69117   6.50123   
339   83.28882   83.28882   84.80644   4.11556   
340   83.27880   83.28872   86.83196   9.00798   
341   83.27880   83.28210   86.14925   7.03189   
342   82.96234   83.27563   86.19545   6.92901   
343   82.96234   83.11487   86.67606   8.18532   
344   82.96234   82.96234   86.28657   8.76393   
345   82.96234   82.96234   85.80683   7.12215   
346   82.65988   82.95932   85.95248   7.41302   
347   82.65988   82.76574   84.91952   5.32685   
348   82.43627   82.65765   85.51731   7.74768   
349   82.43627   82.52168   85.45436   7.32130   
350   82.43627   82.43627   85.93867   8.27940   
351   82.43627   82.43627   85.35646   7.90708   
352   81.87505   82.43066   85.97901   8.48648   
353   81.87505   82.10818   85.41353   6.30869   
354   81.87505   81.87505   85.54953   8.48984   
355   81.87505   81.87505   85.03788   7.99932   
356   81.87505   81.87505   84.41887   6.29301   
357   81.87505   81.87505   84.61538   6.77795   
358   81.87505   81.87505   84.79723   8.64329   
359   81.87505   81.87505   84.16994   5.86917   
360   81.83720   81.87467   84.02615   5.81301   
361   81.76947   81.85015   84.27961   6.82362   
362   81.76947   81.80266   84.86080   7.72388   
363   81.76947   81.76947   84.92896   7.92143   
364   81.76947   81.76947   84.92591   7.66433   
365   81.76947   81.76947   84.61359   6.78863   
366   81.76947   81.76947   85.16740   7.64045   
367   81.76947   81.76947   84.25267   5.91652   
368   81.76947   81.76947   85.04110   6.83771   
369   81.76947   81.76947   84.63181   6.87330   
370   81.76947   81.76947   84.22916   7.11422   
371   81.76947   81.76947   84.13179   5.69069   
372   81.68972   81.76868   84.07631   6.12235   
373   81.68972   81.72641   85.34953   8.76361   
374   81.68972   81.68972   84.66168   7.68155   
375   81.68972   81.68972   84.85028   8.07582   
376   81.68972   81.68972   84.55785   7.88172   
377   81.68972   81.68972   83.56015   6.57260   
378   81.68972   81.68972   84.08836   7.04441   
379   81.63622   81.68919   84.54664   7.07777   
380   81.63622   81.65548   85.58599   9.14464   
381   81.63622   81.63622   84.71040   7.22591   
382   81.63622   81.63622   84.56595   7.16756   
383   81.57519   81.63561   85.13150   7.82179   
384   81.55144   81.59580   84.64837   7.60357   
385   81.55144   81.55927   84.20044   6.93476   
386   81.55144   81.55144   84.06564   6.23175   
387   81.55144   81.55144   84.30214   6.62481   
388   81.55144   81.55144   84.81239   8.19093   
389   81.30823   81.54900   84.31036   6.94344   
390   81.30823   81.40133   84.75991   7.55910   
391   81.30823   81.30823   85.41841   9.26570   
392   81.23129   81.30746   84.40353   8.46983   
393   81.23129   81.25822   84.87998   8.41012   
394   81.23129   81.23129   83.93599   7.19682   
395   81.23129   81.23129   83.56281   6.93072   
396   81.23129   81.23129   83.93848   7.22274   
397   81.23129   81.23129   84.89712   9.02023   
398   81.23129   81.23129   85.10664   8.80865   
399   80.58742   81.22485   84.64830   8.05782   
400   80.58742   80.84988   84.87682   8.19343   
401   80.58742   80.58742   84.18941   8.55434   
402   80.58742   80.58742   83.88324   8.11898   
403   80.58742   80.58742   83.63861   6.94420   
404   79.72366   80.57878   83.66560   7.79044   
405   79.72366   80.09263   84.10703   8.59307   
406   79.72366   79.72366   82.82703   7.84985   
407   79.72366   79.72366   82.10097   6.72080   
408   79.72366   79.72366   83.30012   8.15580   
409   79.72366   79.72366   82.29784   7.19603   
410   79.72366   79.72366   82.52916   6.75964   
411   79.72366   79.72366   83.00843   7.58254   
412   79.72366   79.72366   82.56906   7.69310   
413   79.72366   79.72366   82.14352   5.76786   
414   79.72366   79.72366   82.38285   7.16995   
415   79.72366   79.72366   83.10052   8.45073   
416   79.72366   79.72366   82.79745   7.47382   
417   79.72366   79.72366   83.27950   8.59086   
418   79.72366   79.72366   83.66809   8.51425   
419   79.67797   79.72321   82.97959   7.46109   
420   79.67797   79.69584   83.16438   8.78458   
421   79.67797   79.67797   83.09270   7.87687   
422   79.67797   79.67797   82.45982   6.89254   
423   79.67797   79.67797   82.27231   6.85748   
424   79.61694   79.67736   83.04137   8.43843   
425   79.61694   79.64013   83.29691   8.70791   
426   79.61694   79.61694   81.51328   5.45836   
427   79.61694   79.61694   81.99543   6.48805   
428   79.53062   79.61607   82.60926   7.31089   
429   79.50745   79.55628   82.64416   8.53917   
430   79.50745   79.51713   83.62942   8.93566   
431   79.50745   79.50745   81.97677   6.13650   
432   79.50745   79.50745   82.50851   7.72444   
433   79.50745   79.50745   82.78052   8.68411   
434   79.50745   79.50745   82.54788   7.97870   
435   79.50745   79.50745   82.19061   7.12194   
436   79.50745   79.50745   82.64845   7.81110   
437   79.50745   79.50745   81.90032   7.32447   
438   79.50745   79.50745   82.27053   7.01286   
439   79.50745   79.50745   82.52295   8.34351   
440   79.50745   79.50745   81.82837   6.88858   
441   79.50745   79.50745   82.65202   7.65865   
442   79.50745   79.50745   82.10461   6.81945   
443   79.50745   79.50745   82.71818   8.78768   
444   79.50745   79.50745   82.68183   8.63892   
445   79.50745   79.50745   81.97876   6.38496   
446   79.50745   79.50745   82.43247   7.08448   
447   79.50745   79.50745   81.94824   6.40507   
448   79.50745   79.50745   82.25652   6.34929   
449   79.50745   79.50745   82.62894   7.95661   
450   79.50745   79.50745   82.97289   8.88441   
451   79.50745   79.50745   82.53667   8.22486   
452   79.50745   79.50745   82.45251   8.29289   
453   79.50745   79.50745   81.93918   7.17107   
454   79.50745   79.50745   82.48649   7.20636   
455   79.50745   79.50745   82.24567   7.46763   
456   79.50745   79.50745   82.68107   7.65353   
457   79.50745   79.50745   82.62893   7.29331   
458   79.50745   79.50745   82.28014   7.25933   
459   79.50745   79.50745   82.47496   8.16811   
460   79.45077   79.50688   82.37608   7.91066   
461   79.45077   79.47174   81.95630   6.66478   
462   79.45077   79.45077   82.15069   6.78341   
463   79.45077   79.45077   82.23538   6.98302   
464   79.36445   79.44991   83.58474   9.34393   
465   79.36445   79.39984   82.24521   7.19646   
466   79.36445   79.36445   82.98698   8.49780   
467   78.45140   79.35532   82.69254   8.11531   
468   78.45140   78.77968   81.54384   6.69708   
469   78.45140   78.45140   81.00289   7.15594   
470   78.45140   78.45140   81.30504   7.25526   
471   78.45140   78.45140   80.87978   5.71557   
472   78.45140   78.45140   80.99008   6.07905   
473   78.45140   78.45140   81.16900   7.86462   
474   78.45140   78.45140   81.89857   8.61491   
475   78.45140   78.45140   81.33540   7.48759   
476   78.45140   78.45140   81.35862   8.37456   
477   78.45140   78.45140   81.42058   7.54277   
478   78.45140   78.45140   80.85237   6.14121   
479   78.45140   78.45140   80.77210   6.06484   
480   78.45140   78.45140   80.95191   6.48004   
481   78.45140   78.45140   81.58376   7.94524   
482   78.45140   78.45140   80.77818   5.72500   
483   78.45140   78.45140   81.36474   7.79702   
484   78.45140   78.45140   80.91022   6.33224   
485   78.45140   78.45140   80.55290   5.82302   
486   78.45140   78.45140   81.25061   7.64496   
487   78.45140   78.45140   80.91290   7.31559   
488   78.45140   78.45140   81.55019   8.23080   
489   78.45140   78.45140   81.32334   6.65267   
490   78.45140   78.45140   81.11916   6.69940   
491   78.45140   78.45140   81.38200   7.40787   
492   78.45140   78.45140   81.46317   7.23153   
493   78.45140   78.45140   80.56738   6.37848   
494   78.45140   78.45140   80.51539   5.97066   
495   78.17237   78.44861   80.78597   5.90656   
496   78.17237   78.29135   81.78753   8.25403   
497   78.17237   78.17237   82.05881   8.58898   
498   78.17237   78.17237   81.55725   9.10130   
499   78.17237   78.17237   80.94777   7.95432   
