0     29.07261   35.09456  
1     29.07261   35.09456  
2     28.39883   31.79673  
3     28.03286   29.58946  
4     27.38147   28.66291  
5     26.22624   28.09606  
6     25.18784   27.35235  
7     25.18784   26.57114  
8     24.30346   25.89102  
9     23.36260   25.11563  
10    21.95416   24.52543  
11    21.95416   23.75689  
12    21.23613   22.73062  
13    20.90286   21.87697  
14    20.41205   21.44397  
15    19.81041   20.92753  
16    19.59699   20.56280  
17    18.77380   20.05319  
18    18.77201   19.71389  
19    18.58900   19.34338  
20    17.65062   18.78932  
21    17.62800   18.68547  
22    17.57424   18.30331  
23    16.92720   17.68529  
24    16.87149   17.56229  
25    16.82591   17.24116  
26    15.91099   16.90295  
27    15.91099   16.76710  
28    15.63034   16.40048  
29    15.46348   16.00718  
30    15.46068   15.83587  
31    15.16076   15.59295  
32    14.67488   15.44410  
33    14.67488   15.29916  
34    14.32437   15.08500  
35    14.10805   14.76728  
36    14.04373   14.60574  
37    14.04373   14.37847  
38    13.75774   14.16743  
39    13.75774   14.04909  
40    13.42615   13.91563  
41    13.37122   13.76502  
42    13.37122   13.58752  
43    12.85952   13.41017  
44    12.80458   13.35187  
45    12.75576   13.17456  
46    12.48461   12.83658  
47    12.48461   12.77854  
48    12.48283   12.67828  
49    12.40317   12.51274  
50    12.23939   12.47855  
51    12.23939   12.44536  
52    12.15794   12.37170  
53    12.15794   12.25919  
54    11.56131   12.22109  
55    11.56131   12.14685  
56    11.56131   12.05693  
57    11.47986   11.73684  
58    11.40194   11.55532  
59    11.39963   11.52245  
60    11.39963   11.46384  
61    11.26955   11.40066  
62    11.21439   11.38952  
63    11.21439   11.33387  
64    11.13295   11.27213  
65    11.13295   11.23695  
66    11.12523   11.18590  
67    11.06410   11.13617  
68    11.06410   11.12712  
69    11.05266   11.09848  
70    11.01249   11.06300  
71    11.00105   11.05610  
72    10.96734   11.03750  
73    10.96734   11.00914  
74    10.91201   10.99852  
75    10.91201   10.98488  
76    10.91201   10.95473  
77    10.90043   10.91359  
78    10.90043   10.91158  
79    10.90043   10.90888  
80    10.90043   10.90214  
81    10.89272   10.90040  
82    10.85516   10.90022  
83    10.85516   10.89918  
84    10.83658   10.89298  
85    10.82505   10.87701  
86    10.82505   10.85317  
87    10.81699   10.84336  
88    10.23529   10.82800  
89    10.23529   10.81538  
90    10.22758   10.75329  
91    10.22410   10.40833  
92    10.19971   10.23418  
93    10.19971   10.22891  
94    10.19971   10.22188  
95    10.19200   10.21012  
96    10.18853   10.19947  
97    10.18853   10.19777  
98    10.18081   10.19034  
99    10.18081   10.18822  
100   10.18081   10.18641  
101   10.18081   10.18081  
102   10.18081   10.18081  
103   10.18081   10.18081  
104   10.18081   10.18081  
105   10.18081   10.18081  
106   10.18081   10.18081  
107   10.18081   10.18081  
108   10.18081   10.18081  
109   10.18081   10.18081  
110   10.18081   10.18081  
111   10.18081   10.18081  
112   10.18081   10.18081  
113   10.18081   10.18081  
114   10.18081   10.18081  
115   10.18081   10.18081  
116   10.18081   10.18081  
117   10.18081   10.18081  
118   10.18081   10.18081  
119   10.18081   10.18081  
120   10.18081   10.18081  
121   10.18081   10.18081  
122   10.18081   10.18081  
123   10.18081   10.18081  
124   10.18081   10.18081  
125   10.18081   10.18081  
126   10.18081   10.18081  
127   10.18081   10.18081  
128   10.18081   10.18081  
129   10.18081   10.18081  
130   10.18081   10.18081  
131   10.18081   10.18081  
132   10.18081   10.18081  
133   10.18081   10.18081  
134   10.18081   10.18081  
135   10.18081   10.18081  
136   10.18081   10.18081  
137   10.18081   10.18081  
138   10.18081   10.18081  
139   10.18081   10.18081  
140   10.18081   10.18081  
141   10.18081   10.18081  
142   10.18081   10.18081  
143   10.18081   10.18081  
144   10.18081   10.18081  
145   10.18081   10.18081  
146   10.18081   10.18081  
147   10.18081   10.18081  
148   10.18081   10.18081  
149   10.18081   10.18081  
150   10.18081   10.18081  
151   10.18081   10.18081  
152   10.18081   10.18081  
153   10.18081   10.18081  
154   10.18081   10.18081  
155   10.18081   10.18081  
156   10.18081   10.18081  
157   10.18081   10.18081  
158   10.18081   10.18081  
159   10.18081   10.18081  
160   10.18081   10.18081  
161   10.18081   10.18081  
162   10.18081   10.18081  
163   10.18081   10.18081  
164   10.18081   10.18081  
165   10.18081   10.18081  
166   10.18081   10.18081  
167   10.18081   10.18081  
168   10.18081   10.18081  
169   10.18081   10.18081  
170   10.18081   10.18081  
171   10.18081   10.18081  
172   10.18081   10.18081  
173   10.18081   10.18081  
174   10.18081   10.18081  
175   10.18081   10.18081  
176   10.18081   10.18081  
177   10.18081   10.18081  
178   10.18081   10.18081  
179   10.18081   10.18081  
180   10.18081   10.18081  
181   10.18081   10.18081  
182   10.18081   10.18081  
183   10.18081   10.18081  
184   10.18081   10.18081  
185   10.18081   10.18081  
186   10.18081   10.18081  
187   10.18081   10.18081  
188   10.18081   10.18081  
189   10.18081   10.18081  
190   10.18081   10.18081  
191   10.18081   10.18081  
192   10.18081   10.18081  
193   10.18081   10.18081  
194   10.18081   10.18081  
195   10.18081   10.18081  
196   10.18081   10.18081  
197   10.18081   10.18081  
198   10.18081   10.18081  
199   10.18081   10.18081  
200   10.18081   10.18081  
201   10.18081   10.18081  
202   10.18081   10.18081  
203   10.18081   10.18081  
204   10.18081   10.18081  
205   10.18081   10.18081  
206   10.18081   10.18081  
207   10.18081   10.18081  
208   10.18081   10.18081  
209   10.18081   10.18081  
210   10.18081   10.18081  
211   10.18081   10.18081  
212   10.18081   10.18081  
213   10.18081   10.18081  
214   10.18081   10.18081  
215   10.18081   10.18081  
216   10.18081   10.18081  
217   10.18081   10.18081  
218   10.18081   10.18081  
219   10.18081   10.18081  
220   10.18081   10.18081  
221   10.18081   10.18081  
222   10.18081   10.18081  
223   10.18081   10.18081  
224   10.18081   10.18081  
225   10.18081   10.18081  
226   10.18081   10.18081  
227   10.18081   10.18081  
228   10.18081   10.18081  
229   10.18081   10.18081  
230   10.18081   10.18081  
231   10.18081   10.18081  
232   10.18081   10.18081  
233   10.18081   10.18081  
234   10.18081   10.18081  
235   10.18081   10.18081  
236   10.18081   10.18081  
237   10.18081   10.18081  
238   10.18081   10.18081  
239   10.18081   10.18081  
240   10.18081   10.18081  
241   10.18081   10.18081  
242   10.18081   10.18081  
243   10.18081   10.18081  
244   10.18081   10.18081  
245   10.18081   10.18081  
246   10.18081   10.18081  
247   10.18081   10.18081  
248   10.18081   10.18081  
249   10.18081   10.18081  
250   10.18081   10.18081  
251   10.18081   10.18081  
252   10.18081   10.18081  
253   10.18081   10.18081  
254   10.18081   10.18081  
255   10.18081   10.18081  
256   10.18081   10.18081  
257   10.18081   10.18081  
258   10.18081   10.18081  
259   10.18081   10.18081  
260   10.18081   10.18081  
261   10.18081   10.18081  
262   10.18081   10.18081  
263   10.18081   10.18081  
264   10.18081   10.18081  
265   10.18081   10.18081  
266   10.18081   10.18081  
267   10.18081   10.18081  
268   10.18081   10.18081  
269   10.18081   10.18081  
270   10.18081   10.18081  
271   10.18081   10.18081  
272   10.18081   10.18081  
273   10.18081   10.18081  
274   10.18081   10.18081  
275   10.18081   10.18081  
276   10.18081   10.18081  
277   10.18081   10.18081  
278   10.18081   10.18081  
279   10.18081   10.18081  
280   10.18081   10.18081  
281   10.18081   10.18081  
282   10.18081   10.18081  
283   10.18081   10.18081  
284   10.18081   10.18081  
285   10.18081   10.18081  
286   10.18081   10.18081  
287   10.18081   10.18081  
288   10.18081   10.18081  
289   10.18081   10.18081  
290   10.18081   10.18081  
291   10.18081   10.18081  
292   10.18081   10.18081  
293   10.18081   10.18081  
294   10.18081   10.18081  
295   10.18081   10.18081  
296   10.18081   10.18081  
297   10.18081   10.18081  
298   10.18081   10.18081  
299   10.18081   10.18081  
300   10.18081   10.18081  
301   10.18081   10.18081  
302   10.18081   10.18081  
303   10.18081   10.18081  
304   10.18081   10.18081  
305   10.18081   10.18081  
306   10.18081   10.18081  
307   10.18081   10.18081  
308   10.18081   10.18081  
309   10.18081   10.18081  
310   10.18081   10.18081  
311   10.18081   10.18081  
312   10.18081   10.18081  
313   10.18081   10.18081  
314   10.18081   10.18081  
315   10.18081   10.18081  
316   10.18081   10.18081  
317   10.18081   10.18081  
318   10.18081   10.18081  
319   10.18081   10.18081  
320   10.18081   10.18081  
321   10.18081   10.18081  
322   10.18081   10.18081  
323   10.18081   10.18081  
324   10.18081   10.18081  
325   10.18081   10.18081  
326   10.18081   10.18081  
327   10.18081   10.18081  
328   10.18081   10.18081  
329   10.18081   10.18081  
330   10.18081   10.18081  
331   10.18081   10.18081  
332   10.18081   10.18081  
333   10.18081   10.18081  
334   10.18081   10.18081  
335   10.18081   10.18081  
336   10.18081   10.18081  
337   10.18081   10.18081  
338   10.18081   10.18081  
339   10.18081   10.18081  
340   10.18081   10.18081  
341   10.18081   10.18081  
342   10.18081   10.18081  
343   10.18081   10.18081  
344   10.18081   10.18081  
345   10.18081   10.18081  
346   10.18081   10.18081  
347   10.18081   10.18081  
348   10.18081   10.18081  
349   10.18081   10.18081  
350   10.18081   10.18081  
351   10.18081   10.18081  
352   10.18081   10.18081  
353   10.18081   10.18081  
354   10.18081   10.18081  
355   10.18081   10.18081  
356   10.18081   10.18081  
357   10.18081   10.18081  
358   10.18081   10.18081  
359   10.18081   10.18081  
360   10.18081   10.18081  
361   10.18081   10.18081  
362   10.18081   10.18081  
363   10.18081   10.18081  
364   10.18081   10.18081  
365   10.18081   10.18081  
366   10.18081   10.18081  
367   10.18081   10.18081  
368   10.18081   10.18081  
369   10.18081   10.18081  
370   10.18081   10.18081  
371   10.18081   10.18081  
372   10.18081   10.18081  
373   10.18081   10.18081  
374   10.18081   10.18081  
375   10.18081   10.18081  
376   10.18081   10.18081  
377   10.18081   10.18081  
378   10.18081   10.18081  
379   10.18081   10.18081  
380   10.18081   10.18081  
381   10.18081   10.18081  
382   10.18081   10.18081  
383   10.18081   10.18081  
384   10.18081   10.18081  
385   10.18081   10.18081  
386   10.18081   10.18081  
387   10.18081   10.18081  
388   10.18081   10.18081  
389   10.18081   10.18081  
390   10.18081   10.18081  
391   10.18081   10.18081  
392   10.18081   10.18081  
393   10.18081   10.18081  
394   10.18081   10.18081  
395   10.18081   10.18081  
396   10.18081   10.18081  
397   10.18081   10.18081  
398   10.18081   10.18081  
399   10.18081   10.18081  
400   10.18081   10.18081  
401   10.18081   10.18081  
402   10.18081   10.18081  
403   10.18081   10.18081  
404   10.18081   10.18081  
405   10.18081   10.18081  
406   10.18081   10.18081  
407   10.18081   10.18081  
408   10.18081   10.18081  
409   10.18081   10.18081  
410   10.18081   10.18081  
411   10.18081   10.18081  
412   10.18081   10.18081  
413   10.18081   10.18081  
414   10.18081   10.18081  
415   10.18081   10.18081  
416   10.18081   10.18081  
417   10.18081   10.18081  
418   10.18081   10.18081  
419   10.18081   10.18081  
420   10.18081   10.18081  
421   10.18081   10.18081  
422   10.18081   10.18081  
423   10.18081   10.18081  
424   10.18081   10.18081  
425   10.18081   10.18081  
426   10.18081   10.18081  
427   10.18081   10.18081  
428   10.18081   10.18081  
429   10.18081   10.18081  
430   10.18081   10.18081  
431   10.18081   10.18081  
432   10.18081   10.18081  
433   10.18081   10.18081  
434   10.18081   10.18081  
435   10.18081   10.18081  
436   10.18081   10.18081  
437   10.18081   10.18081  
438   10.18081   10.18081  
439   10.18081   10.18081  
440   10.18081   10.18081  
441   10.18081   10.18081  
442   10.18081   10.18081  
443   10.18081   10.18081  
444   10.18081   10.18081  
445   10.18081   10.18081  
446   10.18081   10.18081  
447   10.18081   10.18081  
448   10.18081   10.18081  
449   10.18081   10.18081  
450   10.18081   10.18081  
451   10.18081   10.18081  
452   10.18081   10.18081  
453   10.18081   10.18081  
454   10.18081   10.18081  
455   10.18081   10.18081  
456   10.18081   10.18081  
457   10.18081   10.18081  
458   10.18081   10.18081  
459   10.18081   10.18081  
460   10.18081   10.18081  
461   10.18081   10.18081  
462   10.18081   10.18081  
463   10.18081   10.18081  
464   10.18081   10.18081  
465   10.18081   10.18081  
466   10.18081   10.18081  
467   10.18081   10.18081  
468   10.18081   10.18081  
469   10.18081   10.18081  
470   10.18081   10.18081  
471   10.18081   10.18081  
472   10.18081   10.18081  
473   10.18081   10.18081  
474   10.18081   10.18081  
475   10.18081   10.18081  
476   10.18081   10.18081  
477   10.18081   10.18081  
478   10.18081   10.18081  
479   10.18081   10.18081  
480   10.18081   10.18081  
481   10.18081   10.18081  
482   10.18081   10.18081  
483   10.18081   10.18081  
484   10.18081   10.18081  
485   10.18081   10.18081  
486   10.18081   10.18081  
487   10.18081   10.18081  
488   10.18081   10.18081  
489   10.18081   10.18081  
490   10.18081   10.18081  
491   10.18081   10.18081  
492   10.18081   10.18081  
493   10.18081   10.18081  
494   10.18081   10.18081  
495   10.18081   10.18081  
496   10.18081   10.18081  
497   10.18081   10.18081  
498   10.18081   10.18081  
499   10.18081   10.18081  
500   10.18081   10.18081  
501   10.18081   10.18081  
502   10.18081   10.18081  
503   10.18081   10.18081  
504   10.18081   10.18081  
505   10.18081   10.18081  
506   10.18081   10.18081  
507   10.18081   10.18081  
508   10.18081   10.18081  
509   10.18081   10.18081  
510   10.18081   10.18081  
511   10.18081   10.18081  
512   10.18081   10.18081  
513   10.18081   10.18081  
514   10.18081   10.18081  
515   10.18081   10.18081  
516   10.18081   10.18081  
517   10.18081   10.18081  
518   10.18081   10.18081  
519   10.18081   10.18081  
520   10.18081   10.18081  
521   10.18081   10.18081  
522   10.18081   10.18081  
523   10.18081   10.18081  
524   10.18081   10.18081  
525   10.18081   10.18081  
526   10.18081   10.18081  
527   10.18081   10.18081  
528   10.18081   10.18081  
529   10.18081   10.18081  
530   10.18081   10.18081  
531   10.18081   10.18081  
532   10.18081   10.18081  
533   10.18081   10.18081  
534   10.18081   10.18081  
535   10.18081   10.18081  
536   10.18081   10.18081  
537   10.18081   10.18081  
538   10.18081   10.18081  
539   10.18081   10.18081  
540   10.18081   10.18081  
541   10.18081   10.18081  
542   10.18081   10.18081  
543   10.18081   10.18081  
544   10.18081   10.18081  
545   10.18081   10.18081  
546   10.18081   10.18081  
547   10.18081   10.18081  
548   10.18081   10.18081  
549   10.18081   10.18081  
550   10.18081   10.18081  
551   10.18081   10.18081  
552   10.18081   10.18081  
553   10.18081   10.18081  
554   10.18081   10.18081  
555   10.18081   10.18081  
556   10.18081   10.18081  
557   10.18081   10.18081  
558   10.18081   10.18081  
559   10.18081   10.18081  
560   10.18081   10.18081  
561   10.18081   10.18081  
562   10.18081   10.18081  
563   10.18081   10.18081  
564   10.18081   10.18081  
565   10.18081   10.18081  
566   10.18081   10.18081  
567   10.18081   10.18081  
568   10.18081   10.18081  
569   10.18081   10.18081  
570   10.18081   10.18081  
571   10.18081   10.18081  
572   10.18081   10.18081  
573   10.18081   10.18081  
574   10.18081   10.18081  
575   10.18081   10.18081  
576   10.18081   10.18081  
577   10.18081   10.18081  
578   10.18081   10.18081  
579   10.18081   10.18081  
580   10.18081   10.18081  
581   10.18081   10.18081  
582   10.18081   10.18081  
583   10.18081   10.18081  
584   10.18081   10.18081  
585   10.18081   10.18081  
586   10.18081   10.18081  
587   10.18081   10.18081  
588   10.18081   10.18081  
589   10.18081   10.18081  
590   10.18081   10.18081  
591   10.18081   10.18081  
592   10.18081   10.18081  
593   10.18081   10.18081  
594   10.18081   10.18081  
595   10.18081   10.18081  
596   10.18081   10.18081  
597   10.18081   10.18081  
598   10.18081   10.18081  
599   10.18081   10.18081  
600   10.18081   10.18081  
601   10.18081   10.18081  
602   10.18081   10.18081  
603   10.18081   10.18081  
604   10.18081   10.18081  
605   10.18081   10.18081  
606   10.18081   10.18081  
607   10.18081   10.18081  
608   10.18081   10.18081  
609   10.18081   10.18081  
610   10.18081   10.18081  
611   10.18081   10.18081  
612   10.18081   10.18081  
613   10.18081   10.18081  
614   10.18081   10.18081  
615   10.18081   10.18081  
616   10.18081   10.18081  
617   10.18081   10.18081  
618   10.18081   10.18081  
619   10.18081   10.18081  
620   10.18081   10.18081  
621   10.18081   10.18081  
622   10.18081   10.18081  
623   10.18081   10.18081  
624   10.18081   10.18081  
625   10.18081   10.18081  
626   10.18081   10.18081  
627   10.18081   10.18081  
628   10.18081   10.18081  
629   10.18081   10.18081  
630   10.18081   10.18081  
631   10.18081   10.18081  
632   10.18081   10.18081  
633   10.18081   10.18081  
634   10.18081   10.18081  
635   10.18081   10.18081  
636   10.18081   10.18081  
637   10.18081   10.18081  
638   10.18081   10.18081  
639   10.18081   10.18081  
640   10.18081   10.18081  
641   10.18081   10.18081  
642   10.18081   10.18081  
643   10.18081   10.18081  
644   10.18081   10.18081  
645   10.18081   10.18081  
646   10.18081   10.18081  
647   10.18081   10.18081  
648   10.18081   10.18081  
649   10.18081   10.18081  
650   10.18081   10.18081  
651   10.18081   10.18081  
652   10.18081   10.18081  
653   10.18081   10.18081  
654   10.18081   10.18081  
655   10.18081   10.18081  
656   10.18081   10.18081  
657   10.18081   10.18081  
658   10.18081   10.18081  
659   10.18081   10.18081  
660   10.18081   10.18081  
661   10.18081   10.18081  
662   10.18081   10.18081  
663   10.18081   10.18081  
664   10.18081   10.18081  
665   10.18081   10.18081  
666   10.18081   10.18081  
667   10.18081   10.18081  
668   10.18081   10.18081  
669   10.18081   10.18081  
670   10.18081   10.18081  
671   10.18081   10.18081  
672   10.18081   10.18081  
673   10.18081   10.18081  
674   10.18081   10.18081  
675   10.18081   10.18081  
676   10.18081   10.18081  
677   10.18081   10.18081  
678   10.18081   10.18081  
679   10.18081   10.18081  
680   10.18081   10.18081  
681   10.18081   10.18081  
682   10.18081   10.18081  
683   10.18081   10.18081  
684   10.18081   10.18081  
685   10.18081   10.18081  
686   10.18081   10.18081  
687   10.18081   10.18081  
688   10.18081   10.18081  
689   10.18081   10.18081  
690   10.18081   10.18081  
691   10.18081   10.18081  
692   10.18081   10.18081  
693   10.18081   10.18081  
694   10.18081   10.18081  
695   10.18081   10.18081  
696   10.18081   10.18081  
697   10.18081   10.18081  
698   10.18081   10.18081  
699   10.18081   10.18081  
700   10.18081   10.18081  
701   10.18081   10.18081  
702   10.18081   10.18081  
703   10.18081   10.18081  
704   10.18081   10.18081  
705   10.18081   10.18081  
706   10.18081   10.18081  
707   10.18081   10.18081  
708   10.18081   10.18081  
709   10.18081   10.18081  
710   10.18081   10.18081  
711   10.18081   10.18081  
712   10.18081   10.18081  
713   10.18081   10.18081  
714   10.18081   10.18081  
715   10.18081   10.18081  
716   10.18081   10.18081  
717   10.18081   10.18081  
718   10.18081   10.18081  
719   10.18081   10.18081  
720   10.18081   10.18081  
721   10.18081   10.18081  
722   10.18081   10.18081  
723   10.18081   10.18081  
724   10.18081   10.18081  
725   10.18081   10.18081  
726   10.18081   10.18081  
727   10.18081   10.18081  
728   10.18081   10.18081  
729   10.18081   10.18081  
730   10.18081   10.18081  
731   10.18081   10.18081  
732   10.18081   10.18081  
733   10.18081   10.18081  
734   10.18081   10.18081  
735   10.18081   10.18081  
736   10.18081   10.18081  
737   10.18081   10.18081  
738   10.18081   10.18081  
739   10.18081   10.18081  
740   10.18081   10.18081  
741   10.18081   10.18081  
742   10.18081   10.18081  
743   10.18081   10.18081  
744   10.18081   10.18081  
745   10.18081   10.18081  
746   10.18081   10.18081  
747   10.18081   10.18081  
748   10.18081   10.18081  
749   10.18081   10.18081  
750   10.18081   10.18081  
751   10.18081   10.18081  
752   10.18081   10.18081  
753   10.18081   10.18081  
754   10.18081   10.18081  
755   10.18081   10.18081  
756   10.18081   10.18081  
757   10.18081   10.18081  
758   10.18081   10.18081  
759   10.18081   10.18081  
760   10.18081   10.18081  
761   10.18081   10.18081  
762   10.18081   10.18081  
763   10.18081   10.18081  
764   10.18081   10.18081  
765   10.18081   10.18081  
766   10.18081   10.18081  
767   10.18081   10.18081  
768   10.18081   10.18081  
769   10.18081   10.18081  
770   10.18081   10.18081  
771   10.18081   10.18081  
772   10.18081   10.18081  
773   10.18081   10.18081  
774   10.18081   10.18081  
775   10.18081   10.18081  
776   10.18081   10.18081  
777   10.18081   10.18081  
778   10.18081   10.18081  
779   10.18081   10.18081  
780   10.18081   10.18081  
781   10.18081   10.18081  
782   10.18081   10.18081  
783   10.18081   10.18081  
784   10.18081   10.18081  
785   10.18081   10.18081  
786   10.18081   10.18081  
787   10.18081   10.18081  
788   10.18081   10.18081  
789   10.18081   10.18081  
790   10.18081   10.18081  
791   10.18081   10.18081  
792   10.18081   10.18081  
793   10.18081   10.18081  
794   10.18081   10.18081  
795   10.18081   10.18081  
796   10.18081   10.18081  
797   10.18081   10.18081  
798   10.18081   10.18081  
799   10.18081   10.18081  
800   10.18081   10.18081  
801   10.18081   10.18081  
802   10.18081   10.18081  
803   10.18081   10.18081  
804   10.18081   10.18081  
805   10.18081   10.18081  
806   10.18081   10.18081  
807   10.18081   10.18081  
808   10.18081   10.18081  
809   10.18081   10.18081  
810   10.18081   10.18081  
811   10.18081   10.18081  
812   10.18081   10.18081  
813   10.18081   10.18081  
814   10.18081   10.18081  
815   10.18081   10.18081  
816   10.18081   10.18081  
817   10.18081   10.18081  
818   10.18081   10.18081  
819   10.18081   10.18081  
820   10.18081   10.18081  
821   10.18081   10.18081  
822   10.18081   10.18081  
823   10.18081   10.18081  
824   10.18081   10.18081  
825   10.18081   10.18081  
826   10.18081   10.18081  
827   10.18081   10.18081  
828   10.18081   10.18081  
829   10.18081   10.18081  
830   10.18081   10.18081  
831   10.18081   10.18081  
832   10.18081   10.18081  
833   10.18081   10.18081  
834   10.18081   10.18081  
835   10.18081   10.18081  
836   10.18081   10.18081  
837   10.18081   10.18081  
838   10.18081   10.18081  
839   10.18081   10.18081  
840   10.18081   10.18081  
841   10.18081   10.18081  
842   10.18081   10.18081  
843   10.18081   10.18081  
844   10.18081   10.18081  
845   10.18081   10.18081  
846   10.18081   10.18081  
847   10.18081   10.18081  
848   10.18081   10.18081  
849   10.18081   10.18081  
850   10.18081   10.18081  
851   10.18081   10.18081  
852   10.18081   10.18081  
853   10.18081   10.18081  
854   10.18081   10.18081  
855   10.18081   10.18081  
856   10.18081   10.18081  
857   10.18081   10.18081  
858   10.18081   10.18081  
859   10.18081   10.18081  
860   10.18081   10.18081  
861   10.18081   10.18081  
862   10.18081   10.18081  
863   10.18081   10.18081  
864   10.18081   10.18081  
865   10.18081   10.18081  
866   10.18081   10.18081  
867   10.18081   10.18081  
868   10.18081   10.18081  
869   10.18081   10.18081  
870   10.18081   10.18081  
871   10.18081   10.18081  
872   10.18081   10.18081  
873   10.18081   10.18081  
874   10.18081   10.18081  
875   10.18081   10.18081  
876   10.18081   10.18081  
877   10.18081   10.18081  
878   10.18081   10.18081  
879   10.18081   10.18081  
880   10.18081   10.18081  
881   10.18081   10.18081  
882   10.18081   10.18081  
883   10.18081   10.18081  
884   10.18081   10.18081  
885   10.18081   10.18081  
886   10.18081   10.18081  
887   10.18081   10.18081  
888   10.18081   10.18081  
889   10.18081   10.18081  
890   10.18081   10.18081  
891   10.18081   10.18081  
892   10.18081   10.18081  
893   10.18081   10.18081  
894   10.18081   10.18081  
895   10.18081   10.18081  
896   10.18081   10.18081  
897   10.18081   10.18081  
898   10.18081   10.18081  
899   10.18081   10.18081  
900   10.18081   10.18081  
901   10.18081   10.18081  
902   10.18081   10.18081  
903   10.18081   10.18081  
904   10.18081   10.18081  
905   10.18081   10.18081  
906   10.18081   10.18081  
907   10.18081   10.18081  
908   10.18081   10.18081  
909   10.18081   10.18081  
910   10.18081   10.18081  
911   10.18081   10.18081  
912   10.18081   10.18081  
913   10.18081   10.18081  
914   10.18081   10.18081  
915   10.18081   10.18081  
916   10.18081   10.18081  
917   10.18081   10.18081  
918   10.18081   10.18081  
919   10.18081   10.18081  
920   10.18081   10.18081  
921   10.18081   10.18081  
922   10.18081   10.18081  
923   10.18081   10.18081  
924   10.18081   10.18081  
925   10.18081   10.18081  
926   10.18081   10.18081  
927   10.18081   10.18081  
928   10.18081   10.18081  
929   10.18081   10.18081  
930   10.18081   10.18081  
931   10.18081   10.18081  
932   10.18081   10.18081  
933   10.18081   10.18081  
934   10.18081   10.18081  
935   10.18081   10.18081  
936   10.18081   10.18081  
937   10.18081   10.18081  
938   10.18081   10.18081  
939   10.18081   10.18081  
940   10.18081   10.18081  
941   10.18081   10.18081  
942   10.18081   10.18081  
943   10.18081   10.18081  
944   10.18081   10.18081  
945   10.18081   10.18081  
946   10.18081   10.18081  
947   10.18081   10.18081  
948   10.18081   10.18081  
949   10.18081   10.18081  
950   10.18081   10.18081  
951   10.18081   10.18081  
952   10.18081   10.18081  
953   10.18081   10.18081  
954   10.18081   10.18081  
955   10.18081   10.18081  
956   10.18081   10.18081  
957   10.18081   10.18081  
958   10.18081   10.18081  
959   10.18081   10.18081  
960   10.18081   10.18081  
961   10.18081   10.18081  
962   10.18081   10.18081  
963   10.18081   10.18081  
964   10.18081   10.18081  
965   10.18081   10.18081  
966   10.18081   10.18081  
967   10.18081   10.18081  
968   10.18081   10.18081  
969   10.18081   10.18081  
970   10.18081   10.18081  
971   10.18081   10.18081  
972   10.18081   10.18081  
973   10.18081   10.18081  
974   10.18081   10.18081  
975   10.18081   10.18081  
976   10.18081   10.18081  
977   10.18081   10.18081  
978   10.18081   10.18081  
979   10.18081   10.18081  
980   10.18081   10.18081  
981   10.18081   10.18081  
982   10.18081   10.18081  
983   10.18081   10.18081  
984   10.18081   10.18081  
985   10.18081   10.18081  
986   10.18081   10.18081  
987   10.18081   10.18081  
988   10.18081   10.18081  
989   10.18081   10.18081  
990   10.18081   10.18081  
991   10.18081   10.18081  
992   10.18081   10.18081  
993   10.18081   10.18081  
994   10.18081   10.18081  
995   10.18081   10.18081  
996   10.18081   10.18081  
997   10.18081   10.18081  
998   10.18081   10.18081  
999   10.18081   10.18081  
