0     30.80873   35.61885   37.54470   2.41348   
1     30.80873   35.61885   37.54470   2.41348   
2     29.35119   30.71424   30.90078   0.48954   
3     27.58735   29.25975   29.48081   0.59167   
4     26.52872   27.52159   27.76376   0.65499   
5     25.33624   26.47416   26.74806   0.67153   
6     23.64118   25.28555   25.59265   0.82824   
7     22.45966   23.62208   23.84111   0.61609   
8     22.07367   22.44477   22.75724   0.74063   
9     21.80495   22.06826   22.45188   0.87324   
10    21.48535   21.79902   22.08921   0.74236   
11    21.00942   21.46886   21.81168   0.79958   
12    20.30709   21.00240   21.49328   1.14993   
13    20.28565   20.30666   20.61863   0.85423   
14    19.75419   20.27936   20.55623   0.65420   
15    19.53539   19.74973   20.07670   0.80560   
16    19.15054   19.53036   19.88750   1.07217   
17    18.87166   19.14537   19.42033   0.75429   
18    17.22535   18.84021   19.11508   0.71762   
19    17.21470   17.22500   17.60611   0.92583   
20    16.92113   17.20854   17.58936   0.97671   
21    16.49273   16.90985   17.34639   1.11427   
22    16.11106   16.48669   16.89020   1.07946   
23    15.97712   16.10856   16.54266   1.04959   
24    15.73577   15.97467   16.34267   1.10222   
25    15.70308   15.73533   16.06052   0.80403   
26    15.62708   15.70126   16.18882   1.26551   
27    15.62708   15.62708   16.11009   1.24709   
28    15.62708   15.62708   15.92322   0.82851   
29    15.25586   15.62317   16.11240   1.32359   
30    15.25011   15.25575   15.70770   1.15667   
31    15.23867   15.24989   15.73532   1.20031   
32    14.67138   15.23300   15.56215   0.97437   
33    14.40254   14.66654   15.10358   1.18971   
34    13.52537   14.39377   14.74789   0.93999   
35    12.95480   13.51396   13.77878   0.77930   
36    12.95480   12.95480   13.36172   1.03773   
37    12.95480   12.95480   13.34370   1.05976   
38    12.76801   12.95293   13.44695   1.21376   
39    12.76801   12.76801   13.11972   0.98957   
40    12.74204   12.76775   13.17845   1.07861   
41    12.74204   12.74204   13.13209   0.96338   
42    12.42256   12.73884   13.31442   1.24953   
43    12.42256   12.42256   12.78871   0.99522   
44    11.97829   12.41785   12.97441   1.32295   
45    11.97829   11.97829   12.44626   1.32041   
46    11.95172   11.97750   12.47697   1.21841   
47    11.95172   11.95172   12.39665   1.33207   
48    11.95172   11.95172   12.39031   1.34407   
49    11.92600   11.95146   12.57918   1.56281   
50    11.92600   11.92600   12.36071   1.18245   
51    11.92600   11.92600   12.26115   0.96401   
52    11.92600   11.92600   12.50807   1.53800   
53    11.92600   11.92600   12.53887   1.48033   
54    11.92600   11.92600   12.46789   1.45154   
55    11.83767   11.92335   12.38819   1.27067   
56    11.83767   11.83767   12.32437   1.19734   
57    11.83767   11.83767   12.37283   1.30724   
58    11.83767   11.83767   12.27977   1.21004   
59    11.83767   11.83767   12.30283   1.46487   
60    11.83767   11.83767   12.15985   0.80214   
61    11.73039   11.83660   12.36314   1.37759   
62    11.73039   11.73039   12.15147   1.21689   
63    11.61359   11.72922   12.13623   1.10384   
64    11.46326   11.61209   12.10694   1.22898   
65    11.12583   11.45988   12.00557   1.30779   
66    11.12583   11.12583   11.59164   1.08556   
67    11.12583   11.12583   11.65594   1.34648   
68    11.12583   11.12583   11.52566   1.02592   
69    11.12583   11.12583   11.60227   1.16893   
70    11.12583   11.12583   11.61073   1.05241   
71    11.12583   11.12583   11.54571   1.22730   
72    11.12583   11.12583   11.60095   1.15367   
73    11.12583   11.12583   11.49300   0.86599   
74    11.12583   11.12583   11.47696   1.02370   
75    11.12583   11.12583   11.61481   1.19330   
76    11.12583   11.12583   11.65417   1.29915   
77    11.12583   11.12583   11.57327   1.26268   
78    11.12583   11.12583   11.69997   1.46461   
79    11.12583   11.12583   11.70584   1.43794   
80    11.12583   11.12583   11.66446   1.29501   
81    11.12583   11.12583   11.39609   0.70415   
82    11.09525   11.12552   11.61559   1.22698   
83    11.09525   11.09525   11.61019   1.32028   
84    11.08381   11.09514   11.60373   1.09217   
85    11.08381   11.08381   11.41866   1.03911   
86    11.08381   11.08381   11.54515   1.27853   
87    11.08381   11.08381   11.55976   1.15070   
88    11.08381   11.08381   11.58401   1.27209   
89    11.08381   11.08381   11.57239   1.28687   
90    11.08381   11.08381   11.68632   1.46413   
91    11.08381   11.08381   11.46738   1.11064   
92    11.08381   11.08381   11.62400   1.34780   
93    11.08381   11.08381   11.43537   0.96707   
94    11.08381   11.08381   11.53102   1.29489   
95    11.08381   11.08381   11.55718   1.24887   
96    11.08381   11.08381   11.73843   1.65552   
97    11.08381   11.08381   11.52774   1.21166   
98    11.08381   11.08381   11.57941   1.19932   
99    11.08381   11.08381   11.58096   1.19246   
100   11.08381   11.08381   11.56653   1.23433   
101   11.08381   11.08381   11.43633   1.04391   
102   11.08381   11.08381   11.59714   1.43368   
103   11.08381   11.08381   11.64023   1.41060   
104   11.08381   11.08381   11.55427   1.31759   
105   11.08381   11.08381   11.54583   1.33808   
106   11.08381   11.08381   11.51279   1.09964   
107   11.08381   11.08381   11.63111   1.39371   
108   11.08381   11.08381   11.71351   1.52489   
109   11.08381   11.08381   11.65697   1.27323   
110   11.08240   11.08380   11.53868   1.18543   
111   11.08240   11.08240   11.63791   1.34485   
112   11.08240   11.08240   11.45840   1.11235   
113   11.08240   11.08240   11.59462   1.37525   
114   11.08240   11.08240   11.60613   1.27040   
115   11.08240   11.08240   11.45456   1.06640   
116   11.08240   11.08240   11.50463   1.02254   
117   11.08240   11.08240   11.40782   0.82088   
118   11.08240   11.08240   11.47189   1.03455   
119   11.08240   11.08240   11.51050   1.21820   
120   11.08240   11.08240   11.61306   1.35806   
121   11.08240   11.08240   11.48457   1.13258   
122   11.08240   11.08240   11.45638   0.92500   
123   11.08240   11.08240   11.55304   1.36319   
124   11.08240   11.08240   11.51751   1.38404   
125   11.08240   11.08240   11.75547   1.58907   
126   11.08240   11.08240   11.49482   1.03571   
127   11.08240   11.08240   11.53536   1.10636   
128   11.08240   11.08240   11.64223   1.11745   
129   11.08240   11.08240   11.58990   1.14922   
130   11.08240   11.08240   11.46803   0.99299   
131   11.08240   11.08240   11.46799   1.15687   
132   11.08240   11.08240   11.74146   1.55368   
133   11.08240   11.08240   11.56075   1.37523   
134   11.08240   11.08240   11.47314   0.96183   
135   11.08240   11.08240   11.51827   1.10590   
136   11.08240   11.08240   11.56202   1.35794   
137   11.08240   11.08240   11.49964   1.06521   
138   11.08240   11.08240   11.46304   0.98372   
139   11.02018   11.08177   11.50273   1.19484   
140   11.02018   11.02018   11.39675   1.20534   
141   11.02018   11.02018   11.40302   1.10985   
142   11.02018   11.02018   11.32309   0.98199   
143   11.02018   11.02018   11.55417   1.47777   
144   11.02018   11.02018   11.44029   1.16969   
145   11.02018   11.02018   11.44281   1.06488   
146   11.02018   11.02018   11.37927   1.08691   
147   11.02018   11.02018   11.35847   0.85534   
148   11.02018   11.02018   11.43125   1.02694   
149   11.02018   11.02018   11.43590   1.19826   
150   11.02018   11.02018   11.48917   1.19862   
151   11.02018   11.02018   11.46585   1.04994   
152   11.02018   11.02018   11.44878   1.20423   
153   11.02018   11.02018   11.38796   0.99612   
154   11.02018   11.02018   11.54237   1.15626   
155   11.02018   11.02018   11.55604   1.30278   
156   11.02018   11.02018   11.45730   1.27650   
157   11.02018   11.02018   11.41051   1.08182   
158   11.02018   11.02018   11.37514   0.90028   
159   11.02018   11.02018   11.44093   1.14459   
160   11.02018   11.02018   11.38892   1.02232   
161   11.02018   11.02018   11.65149   1.59822   
162   11.02018   11.02018   11.32366   0.87858   
163   11.02018   11.02018   11.44535   1.14647   
164   11.02018   11.02018   11.51524   1.43708   
165   10.77151   11.01769   11.42554   1.17544   
166   10.77151   10.77151   11.08935   0.90855   
167   10.77151   10.77151   11.20760   1.15342   
168   10.77151   10.77151   11.42563   1.51199   
169   10.77151   10.77151   11.41228   1.57067   
170   10.77151   10.77151   11.20464   1.21318   
171   10.77151   10.77151   11.26237   1.15444   
172   10.77151   10.77151   11.31242   1.47796   
173   10.77151   10.77151   11.37683   1.29616   
174   10.77151   10.77151   11.18296   1.11471   
175   10.77151   10.77151   11.24722   1.14957   
176   10.77151   10.77151   11.29731   1.18061   
177   10.77151   10.77151   11.25426   1.30215   
178   10.77151   10.77151   11.22409   1.16390   
179   10.77151   10.77151   11.08251   0.84099   
180   10.77151   10.77151   11.26732   1.28157   
181   10.77151   10.77151   11.16272   1.01805   
182   10.77151   10.77151   11.22519   1.05061   
183   10.77151   10.77151   11.30571   1.32262   
184   10.77151   10.77151   11.34400   1.34103   
185   10.77151   10.77151   11.29398   1.47639   
186   10.77151   10.77151   11.24292   1.13876   
187   10.77151   10.77151   11.33070   1.22617   
188   10.77151   10.77151   11.36608   1.35804   
189   10.77151   10.77151   11.36322   1.37145   
190   10.77151   10.77151   11.30868   1.44157   
191   10.77151   10.77151   11.11912   1.02217   
192   10.77151   10.77151   11.24246   1.35332   
193   10.77151   10.77151   11.16987   1.11107   
194   10.77151   10.77151   11.16755   1.20835   
195   10.77151   10.77151   11.04674   0.97278   
196   10.77151   10.77151   11.18743   1.17488   
197   10.77151   10.77151   11.11877   0.94846   
198   10.77151   10.77151   11.10456   1.13847   
199   10.77151   10.77151   11.20316   1.25943   
200   10.77151   10.77151   11.15653   1.18827   
201   10.77151   10.77151   11.23948   1.07460   
202   10.77151   10.77151   11.28796   1.40136   
203   10.77151   10.77151   11.35926   1.27681   
204   10.77151   10.77151   11.25627   1.21631   
205   10.77151   10.77151   11.14345   1.04442   
206   10.77151   10.77151   11.10200   0.95716   
207   10.77151   10.77151   11.43396   1.56843   
208   10.77151   10.77151   11.33428   1.37096   
209   10.77151   10.77151   11.16971   1.06959   
210   10.77151   10.77151   11.24538   1.20911   
211   10.77151   10.77151   11.28195   1.39529   
212   10.77151   10.77151   11.33005   1.58003   
213   10.77151   10.77151   11.20474   1.07918   
214   10.77151   10.77151   11.26696   1.28687   
215   10.77151   10.77151   11.05826   0.93150   
216   10.77151   10.77151   11.18157   0.93993   
217   10.77151   10.77151   11.25535   1.17662   
218   10.77151   10.77151   11.15428   1.16875   
219   10.77151   10.77151   11.19398   1.11208   
220   10.77151   10.77151   11.13118   1.00268   
221   10.77151   10.77151   11.26586   1.22744   
222   10.77151   10.77151   11.33680   1.29827   
223   10.77151   10.77151   11.29909   1.35685   
224   10.77151   10.77151   11.23284   1.05818   
225   10.77151   10.77151   11.29675   1.24635   
226   10.77151   10.77151   11.19646   1.04664   
227   10.77151   10.77151   11.24441   1.33346   
228   10.77151   10.77151   11.27559   1.28028   
229   10.77151   10.77151   11.34534   1.34029   
230   10.77151   10.77151   11.40249   1.41449   
231   10.77151   10.77151   11.32041   1.39453   
232   10.77151   10.77151   11.33786   1.45113   
233   10.77151   10.77151   11.19974   1.14923   
234   10.77151   10.77151   11.19715   1.10513   
235   10.77151   10.77151   11.25891   1.27319   
236   10.77151   10.77151   11.26931   1.33069   
237   10.77151   10.77151   11.20486   1.06910   
238   10.77151   10.77151   11.22874   0.93986   
239   10.77151   10.77151   11.19774   1.18360   
240   10.77151   10.77151   11.30520   1.44405   
241   10.77151   10.77151   11.24144   1.30525   
242   10.77151   10.77151   11.35695   1.33052   
243   10.77151   10.77151   11.16048   1.03069   
244   10.77151   10.77151   11.29525   1.35650   
245   10.77151   10.77151   11.32966   1.40769   
246   10.77151   10.77151   11.41053   1.56921   
247   10.77151   10.77151   11.22425   1.13949   
248   10.77151   10.77151   11.14409   0.97025   
249   10.77151   10.77151   11.39789   1.30628   
250   10.77151   10.77151   11.36215   1.36688   
251   10.77151   10.77151   11.10409   0.91756   
252   10.77151   10.77151   11.23353   1.07127   
253   10.77151   10.77151   11.07343   0.77799   
254   10.77151   10.77151   11.28228   1.20192   
255   10.77151   10.77151   11.18584   1.10552   
256   10.77151   10.77151   11.16049   1.16283   
257   10.77151   10.77151   11.10047   0.96555   
258   10.77151   10.77151   11.21682   1.24751   
259   10.77151   10.77151   11.20803   1.17999   
260   10.77151   10.77151   11.44371   1.51625   
261   10.77151   10.77151   11.23837   1.17167   
262   10.77151   10.77151   11.30428   1.42661   
263   10.77151   10.77151   11.22160   0.99518   
264   10.77151   10.77151   11.33204   1.08425   
265   10.77151   10.77151   11.21659   1.25910   
266   10.77151   10.77151   11.24336   1.11984   
267   10.77151   10.77151   11.31113   1.24796   
268   10.77151   10.77151   11.29537   1.33768   
269   10.77151   10.77151   11.17909   1.05633   
270   10.77151   10.77151   11.54450   1.56208   
271   10.77151   10.77151   11.05592   1.03998   
272   10.77151   10.77151   11.20201   1.06471   
273   10.77151   10.77151   11.31096   1.29068   
274   10.77151   10.77151   11.16976   1.06246   
275   10.77151   10.77151   11.45862   1.69984   
276   10.77151   10.77151   11.17196   1.05903   
277   10.77151   10.77151   11.25387   1.41968   
278   10.77151   10.77151   11.26888   1.24502   
279   10.77151   10.77151   11.15368   1.15977   
280   10.77151   10.77151   11.09892   0.82338   
281   10.77151   10.77151   11.23472   1.26994   
282   10.77151   10.77151   11.21389   1.26767   
283   10.77151   10.77151   11.12854   1.04356   
284   10.77151   10.77151   11.27926   1.25126   
285   10.77151   10.77151   11.27201   1.15323   
286   10.77151   10.77151   11.15803   1.12989   
287   10.77151   10.77151   11.26482   1.16734   
288   10.77151   10.77151   11.18724   1.12360   
289   10.77151   10.77151   11.27006   1.06884   
290   10.77151   10.77151   11.25277   1.13305   
291   10.77151   10.77151   11.23660   1.19779   
292   10.77151   10.77151   11.09387   0.82963   
293   10.77151   10.77151   11.11881   0.89654   
294   10.77151   10.77151   11.15067   1.14082   
295   10.77151   10.77151   11.06774   0.98659   
296   10.77151   10.77151   11.31634   1.26102   
297   10.77151   10.77151   11.30370   1.30076   
298   10.77151   10.77151   11.16818   0.99496   
299   10.77151   10.77151   11.22711   1.31853   
300   10.77151   10.77151   11.09966   1.01302   
301   10.77151   10.77151   11.14727   1.13577   
302   10.77151   10.77151   11.15629   1.17292   
303   10.77151   10.77151   11.17515   1.05815   
304   10.77151   10.77151   11.25547   1.21623   
305   10.77151   10.77151   11.21369   1.14458   
306   10.77151   10.77151   11.33923   1.56782   
307   10.77151   10.77151   11.26002   1.22984   
308   10.77151   10.77151   11.21792   1.33865   
309   10.77151   10.77151   11.18708   1.21122   
310   10.77151   10.77151   11.25486   1.26629   
311   10.77151   10.77151   11.14969   0.98972   
312   10.77151   10.77151   11.29611   1.48499   
313   10.77151   10.77151   11.26277   1.30835   
314   10.77151   10.77151   11.14344   0.92314   
315   10.77151   10.77151   11.31802   1.29474   
316   10.77151   10.77151   11.18320   0.90690   
317   10.77151   10.77151   11.33867   1.45842   
318   10.77151   10.77151   11.24047   1.20560   
319   10.77151   10.77151   11.28021   1.33156   
320   10.77151   10.77151   11.22398   1.27726   
321   10.77151   10.77151   11.31128   1.45697   
322   10.77151   10.77151   11.14665   1.12372   
323   10.77151   10.77151   11.32079   1.43162   
324   10.77151   10.77151   11.15228   1.07035   
325   10.77151   10.77151   11.23750   1.15965   
326   10.77151   10.77151   11.28085   1.20605   
327   10.77151   10.77151   11.07474   1.06845   
328   10.77151   10.77151   11.23542   1.19851   
329   10.77151   10.77151   11.36014   1.42468   
330   10.77151   10.77151   11.28616   1.23555   
331   10.77151   10.77151   11.36349   1.43512   
332   10.77151   10.77151   11.22936   1.11777   
333   10.77151   10.77151   11.48713   1.70221   
334   10.77151   10.77151   11.09387   1.11526   
335   10.77151   10.77151   11.12796   1.09197   
336   10.77151   10.77151   11.27725   1.27064   
337   10.77151   10.77151   11.23686   1.12345   
338   10.77151   10.77151   11.20345   1.25549   
339   10.77151   10.77151   11.01432   0.64764   
340   10.77151   10.77151   11.33743   1.48450   
341   10.77151   10.77151   11.36592   1.41967   
342   10.77151   10.77151   11.25210   1.32523   
343   10.77151   10.77151   11.21770   1.06999   
344   10.77151   10.77151   11.14997   1.06161   
345   10.77151   10.77151   11.22725   1.29978   
346   10.77151   10.77151   11.35447   1.43176   
347   10.77151   10.77151   11.20826   1.14612   
348   10.77151   10.77151   11.30431   1.27492   
349   10.77151   10.77151   11.26030   1.26283   
350   10.77151   10.77151   11.36387   1.36271   
351   10.77151   10.77151   11.11695   1.12408   
352   10.77151   10.77151   11.35513   1.41808   
353   10.77151   10.77151   11.28769   1.14349   
354   10.77151   10.77151   11.23746   1.19847   
355   10.77151   10.77151   11.20607   1.08327   
356   10.77151   10.77151   11.11552   1.06927   
357   10.77151   10.77151   11.21368   1.13468   
358   10.77151   10.77151   11.26357   1.40331   
359   10.77151   10.77151   11.26909   1.31532   
360   10.77151   10.77151   11.11121   0.92132   
361   10.77151   10.77151   11.22691   1.29135   
362   10.77151   10.77151   11.34619   1.41518   
363   10.77151   10.77151   11.27628   1.28293   
364   10.77151   10.77151   11.30009   1.33297   
365   10.77151   10.77151   11.17860   0.99532   
366   10.77151   10.77151   11.33211   1.31615   
367   10.77151   10.77151   11.19717   1.01834   
368   10.77151   10.77151   11.29845   1.11731   
369   10.77151   10.77151   11.14227   1.11513   
370   10.77151   10.77151   11.13908   1.08537   
371   10.77151   10.77151   11.21057   1.12386   
372   10.77151   10.77151   11.16592   1.06830   
373   10.77151   10.77151   11.29242   1.33684   
374   10.77151   10.77151   11.19723   1.24289   
375   10.77151   10.77151   11.22861   1.17484   
376   10.77151   10.77151   11.17715   1.09936   
377   10.77151   10.77151   11.04335   0.79575   
378   10.77151   10.77151   11.22341   1.17562   
379   10.77151   10.77151   11.27159   1.34068   
380   10.77151   10.77151   11.49490   1.73264   
381   10.77151   10.77151   11.20261   1.14378   
382   10.77151   10.77151   11.32240   1.35801   
383   10.77151   10.77151   11.34681   1.50359   
384   10.77151   10.77151   11.31018   1.40643   
385   10.77151   10.77151   11.27484   1.32653   
386   10.77151   10.77151   11.21978   1.06632   
387   10.77151   10.77151   11.25215   1.21946   
388   10.77151   10.77151   11.30585   1.43204   
389   10.77151   10.77151   11.15626   0.96366   
390   10.77151   10.77151   11.30558   1.30747   
391   10.77151   10.77151   11.33952   1.39728   
392   10.77151   10.77151   11.22273   1.16691   
393   10.77151   10.77151   11.31057   1.38794   
394   10.77151   10.77151   11.16947   1.12164   
395   10.77151   10.77151   11.05357   0.93689   
396   10.77151   10.77151   11.23222   1.21856   
397   10.77151   10.77151   11.27935   1.23509   
398   10.77151   10.77151   11.43704   1.59103   
399   10.77151   10.77151   11.21402   1.19245   
400   10.77151   10.77151   11.27034   1.18494   
401   10.77151   10.77151   11.30939   1.38172   
402   10.77151   10.77151   11.29713   1.32557   
403   10.77151   10.77151   11.22540   1.04055   
404   10.77151   10.77151   11.25022   1.26053   
405   10.77151   10.77151   11.56380   1.78021   
406   10.77151   10.77151   11.25502   1.32553   
407   10.77151   10.77151   11.21748   1.23202   
408   10.77151   10.77151   11.35465   1.32620   
409   10.77151   10.77151   11.18991   1.17731   
410   10.77151   10.77151   11.28107   1.32891   
411   10.77151   10.77151   11.33237   1.36360   
412   10.77151   10.77151   11.18673   1.27075   
413   10.77151   10.77151   11.14805   0.98354   
414   10.77151   10.77151   11.22905   1.22448   
415   10.77151   10.77151   11.36257   1.34140   
416   10.77151   10.77151   11.18083   1.03288   
417   10.77151   10.77151   11.44876   1.67292   
418   10.77151   10.77151   11.33887   1.34570   
419   10.77151   10.77151   11.15466   0.91473   
420   10.77151   10.77151   11.19014   1.18325   
421   10.77151   10.77151   11.26364   1.20102   
422   10.77151   10.77151   11.15541   1.09490   
423   10.77151   10.77151   11.30921   1.37351   
424   10.77151   10.77151   11.20086   1.21517   
425   10.77151   10.77151   11.28365   1.16234   
426   10.77151   10.77151   11.04419   0.80668   
427   10.77151   10.77151   11.20122   1.27115   
428   10.77151   10.77151   11.26703   1.23010   
429   10.77151   10.77151   11.17908   1.10748   
430   10.77151   10.77151   11.46058   1.52456   
431   10.77151   10.77151   11.19104   1.08014   
432   10.77151   10.77151   11.35187   1.59330   
433   10.77151   10.77151   11.26767   1.35988   
434   10.77151   10.77151   11.26475   1.34874   
435   10.77151   10.77151   11.24858   1.29608   
436   10.77151   10.77151   11.23880   1.13650   
437   10.77151   10.77151   11.08352   0.96182   
438   10.77151   10.77151   11.15203   1.04691   
439   10.77151   10.77151   11.11311   1.01613   
440   10.77151   10.77151   11.13901   1.17199   
441   10.77151   10.77151   11.20280   1.04261   
442   10.77151   10.77151   11.24448   1.29741   
443   10.77151   10.77151   11.20803   1.28971   
444   10.77151   10.77151   11.15331   1.04377   
445   10.77151   10.77151   11.23507   1.22078   
446   10.77151   10.77151   11.13146   0.91530   
447   10.77151   10.77151   11.15354   1.00845   
448   10.77151   10.77151   11.27363   1.15535   
449   10.77151   10.77151   11.36722   1.41584   
450   10.77151   10.77151   11.29982   1.52307   
451   10.77151   10.77151   11.29746   1.43765   
452   10.77151   10.77151   11.25434   1.43577   
453   10.77151   10.77151   11.21261   1.23273   
454   10.77151   10.77151   11.20228   1.00520   
455   10.77151   10.77151   11.14861   1.07980   
456   10.77151   10.77151   11.21800   1.12974   
457   10.77151   10.77151   11.34820   1.20301   
458   10.77151   10.77151   11.27595   1.36276   
459   10.77151   10.77151   11.14447   0.98685   
460   10.77151   10.77151   11.08318   0.97042   
461   10.77151   10.77151   11.09691   0.95105   
462   10.77151   10.77151   11.16983   1.08389   
463   10.77151   10.77151   11.16373   1.06611   
464   10.77151   10.77151   11.31825   1.25669   
465   10.77151   10.77151   11.19543   1.13073   
466   10.77151   10.77151   11.28792   1.33457   
467   10.77151   10.77151   11.32351   1.32872   
468   10.77151   10.77151   11.21364   1.11970   
469   10.77151   10.77151   11.21762   1.37863   
470   10.77151   10.77151   11.19510   1.23754   
471   10.77151   10.77151   11.23845   1.12274   
472   10.77151   10.77151   11.14345   1.01955   
473   10.77151   10.77151   11.19532   1.26670   
474   10.77151   10.77151   11.25989   1.21664   
475   10.77151   10.77151   11.29193   1.34928   
476   10.77151   10.77151   11.13952   1.03851   
477   10.77151   10.77151   11.25989   1.27827   
478   10.77151   10.77151   11.21361   1.20641   
479   10.77151   10.77151   11.15789   1.13764   
480   10.77151   10.77151   11.22558   1.13727   
481   10.77151   10.77151   11.23702   1.26955   
482   10.77151   10.77151   11.14371   0.94878   
483   10.77151   10.77151   11.28052   1.34072   
484   10.77151   10.77151   11.17516   1.08058   
485   10.77151   10.77151   11.20010   1.18259   
486   10.77151   10.77151   11.35354   1.51984   
487   10.77151   10.77151   11.24436   1.27895   
488   10.77151   10.77151   11.30140   1.42417   
489   10.77151   10.77151   11.25194   1.16019   
490   10.77151   10.77151   11.13915   0.97752   
491   10.77151   10.77151   11.30683   1.38656   
492   10.77151   10.77151   11.19039   1.04024   
493   10.77151   10.77151   11.10520   0.98303   
494   10.77151   10.77151   11.16810   1.14612   
495   10.77151   10.77151   11.17966   1.00380   
496   10.77151   10.77151   11.16859   1.03358   
497   10.77151   10.77151   11.35353   1.31350   
498   10.77151   10.77151   11.16614   1.16266   
499   10.77151   10.77151   11.15355   1.16320   
