0     33.53818   40.28408  
1     33.53818   40.28408  
2     30.92950   33.93923  
3     28.21813   31.02715  
4     25.49551   28.55992  
5     23.48077   26.19685  
6     23.47851   23.80823  
7     22.45524   23.44585  
8     22.19616   22.67047  
9     21.27270   22.26554  
10    20.87977   21.47743  
11    19.82491   20.98704  
12    18.92636   20.12986  
13    18.85000   19.19073  
14    18.06317   18.85835  
15    17.38464   18.32998  
16    17.20768   17.52368  
17    17.06861   17.25174  
18    16.47956   17.10788  
19    16.40320   16.63543  
20    16.35654   16.42331  
21    16.35004   16.37501  
22    15.65241   16.34528  
23    15.38685   15.82312  
24    15.34643   15.49538  
25    14.09024   15.33986  
26    14.09024   14.51978  
27    13.98356   14.08897  
28    13.55218   14.01882  
29    13.55218   13.64608  
30    13.15123   13.54817  
31    13.15123   13.32136  
32    13.13135   13.15104  
33    13.04766   13.13787  
34    12.47859   13.05782  
35    12.47859   12.64045  
36    12.43229   12.47808  
37    12.42748   12.44487  
38    12.32424   12.42713  
39    12.31942   12.36219  
40    12.30426   12.32086  
41    11.45229   12.29437  
42    11.44219   11.66236  
43    11.00140   11.43987  
44    10.67879   11.12450  
45    10.67879   10.80632  
46    10.67878   10.67879  
47    10.64976   10.67849  
48    10.64976   10.66002  
49    10.64975   10.64976  
50    10.64927   10.64975  
51    10.64927   10.64940  
52    10.64926   10.64927  
53    10.62797   10.64905  
54    10.59393   10.63609  
55    10.59393   10.60927  
56    10.59393   10.59393  
57    10.49304   10.59292  
58    10.48993   10.52684  
59    10.48993   10.49099  
60    10.48993   10.48993  
61    10.48993   10.48993  
62    10.48993   10.48993  
63    10.48832   10.48988  
64    10.48832   10.48882  
65    10.48832   10.48832  
66    10.48832   10.48832  
67    10.48832   10.48832  
68    10.48832   10.48832  
69    9.27600    10.47620  
70    9.27600    9.63818   
71    9.27600    9.27600   
72    8.96793    9.26984   
73    8.74658    9.05104   
74    8.74658    8.80448   
75    8.73580    8.74637   
76    8.30714    8.73550   
77    8.30714    8.47897   
78    8.30714    8.30714   
79    8.30714    8.30714   
80    8.30714    8.30714   
81    7.67061    8.30077   
82    7.67061    7.87738   
83    7.67061    7.67061   
84    7.67061    7.67061   
85    7.58087    7.66972   
86    7.58087    7.61425   
87    7.58087    7.58087   
88    7.58087    7.58087   
89    7.58087    7.58087   
90    7.58087    7.58087   
91    7.58087    7.58087   
92    7.58087    7.58087   
93    7.58087    7.58087   
94    7.58087    7.58087   
95    7.58087    7.58087   
96    7.58087    7.58087   
97    7.58087    7.58087   
98    7.58087    7.58087   
99    7.58087    7.58087   
100   7.58087    7.58087   
101   7.58087    7.58087   
102   7.58087    7.58087   
103   7.58087    7.58087   
104   7.58087    7.58087   
105   7.58087    7.58087   
106   7.58087    7.58087   
107   7.58087    7.58087   
108   7.58087    7.58087   
109   7.58087    7.58087   
110   7.58087    7.58087   
111   7.58087    7.58087   
112   7.58087    7.58087   
113   7.58087    7.58087   
114   7.58087    7.58087   
115   7.58087    7.58087   
116   7.58087    7.58087   
117   7.58087    7.58087   
118   7.58087    7.58087   
119   7.58087    7.58087   
120   7.58087    7.58087   
121   7.58087    7.58087   
122   7.58087    7.58087   
123   7.58087    7.58087   
124   7.58087    7.58087   
125   7.58087    7.58087   
126   7.58087    7.58087   
127   7.58087    7.58087   
128   7.58087    7.58087   
129   7.58087    7.58087   
130   7.58087    7.58087   
131   7.58087    7.58087   
132   7.58087    7.58087   
133   7.58087    7.58087   
134   7.58087    7.58087   
135   7.58087    7.58087   
136   7.58087    7.58087   
137   7.58087    7.58087   
138   7.58087    7.58087   
139   7.58087    7.58087   
140   7.58087    7.58087   
141   7.58087    7.58087   
142   7.58087    7.58087   
143   7.58087    7.58087   
144   7.58087    7.58087   
145   7.58087    7.58087   
146   7.42781    7.57934   
147   7.42781    7.48452   
148   7.42781    7.42781   
149   7.42781    7.42781   
150   7.40816    7.42722   
151   7.40816    7.41220   
152   7.40816    7.40816   
153   7.40816    7.40816   
154   7.40548    7.40813   
155   7.40548    7.40663   
156   7.11852    7.40261   
157   7.11852    7.23586   
158   7.11852    7.11852   
159   7.11852    7.11852   
160   7.11852    7.11852   
161   7.11852    7.11852   
162   7.11852    7.11852   
163   7.11852    7.11852   
164   7.11852    7.11852   
165   7.11852    7.11852   
166   6.81070    7.11544   
167   6.81070    6.89073   
168   6.81070    6.81070   
169   6.81070    6.81070   
170   6.81070    6.81070   
171   6.26294    6.80522   
172   6.24306    6.43210   
173   6.24306    6.25129   
174   6.24306    6.24306   
175   6.24306    6.24306   
176   6.24306    6.24306   
177   6.24306    6.24306   
178   6.24306    6.24306   
179   6.24306    6.24306   
180   6.24306    6.24306   
181   6.24306    6.24306   
182   6.24306    6.24306   
183   6.24306    6.24306   
184   6.24306    6.24306   
185   6.24306    6.24306   
186   6.24306    6.24306   
187   6.24306    6.24306   
188   6.24306    6.24306   
189   6.24306    6.24306   
190   6.24306    6.24306   
191   6.24306    6.24306   
192   6.24306    6.24306   
193   6.24306    6.24306   
194   6.24306    6.24306   
195   6.24306    6.24306   
196   6.24306    6.24306   
197   6.24306    6.24306   
198   6.24306    6.24306   
199   6.24306    6.24306   
200   6.24306    6.24306   
201   6.24306    6.24306   
202   6.24306    6.24306   
203   6.24306    6.24306   
204   6.24306    6.24306   
205   6.24306    6.24306   
206   6.24306    6.24306   
207   6.24306    6.24306   
208   6.24306    6.24306   
209   6.24306    6.24306   
210   6.24306    6.24306   
211   6.24306    6.24306   
212   6.24306    6.24306   
213   6.24306    6.24306   
214   6.24306    6.24306   
215   6.24306    6.24306   
216   6.24306    6.24306   
217   6.24306    6.24306   
218   6.24306    6.24306   
219   6.24306    6.24306   
220   6.24306    6.24306   
221   6.24306    6.24306   
222   6.24306    6.24306   
223   6.24306    6.24306   
224   6.24306    6.24306   
225   6.24306    6.24306   
226   6.24306    6.24306   
227   6.24306    6.24306   
228   6.24306    6.24306   
229   6.24306    6.24306   
230   6.24306    6.24306   
231   6.24306    6.24306   
232   6.24306    6.24306   
233   6.24306    6.24306   
234   6.24306    6.24306   
235   6.24306    6.24306   
236   6.24306    6.24306   
237   6.24306    6.24306   
238   6.24306    6.24306   
239   6.24306    6.24306   
240   6.24306    6.24306   
241   6.24306    6.24306   
242   6.24306    6.24306   
243   6.24306    6.24306   
244   6.24306    6.24306   
245   6.24306    6.24306   
246   6.24306    6.24306   
247   6.24306    6.24306   
248   6.24306    6.24306   
249   6.24306    6.24306   
250   6.24306    6.24306   
251   6.24306    6.24306   
252   6.24306    6.24306   
253   6.24306    6.24306   
254   6.24306    6.24306   
255   6.24306    6.24306   
256   6.24306    6.24306   
257   6.24306    6.24306   
258   6.24306    6.24306   
259   6.24306    6.24306   
260   6.24306    6.24306   
261   6.24306    6.24306   
262   6.24306    6.24306   
263   6.24306    6.24306   
264   6.24306    6.24306   
265   6.24306    6.24306   
266   6.24306    6.24306   
267   6.24306    6.24306   
268   6.24306    6.24306   
269   6.24306    6.24306   
270   6.24306    6.24306   
271   6.24306    6.24306   
272   6.24306    6.24306   
273   6.24306    6.24306   
274   6.24306    6.24306   
275   6.24306    6.24306   
276   6.24306    6.24306   
277   6.24306    6.24306   
278   6.24306    6.24306   
279   6.24306    6.24306   
280   6.24306    6.24306   
281   6.24306    6.24306   
282   6.24306    6.24306   
283   6.24306    6.24306   
284   6.24306    6.24306   
285   6.24306    6.24306   
286   6.24306    6.24306   
287   6.24306    6.24306   
288   6.24306    6.24306   
289   6.24306    6.24306   
290   6.24306    6.24306   
291   6.24306    6.24306   
292   6.24306    6.24306   
293   6.24306    6.24306   
294   6.24306    6.24306   
295   6.24306    6.24306   
296   6.24306    6.24306   
297   6.24306    6.24306   
298   6.24306    6.24306   
299   6.24306    6.24306   
300   6.24306    6.24306   
301   6.24306    6.24306   
302   6.24306    6.24306   
303   6.24306    6.24306   
304   6.24306    6.24306   
305   6.24306    6.24306   
306   6.24306    6.24306   
307   6.24306    6.24306   
308   6.24306    6.24306   
309   6.24306    6.24306   
310   6.24306    6.24306   
311   6.24306    6.24306   
312   6.24306    6.24306   
313   6.24306    6.24306   
314   6.24306    6.24306   
315   6.24306    6.24306   
316   6.24306    6.24306   
317   6.24306    6.24306   
318   6.24306    6.24306   
319   6.24306    6.24306   
320   6.24306    6.24306   
321   6.24306    6.24306   
322   6.24306    6.24306   
323   6.24306    6.24306   
324   6.24306    6.24306   
325   6.24306    6.24306   
326   6.24306    6.24306   
327   6.24306    6.24306   
328   6.24306    6.24306   
329   6.24306    6.24306   
330   6.24306    6.24306   
331   6.24306    6.24306   
332   6.24306    6.24306   
333   6.24306    6.24306   
334   6.24306    6.24306   
335   6.24306    6.24306   
336   6.24306    6.24306   
337   6.24306    6.24306   
338   6.24306    6.24306   
339   6.24306    6.24306   
340   6.24306    6.24306   
341   6.24306    6.24306   
342   6.24306    6.24306   
343   6.24306    6.24306   
344   6.24306    6.24306   
345   6.24306    6.24306   
346   6.24306    6.24306   
347   6.24306    6.24306   
348   6.24306    6.24306   
349   6.24306    6.24306   
350   6.24306    6.24306   
351   6.24306    6.24306   
352   6.24306    6.24306   
353   6.24306    6.24306   
354   6.24306    6.24306   
355   6.24306    6.24306   
356   6.24306    6.24306   
357   6.24306    6.24306   
358   6.24306    6.24306   
359   6.24306    6.24306   
360   6.24306    6.24306   
361   6.24306    6.24306   
362   6.24306    6.24306   
363   6.24306    6.24306   
364   6.24306    6.24306   
365   6.24306    6.24306   
366   6.24306    6.24306   
367   6.24306    6.24306   
368   6.24306    6.24306   
369   6.24306    6.24306   
370   6.24306    6.24306   
371   6.24306    6.24306   
372   6.24306    6.24306   
373   6.24306    6.24306   
374   6.24306    6.24306   
375   6.24306    6.24306   
376   6.24306    6.24306   
377   6.24306    6.24306   
378   6.24306    6.24306   
379   6.24306    6.24306   
380   6.24306    6.24306   
381   6.24306    6.24306   
382   6.24306    6.24306   
383   6.24306    6.24306   
384   6.24306    6.24306   
385   6.24306    6.24306   
386   6.24306    6.24306   
387   6.24306    6.24306   
388   6.24306    6.24306   
389   6.24306    6.24306   
390   6.24306    6.24306   
391   6.24306    6.24306   
392   6.24306    6.24306   
393   6.24306    6.24306   
394   6.24306    6.24306   
395   6.24306    6.24306   
396   6.24306    6.24306   
397   6.24306    6.24306   
398   6.24306    6.24306   
399   6.24306    6.24306   
400   6.24306    6.24306   
401   6.24306    6.24306   
402   6.24306    6.24306   
403   6.24306    6.24306   
404   6.24306    6.24306   
405   6.24306    6.24306   
406   6.24306    6.24306   
407   6.24306    6.24306   
408   6.24306    6.24306   
409   6.24306    6.24306   
410   6.24306    6.24306   
411   6.24306    6.24306   
412   6.24306    6.24306   
413   6.24306    6.24306   
414   6.24306    6.24306   
415   6.24306    6.24306   
416   6.24306    6.24306   
417   6.24306    6.24306   
418   6.24306    6.24306   
419   6.24306    6.24306   
420   6.24306    6.24306   
421   6.24306    6.24306   
422   6.24306    6.24306   
423   6.24306    6.24306   
424   6.24306    6.24306   
425   6.24306    6.24306   
426   6.24306    6.24306   
427   6.24306    6.24306   
428   6.24306    6.24306   
429   6.24306    6.24306   
430   6.24306    6.24306   
431   6.24306    6.24306   
432   6.24306    6.24306   
433   6.24306    6.24306   
434   6.24306    6.24306   
435   6.24306    6.24306   
436   6.24306    6.24306   
437   6.24306    6.24306   
438   6.24306    6.24306   
439   6.24306    6.24306   
440   6.24306    6.24306   
441   6.24306    6.24306   
442   6.24306    6.24306   
443   6.24306    6.24306   
444   6.24306    6.24306   
445   6.24306    6.24306   
446   6.24306    6.24306   
447   6.24306    6.24306   
448   6.24306    6.24306   
449   6.24306    6.24306   
450   6.24306    6.24306   
451   6.24306    6.24306   
452   6.24306    6.24306   
453   6.24306    6.24306   
454   6.24306    6.24306   
455   6.24306    6.24306   
456   6.24306    6.24306   
457   6.24306    6.24306   
458   6.24306    6.24306   
459   6.24306    6.24306   
460   6.24306    6.24306   
461   6.24306    6.24306   
462   6.24306    6.24306   
463   6.24306    6.24306   
464   6.24306    6.24306   
465   6.24306    6.24306   
466   6.24306    6.24306   
467   6.24306    6.24306   
468   6.24306    6.24306   
469   6.24306    6.24306   
470   6.24306    6.24306   
471   6.24306    6.24306   
472   6.24306    6.24306   
473   6.24306    6.24306   
474   6.24306    6.24306   
475   6.24306    6.24306   
476   6.24306    6.24306   
477   6.24306    6.24306   
478   6.24306    6.24306   
479   6.24306    6.24306   
480   6.24306    6.24306   
481   6.24306    6.24306   
482   6.24306    6.24306   
483   6.24306    6.24306   
484   6.24306    6.24306   
485   6.24306    6.24306   
486   6.24306    6.24306   
487   6.24306    6.24306   
488   6.24306    6.24306   
489   6.24306    6.24306   
490   6.24306    6.24306   
491   6.24306    6.24306   
492   6.24306    6.24306   
493   6.24306    6.24306   
494   6.24306    6.24306   
495   6.24306    6.24306   
496   6.24306    6.24306   
497   6.24306    6.24306   
498   6.24306    6.24306   
499   6.24306    6.24306   
