0     455.48389  491.63334 
1     455.48389  491.63334 
2     450.80716  455.18286 
3     442.83442  450.33396 
4     431.48926  442.21028 
5     426.30351  431.25782 
6     423.63691  426.14059 
7     416.33956  423.34264 
8     403.82452  415.86893 
9     397.75208  403.57086 
10    386.19247  397.46804 
11    374.01847  385.91532 
12    370.42673  373.83723 
13    363.83184  370.25136 
14    360.55812  363.65849 
15    354.92024  360.30929 
16    350.21615  354.74101 
17    336.74581  349.85396 
18    329.72321  336.37513 
19    323.55266  329.50371 
20    319.95864  323.38866 
21    317.00523  319.86358 
22    313.78259  316.88971 
23    308.78507  313.57107 
24    299.77385  308.38617 
25    297.48249  299.64738 
26    282.20462  297.25752 
27    279.58624  282.14625 
28    276.34448  279.52256 
29    270.41550  276.08934 
30    265.74193  270.27609 
31    263.16900  265.61271 
32    260.47470  263.07814 
33    258.62208  260.33440 
34    248.48038  258.40938 
35    242.62036  248.27256 
36    239.92158  242.54449 
37    236.38255  239.79715 
38    233.95080  236.31424 
39    231.10839  233.87819 
40    228.41994  231.04153 
41    226.98421  228.35972 
42    224.94057  226.93082 
43    221.32241  224.85605 
44    216.55714  221.27344 
45    213.43050  216.47876 
46    207.06111  213.31088 
47    205.55158  206.98499 
48    202.72169  205.46165 
49    201.68094  202.69879 
50    200.16132  201.65378 
51    198.80958  200.11859 
52    197.62070  198.78483 
53    195.20593  197.57638 
54    191.65615  195.13196 
55    190.02670  191.60161 
56    188.09166  189.99667 
57    187.28664  188.07728 
58    186.36634  187.27715 
59    185.37892  186.34753 
60    182.60119  185.31952 
61    176.91024  182.52225 
62    176.20568  176.89902 
63    175.45948  176.18235 
64    174.97188  175.44610 
65    173.92341  174.93467 
66    172.95636  173.90525 
67    170.78839  172.92361 
68    168.32984  170.73572 
69    167.31858  168.31411 
70    166.17383  167.30459 
71    165.77791  166.16772 
72    164.77409  165.75538 
73    164.09642  164.76212 
74    163.28229  164.06879 
75    162.53682  163.25748 
76    161.46860  162.50528 
77    161.12258  161.46095 
78    160.77097  161.11506 
79    160.39717  160.76490 
80    159.13586  160.36510 
81    150.09461  159.02417 
82    148.92739  150.05477 
83    148.00980  148.91822 
84    147.00598  147.97420 
85    145.51109  146.98748 
86    145.08931  145.50334 
87    144.60171  145.08244 
88    144.00738  144.58560 
89    141.80173  143.97465 
90    140.95191  141.78952 
91    132.44556  140.86413 
92    132.02765  132.44138 
93    131.21659  132.00802 
94    130.71691  131.20940 
95    130.61650  130.71590 
96    130.42149  130.61455 
97    130.10948  130.41405 
98    129.29031  130.09926 
99    129.26798  129.29009 
100   129.21755  129.26748 
101   129.01450  129.21459 
102   128.32551  129.00761 
103   128.10684  128.32332 
104   127.73304  128.10310 
105   127.73304  127.73304 
106   127.73304  127.73304 
107   127.71660  127.73288 
108   127.71660  127.71660 
109   127.42760  127.71371 
110   127.42760  127.42760 
111   126.81741  127.41391 
112   126.04384  126.80198 
113   124.89378  126.03080 
114   124.17923  124.86633 
115   123.02148  124.16069 
116   122.30155  122.99793 
117   122.30155  122.30155 
118   122.13371  122.29988 
119   121.80638  122.12989 
120   121.80638  121.80638 
121   121.42901  121.79928 
122   120.94506  121.42417 
123   120.94506  120.94506 
124   118.99518  120.92004 
125   118.88128  118.99404 
126   118.17170  118.87213 
127   118.17170  118.17170 
128   117.97662  118.16975 
129   117.97662  117.97662 
130   117.91928  117.97605 
131   115.50862  117.89517 
132   114.52357  115.49877 
133   114.52357  114.52357 
134   114.44076  114.52275 
135   113.84046  114.43327 
136   113.45972  113.83665 
137   112.64075  113.44050 
138   111.46119  112.62896 
139   109.14854  111.43807 
140   108.90167  109.14358 
141   102.13976  108.83405 
142   102.13976  102.13976 
143   102.13976  102.13976 
144   102.13976  102.13976 
145   102.13976  102.13976 
146   102.08415  102.13920 
147   102.08415  102.08415 
148   102.08415  102.08415 
149   101.40242  102.07530 
150   101.40242  101.40242 
151   101.09463  101.39851 
152   101.04343  101.09412 
153   101.04343  101.04343 
154   101.02339  101.04323 
155   100.90396  101.02219 
156   99.69695   100.89189 
157   99.69695   99.69695  
158   99.69695   99.69695  
159   99.69695   99.69695  
160   99.69695   99.69695  
161   99.69695   99.69695  
162   99.66818   99.69666  
163   99.66818   99.66818  
164   99.66818   99.66818  
165   99.66818   99.66818  
166   99.46456   99.66614  
167   99.46456   99.46456  
168   99.33201   99.46202  
169   99.33201   99.33201  
170   99.33201   99.33201  
171   97.43967   99.31308  
172   97.38081   97.43908  
173   97.38081   97.38081  
174   97.38081   97.38081  
175   97.38081   97.38081  
176   96.79912   97.37283  
177   96.44811   96.79561  
178   95.68775   96.44051  
179   95.68775   95.68775  
180   95.68775   95.68775  
181   94.89025   95.67978  
182   94.89025   94.89025  
183   94.89025   94.89025  
184   94.89025   94.89025  
185   94.89025   94.89025  
186   94.89025   94.89025  
187   94.89025   94.89025  
188   94.74894   94.88883  
189   94.65476   94.74800  
190   94.48657   94.65308  
191   93.93673   94.48107  
192   93.93673   93.93673  
193   93.93673   93.93673  
194   93.93673   93.93673  
195   93.93673   93.93673  
196   93.93673   93.93673  
197   93.93673   93.93673  
198   93.93673   93.93673  
199   93.93673   93.93673  
200   93.93673   93.93673  
201   93.81986   93.93557  
202   93.81986   93.81986  
203   93.53939   93.81706  
204   93.53939   93.53939  
205   93.53939   93.53939  
206   93.11608   93.53516  
207   93.04349   93.11536  
208   93.04349   93.04349  
209   93.04349   93.04349  
210   92.14271   93.03448  
211   92.14271   92.14271  
212   92.14271   92.14271  
213   92.14271   92.14271  
214   92.14271   92.14271  
215   92.02988   92.14158  
216   91.72752   92.02686  
217   91.68324   91.72708  
218   91.68324   91.68324  
219   91.68324   91.68324  
220   91.68324   91.68324  
221   88.95891   91.65599  
222   88.95891   88.95891  
223   88.80112   88.95733  
224   88.61181   88.79923  
225   88.61181   88.61181  
226   88.43516   88.61004  
227   88.43516   88.43516  
228   88.09875   88.43180  
229   88.09875   88.09875  
230   88.09875   88.09875  
231   85.79937   88.07575  
232   85.14578   85.78894  
233   85.14578   85.14578  
234   84.89322   85.14325  
235   84.89322   84.89322  
236   84.89322   84.89322  
237   84.55998   84.88988  
238   84.20577   84.55644  
239   84.20577   84.20577  
240   84.20577   84.20577  
241   84.20577   84.20577  
242   84.20577   84.20577  
243   84.20577   84.20577  
244   84.05012   84.20307  
245   84.05012   84.05012  
246   83.83840   84.04800  
247   83.83840   83.83840  
248   83.63114   83.83633  
249   83.63114   83.63114  
250   83.63114   83.63114  
251   83.63114   83.63114  
252   83.63114   83.63114  
253   83.63114   83.63114  
254   82.71878   83.62049  
255   82.58500   82.71744  
256   82.31693   82.58232  
257   82.31693   82.31693  
258   81.98624   82.31248  
259   81.98624   81.98624  
260   81.77353   81.98411  
261   80.24934   81.75829  
262   80.18836   80.24873  
263   80.18836   80.18836  
264   79.78791   80.18436  
265   79.78791   79.78791  
266   79.78791   79.78791  
267   79.78791   79.78791  
268   79.78791   79.78791  
269   79.78791   79.78791  
270   79.17420   79.78177  
271   78.35640   79.16602  
272   78.35640   78.35640  
273   78.35640   78.35640  
274   78.10290   78.35387  
275   77.90787   78.10095  
276   77.90787   77.90787  
277   77.90787   77.90787  
278   77.90787   77.90787  
279   77.90787   77.90787  
280   77.90787   77.90787  
281   77.78739   77.90666  
282   77.66195   77.78613  
283   77.66195   77.66195  
284   77.47863   77.66012  
285   77.47149   77.47856  
286   77.33158   77.47009  
287   77.33158   77.33158  
288   77.33158   77.33158  
289   77.33158   77.33158  
290   77.33158   77.33158  
291   75.09346   77.30920  
292   75.09346   75.09346  
293   75.09346   75.09346  
294   75.09346   75.09346  
295   75.09346   75.09346  
296   75.09346   75.09346  
297   75.09346   75.09346  
298   75.09346   75.09346  
299   75.09346   75.09346  
300   74.40446   75.08657  
301   74.40446   74.40446  
302   74.40446   74.40446  
303   74.40446   74.40446  
304   74.40446   74.40446  
305   74.40446   74.40446  
306   74.40446   74.40446  
307   74.40446   74.40446  
308   73.53388   74.39409  
309   73.53388   73.53388  
310   73.53388   73.53388  
311   73.53388   73.53388  
312   73.53388   73.53388  
313   73.53388   73.53388  
314   73.53388   73.53388  
315   73.53388   73.53388  
316   73.53388   73.53388  
317   73.53388   73.53388  
318   73.53388   73.53388  
319   73.53388   73.53388  
320   73.53388   73.53388  
321   73.53388   73.53388  
322   73.53388   73.53388  
323   73.53388   73.53388  
324   73.53388   73.53388  
325   73.53388   73.53388  
326   73.53388   73.53388  
327   73.53388   73.53388  
328   73.53388   73.53388  
329   73.53388   73.53388  
330   73.53388   73.53388  
331   73.34087   73.53195  
332   73.34087   73.34087  
333   73.34087   73.34087  
334   73.34087   73.34087  
335   73.00732   73.33753  
336   73.00732   73.00732  
337   73.00732   73.00732  
338   73.00732   73.00732  
339   72.43297   73.00158  
340   72.43297   72.43297  
341   72.43297   72.43297  
342   72.25468   72.43119  
343   72.25468   72.25468  
344   72.25468   72.25468  
345   72.25468   72.25468  
346   72.25468   72.25468  
347   72.25468   72.25468  
348   72.25468   72.25468  
349   72.25468   72.25468  
350   72.25468   72.25468  
351   71.73007   72.24943  
352   71.73007   71.73007  
353   71.73007   71.73007  
354   70.76133   71.72038  
355   70.76133   70.76133  
356   70.76133   70.76133  
357   70.76133   70.76133  
358   70.76133   70.76133  
359   70.76133   70.76133  
360   70.76133   70.76133  
361   70.76133   70.76133  
362   70.76133   70.76133  
363   70.76133   70.76133  
364   70.76133   70.76133  
365   70.76133   70.76133  
366   70.76133   70.76133  
367   70.76133   70.76133  
368   70.76133   70.76133  
369   70.76133   70.76133  
370   70.62326   70.75995  
371   70.55127   70.62254  
372   70.55127   70.55127  
373   70.55127   70.55127  
374   70.55127   70.55127  
375   70.55127   70.55127  
376   70.55127   70.55127  
377   70.55127   70.55127  
378   70.55127   70.55127  
379   70.55127   70.55127  
380   70.55127   70.55127  
381   70.55127   70.55127  
382   70.55127   70.55127  
383   70.55127   70.55127  
384   70.55127   70.55127  
385   70.55127   70.55127  
386   70.55127   70.55127  
387   70.55127   70.55127  
388   70.55127   70.55127  
389   70.55127   70.55127  
390   70.55127   70.55127  
391   70.55127   70.55127  
392   70.55127   70.55127  
393   70.55127   70.55127  
394   70.55127   70.55127  
395   70.55127   70.55127  
396   70.48947   70.55065  
397   70.48947   70.48947  
398   70.48947   70.48947  
399   70.48947   70.48947  
400   70.48947   70.48947  
401   70.04815   70.48506  
402   70.04815   70.04815  
403   70.04815   70.04815  
404   70.04815   70.04815  
405   70.04815   70.04815  
406   70.04815   70.04815  
407   70.04815   70.04815  
408   70.04815   70.04815  
409   70.04815   70.04815  
410   70.04815   70.04815  
411   70.04815   70.04815  
412   70.04815   70.04815  
413   70.04815   70.04815  
414   70.04815   70.04815  
415   69.72497   70.04492  
416   69.72497   69.72497  
417   69.72497   69.72497  
418   69.72497   69.72497  
419   69.68341   69.72455  
420   69.68341   69.68341  
421   69.68341   69.68341  
422   69.68341   69.68341  
423   69.68341   69.68341  
424   69.68341   69.68341  
425   69.68341   69.68341  
426   69.68341   69.68341  
427   69.68341   69.68341  
428   69.68341   69.68341  
429   69.68341   69.68341  
430   69.68341   69.68341  
431   69.38411   69.68042  
432   69.38411   69.38411  
433   69.38411   69.38411  
434   69.38411   69.38411  
435   69.38411   69.38411  
436   69.38411   69.38411  
437   69.38411   69.38411  
438   69.38411   69.38411  
439   69.38411   69.38411  
440   69.38411   69.38411  
441   69.38411   69.38411  
442   69.38411   69.38411  
443   69.38411   69.38411  
444   69.12115   69.38148  
445   69.12115   69.12115  
446   69.12115   69.12115  
447   69.11692   69.12111  
448   69.11692   69.11692  
449   69.11692   69.11692  
450   69.11692   69.11692  
451   69.01434   69.11589  
452   69.01434   69.01434  
453   69.01434   69.01434  
454   69.01434   69.01434  
455   69.01434   69.01434  
456   69.01434   69.01434  
457   69.01434   69.01434  
458   69.01434   69.01434  
459   69.01434   69.01434  
460   69.01434   69.01434  
461   69.01434   69.01434  
462   69.01434   69.01434  
463   69.01434   69.01434  
464   69.01434   69.01434  
465   69.01434   69.01434  
466   69.01434   69.01434  
467   69.01434   69.01434  
468   69.01434   69.01434  
469   69.01434   69.01434  
470   69.01434   69.01434  
471   69.01434   69.01434  
472   69.01434   69.01434  
473   69.01434   69.01434  
474   69.01434   69.01434  
475   69.01434   69.01434  
476   69.01434   69.01434  
477   69.01434   69.01434  
478   69.01434   69.01434  
479   69.01434   69.01434  
480   69.01434   69.01434  
481   69.01434   69.01434  
482   69.01434   69.01434  
483   69.01434   69.01434  
484   68.88893   69.01309  
485   68.88893   68.88893  
486   68.88893   68.88893  
487   68.88893   68.88893  
488   68.88893   68.88893  
489   68.88893   68.88893  
490   68.88893   68.88893  
491   68.88893   68.88893  
492   68.88893   68.88893  
493   68.88893   68.88893  
494   68.88893   68.88893  
495   68.88893   68.88893  
496   68.88893   68.88893  
497   68.88893   68.88893  
498   68.88893   68.88893  
499   68.88893   68.88893  
