0     455.48389  491.63334 
1     455.48389  491.63334 
2     451.53244  455.99900 
3     442.48802  451.35442 
4     431.54327  443.49100 
5     430.11152  434.28003 
6     425.30393  430.10987 
7     415.70066  424.99425 
8     408.27651  415.95978 
9     403.14613  408.90000 
10    397.54332  403.73120 
11    387.82111  397.45502 
12    378.25050  389.72291 
13    372.58665  380.40869 
14    369.98238  373.60887 
15    358.64884  369.96378 
16    358.38204  361.19738 
17    355.16534  358.37157 
18    349.74248  355.54811 
19    344.54862  350.66616 
20    341.84841  345.12105 
21    337.16766  342.11126 
22    333.04795  338.26868 
23    332.90245  334.00638 
24    330.47510  332.88923 
25    328.89610  330.93428 
26    327.15877  329.04189 
27    320.29274  327.07811 
28    313.11277  321.13343 
29    304.99651  315.01544 
30    300.50489  307.17709 
31    288.85723  301.15065 
32    287.08533  292.34404 
33    285.77807  287.12536 
34    283.86664  286.00344 
35    281.58529  284.17073 
36    273.93135  281.81471 
37    273.93135  275.98667 
38    270.40010  273.81175 
39    270.15970  270.92028 
40    263.04262  270.10059 
41    253.90475  264.52281 
42    251.97694  255.81530 
43    249.23414  252.23994 
44    248.03407  249.73905 
45    247.06052  248.29319 
46    246.10626  247.27360 
47    245.13271  246.38320 
48    242.20127  245.23983 
49    240.91402  242.85079 
50    236.74609  241.32134 
51    235.78137  237.82523 
52    235.04064  236.03348 
53    233.39186  235.20718 
54    230.94098  233.88398 
55    230.87362  231.69936 
56    229.09304  230.86438 
57    223.66726  229.53811 
58    223.05576  224.83785 
59    223.05576  223.21061 
60    222.76255  223.05283 
61    209.58206  222.72011 
62    209.58206  213.04495 
63    209.12319  209.57652 
64    208.68023  209.25931 
65    207.23909  208.77659 
66    207.23909  207.61851 
67    206.86555  207.22643 
68    205.56537  206.89878 
69    204.55207  205.84882 
70    204.27986  204.93303 
71    198.79177  204.29701 
72    198.79177  200.49746 
73    196.39755  198.72089 
74    196.27502  197.14946 
75    194.64618  196.27384 
76    193.35892  195.04676 
77    192.25580  193.72590 
78    191.44146  192.53304 
79    191.44146  191.62888 
80    190.38183  191.41019 
81    189.75584  190.54701 
82    185.67550  189.75622 
83    184.80094  186.64668 
84    179.57640  185.04191 
85    177.54133  180.89728 
86    177.11710  178.16871 
87    176.43958  177.27046 
88    176.41558  176.55931 
89    176.20877  176.41764 
90    171.77433  176.20490 
91    165.81298  173.13089 
92    164.53480  167.85656 
93    163.42251  164.93155 
94    159.56493  163.75031 
95    159.51860  160.54184 
96    158.98992  159.51447 
97    157.34722  159.07867 
98    156.81854  157.89423 
99    155.69380  156.96292 
100   155.02029  156.02850 
101   155.02029  155.28593 
102   154.74666  155.01621 
103   154.56972  154.82927 
104   154.10097  154.60399 
105   152.63750  154.20277 
106   152.63750  153.11869 
107   152.18262  152.62689 
108   151.51297  152.31425 
109   151.07064  151.67543 
110   150.17430  151.21960 
111   147.03646  150.37244 
112   146.55238  148.09148 
113   144.98439  146.64287 
114   143.56537  145.41109 
115   143.49430  143.93017 
116   141.78621  143.49647 
117   141.48967  142.19190 
118   141.25339  141.58663 
119   140.65371  141.31139 
120   139.81465  140.86658 
121   139.74933  140.11791 
122   138.64984  139.75872 
123   138.52665  138.91300 
124   138.52665  138.54967 
125   138.04262  138.52076 
126   137.78864  138.20413 
127   137.49211  137.86286 
128   137.01183  137.56738 
129   136.76815  137.18661 
130   135.26070  136.84508 
131   133.61427  135.69104 
132   132.55787  134.14327 
133   132.01910  132.97571 
134   131.66105  132.19627 
135   131.53786  131.80141 
136   131.53786  131.57422 
137   131.29714  131.53545 
138   131.24132  131.36262 
139   130.96770  131.25543 
140   130.49796  131.02252 
141   127.29755  130.63566 
142   127.29755  127.90414 
143   126.95998  127.29239 
144   126.93955  127.08245 
145   126.14652  126.93371 
146   125.97082  126.40959 
147   124.08591  126.01717 
148   123.40913  124.69716 
149   123.35402  123.74435 
150   123.24761  123.36003 
151   122.99475  123.27288 
152   122.94841  123.07542 
153   122.94841  122.96455 
154   122.94841  122.94841 
155   122.28959  122.94183 
156   122.28959  122.55192 
157   121.54734  122.27611 
158   121.54734  121.74312 
159   121.47090  121.54527 
160   121.09776  121.50162 
161   117.91988  121.22908 
162   117.52239  118.69874 
163   117.52239  117.69693 
164   117.52239  117.52239 
165   116.93794  117.50875 
166   116.93794  117.09261 
167   116.43596  116.93292 
168   116.42434  116.65917 
169   116.14855  116.42563 
170   115.01754  116.20949 
171   111.25157  115.33228 
172   111.25157  112.16504 
173   111.21101  111.25076 
174   110.76025  111.21907 
175   110.76025  110.93659 
176   110.64585  110.75796 
177   110.64585  110.68172 
178   110.47381  110.64367 
179   110.47381  110.53685 
180   110.29824  110.46942 
181   109.29554  110.33656 
182   109.29554  109.66568 
183   109.29554  109.29554 
184   109.03587  109.29178 
185   108.99840  109.12533 
186   108.99840  109.01039 
187   108.96415  108.99806 
188   108.96415  108.97682 
189   108.96415  108.96415 
190   108.96415  108.96415 
191   108.51543  108.95966 
192   108.17462  108.66325 
193   108.12872  108.30442 
194   108.03742  108.14525 
195   107.91740  108.06169 
196   107.91740  107.95561 
197   107.78378  107.91380 
198   107.78378  107.81373 
199   106.14205  107.76556 
200   105.45476  106.81387 
201   103.78371  105.70916 
202   103.78371  104.54781 
203   103.78371  103.78371 
204   103.78371  103.78371 
205   103.76099  103.78335 
206   103.16866  103.76004 
207   103.12441  103.41029 
208   103.12441  103.13933 
209   102.23254  103.11165 
210   102.23254  102.63050 
211   102.23254  102.23254 
212   101.63225  102.22188 
213   101.63225  101.83338 
214   101.63225  101.63225 
215   101.63225  101.63225 
216   101.58835  101.63181 
217   100.75245  101.59799 
218   100.75245  101.10891 
219   100.73986  100.75233 
220   100.73986  100.74326 
221   100.73986  100.73986 
222   100.73986  100.73986 
223   100.73986  100.73986 
224   100.47229  100.73715 
225   100.47229  100.56890 
226   100.47229  100.47229 
227   100.47229  100.47229 
228   99.54961   100.46152 
229   99.54961   99.89749  
230   98.26502   99.53676  
231   97.34219   98.70236  
232   96.34005   97.62856  
233   95.94117   96.62077  
234   95.94117   96.08709  
235   95.21035   95.93074  
236   95.16397   95.52555  
237   95.14734   95.17911  
238   95.09000   95.15325  
239   94.94798   95.11266  
240   94.94798   95.00621  
241   93.01742   94.92868  
242   92.97352   93.92150  
243   92.64319   92.98426  
244   92.29021   92.74536  
245   90.91853   92.37435  
246   90.46776   91.51683  
247   90.46776   90.64563  
248   90.36923   90.46678  
249   90.36923   90.39977  
250   90.36923   90.36923  
251   90.36923   90.36923  
252   90.36923   90.36923  
253   90.36923   90.36923  
254   90.36923   90.36923  
255   90.36923   90.36923  
256   89.04600   90.34276  
257   89.04600   89.37426  
258   89.04600   89.04600  
259   88.79691   89.04351  
260   88.79691   88.89862  
261   88.79691   88.79691  
262   88.69740   88.79591  
263   88.69740   88.73211  
264   88.69740   88.69740  
265   88.69740   88.69740  
266   88.69740   88.69740  
267   88.69740   88.69740  
268   88.69740   88.69740  
269   84.18929   88.65232  
270   84.18929   85.42255  
271   84.18929   84.18929  
272   84.18929   84.18929  
273   84.18929   84.18929  
274   83.67478   84.18414  
275   83.67478   83.94323  
276   83.67478   83.67478  
277   83.67478   83.67478  
278   83.67478   83.67478  
279   83.67478   83.67478  
280   83.67478   83.67478  
281   83.67478   83.67478  
282   83.61791   83.67421  
283   83.61791   83.63838  
284   83.61791   83.61791  
285   83.61791   83.61791  
286   83.61791   83.61791  
287   83.61791   83.61791  
288   83.28757   83.61461  
289   83.28757   83.40979  
290   83.28757   83.28757  
291   82.07257   83.27542  
292   81.78019   82.59400  
293   81.64336   81.92542  
294   81.64336   81.66647  
295   81.64336   81.64336  
296   81.40343   81.63862  
297   81.40343   81.45845  
298   81.40343   81.40343  
299   81.40343   81.40343  
300   81.40343   81.40343  
301   81.40343   81.40343  
302   81.40343   81.40343  
303   81.34609   81.40229  
304   81.34609   81.36348  
305   81.34609   81.34609  
306   81.34609   81.34609  
307   81.33128   81.34595  
308   81.18097   81.33600  
309   81.18097   81.24115  
310   81.18097   81.18097  
311   81.18097   81.18097  
312   81.18097   81.18097  
313   81.18097   81.18097  
314   80.30017   81.17216  
315   80.30017   80.54069  
316   80.30017   80.30017  
317   80.22783   80.29945  
318   80.22783   80.24999  
319   80.22783   80.22783  
320   80.22783   80.22783  
321   80.07371   80.22628  
322   80.07371   80.13228  
323   80.05890   80.07357  
324   80.05890   80.06364  
325   80.05890   80.05890  
326   79.89341   80.05725  
327   79.89341   79.96010  
328   79.89341   79.89341  
329   79.89341   79.89341  
330   79.89341   79.89341  
331   79.65042   79.89098  
332   79.65042   79.74694  
333   79.65042   79.65042  
334   79.65042   79.65042  
335   79.65042   79.65042  
336   79.65042   79.65042  
337   79.65042   79.65042  
338   79.65042   79.65042  
339   79.65042   79.65042  
340   79.65042   79.65042  
341   77.01491   79.62406  
342   77.01491   77.86894  
343   77.01491   77.01491  
344   77.01491   77.01491  
345   77.01491   77.01491  
346   77.01491   77.01491  
347   77.01491   77.01491  
348   77.01491   77.01491  
349   77.01491   77.01491  
350   77.01491   77.01491  
351   75.72844   77.00204  
352   75.72844   76.23951  
353   75.72844   75.72844  
354   75.72844   75.72844  
355   75.72844   75.72844  
356   75.72844   75.72844  
357   75.72844   75.72844  
358   75.72844   75.72844  
359   75.72844   75.72844  
360   75.72844   75.72844  
361   75.72844   75.72844  
362   75.72844   75.72844  
363   75.72844   75.72844  
364   75.72844   75.72844  
365   75.72844   75.72844  
366   75.72844   75.72844  
367   75.72844   75.72844  
368   75.72844   75.72844  
369   75.72844   75.72844  
370   75.56295   75.72678  
371   75.56295   75.63907  
372   75.56295   75.56295  
373   75.56295   75.56295  
374   75.56295   75.56295  
375   75.56295   75.56295  
376   75.56295   75.56295  
377   75.56295   75.56295  
378   75.56295   75.56295  
379   75.56295   75.56295  
380   75.56295   75.56295  
381   75.53857   75.56270  
382   75.53857   75.54613  
383   75.53857   75.53857  
384   75.53857   75.53857  
385   74.65777   75.52976  
386   74.65777   74.99431  
387   74.65777   74.65777  
388   74.65777   74.65777  
389   74.65777   74.65777  
390   74.17199   74.65291  
391   74.17199   74.38535  
392   74.17199   74.17199  
393   74.17199   74.17199  
394   74.17199   74.17199  
395   74.17199   74.17199  
396   74.17199   74.17199  
397   74.17199   74.17199  
398   74.17199   74.17199  
399   74.17199   74.17199  
400   74.17199   74.17199  
401   74.17199   74.17199  
402   74.17199   74.17199  
403   74.17199   74.17199  
404   74.17199   74.17199  
405   74.17199   74.17199  
406   74.17199   74.17199  
407   74.17199   74.17199  
408   74.17199   74.17199  
409   74.17199   74.17199  
410   74.17199   74.17199  
411   74.17199   74.17199  
412   74.17199   74.17199  
413   74.17199   74.17199  
414   74.17199   74.17199  
415   74.17199   74.17199  
416   74.17199   74.17199  
417   74.17199   74.17199  
418   74.17199   74.17199  
419   74.17199   74.17199  
420   74.17199   74.17199  
421   74.17199   74.17199  
422   74.17199   74.17199  
423   74.17199   74.17199  
424   74.17199   74.17199  
425   74.17199   74.17199  
426   74.17199   74.17199  
427   74.17199   74.17199  
428   74.17199   74.17199  
429   74.17199   74.17199  
430   74.17199   74.17199  
431   74.17199   74.17199  
432   74.17199   74.17199  
433   74.17199   74.17199  
434   74.17199   74.17199  
435   74.17199   74.17199  
436   74.17199   74.17199  
437   74.17199   74.17199  
438   74.17199   74.17199  
439   74.17199   74.17199  
440   74.17199   74.17199  
441   74.17199   74.17199  
442   74.17199   74.17199  
443   74.17199   74.17199  
444   74.17199   74.17199  
445   74.17199   74.17199  
446   74.17199   74.17199  
447   74.17199   74.17199  
448   74.17199   74.17199  
449   74.17199   74.17199  
450   74.17199   74.17199  
451   74.17199   74.17199  
452   74.17199   74.17199  
453   74.17199   74.17199  
454   74.17199   74.17199  
455   74.17199   74.17199  
456   74.17199   74.17199  
457   74.17199   74.17199  
458   74.17199   74.17199  
459   74.17199   74.17199  
460   74.17199   74.17199  
461   74.17199   74.17199  
462   73.88065   74.16908  
463   73.88065   73.99004  
464   73.88065   73.88065  
465   73.88065   73.88065  
466   73.88065   73.88065  
467   73.88065   73.88065  
468   73.88065   73.88065  
469   73.88065   73.88065  
470   73.88065   73.88065  
471   73.88065   73.88065  
472   73.88065   73.88065  
473   73.88065   73.88065  
474   73.88065   73.88065  
475   73.88065   73.88065  
476   73.88065   73.88065  
477   73.88065   73.88065  
478   73.88065   73.88065  
479   73.88065   73.88065  
480   73.88065   73.88065  
481   73.66775   73.87852  
482   73.66775   73.73180  
483   73.60002   73.66708  
484   73.60002   73.63253  
485   73.60002   73.60002  
486   73.60002   73.60002  
487   73.60002   73.60002  
488   73.60002   73.60002  
489   73.60002   73.60002  
490   73.60002   73.60002  
491   73.12528   73.59528  
492   73.12528   73.28819  
493   73.12528   73.12528  
494   73.12528   73.12528  
495   73.12528   73.12528  
496   73.12528   73.12528  
497   73.12528   73.12528  
498   73.12528   73.12528  
499   73.12528   73.12528  
