0     455.48389  491.63334 
1     455.48389  491.63334 
2     445.47217  454.88743 
3     434.67228  444.83882 
4     429.17235  434.31708 
5     416.96705  428.67374 
6     410.37215  416.38798 
7     402.42711  410.08135 
8     395.11532  402.14014 
9     390.69446  394.72500 
10    386.78388  390.55750 
11    375.68954  386.34451 
12    368.81163  375.50690 
13    366.40509  368.75370 
14    361.31355  366.12831 
15    358.37935  361.12961 
16    351.27328  358.09084 
17    347.00487  350.98626 
18    341.88309  346.72867 
19    334.06217  341.69026 
20    331.91512  333.95836 
21    327.67172  331.65238 
22    324.23078  327.53944 
23    320.43542  324.13765 
24    318.27743  320.33295 
25    308.00960  317.85021 
26    306.08179  307.93422 
27    297.53221  305.89152 
28    292.28892  297.37790 
29    289.45492  292.22515 
30    288.35777  289.42565 
31    284.84716  288.26793 
32    275.20075  284.65414 
33    272.07768  275.12106 
34    266.56791  271.90968 
35    260.36604  266.41596 
36    252.12346  260.21522 
37    246.57417  251.99396 
38    245.22423  246.51064 
39    242.75840  245.18978 
40    241.10352  242.69333 
41    240.08383  241.06610 
42    238.90054  240.06774 
43    237.33426  238.85667 
44    227.16662  237.21625 
45    226.14317  227.14379 
46    223.01840  226.04995 
47    221.66985  222.98999 
48    219.63008  221.60949 
49    218.32264  219.59665 
50    214.20609  218.22652 
51    213.82006  214.19196 
52    212.22434  213.79433 
53    208.06799  212.13723 
54    206.89725  208.04530 
55    204.88200  206.86700 
56    203.08666  204.83551 
57    202.08511  203.07126 
58    200.08858  202.01409 
59    198.54416  200.04939 
60    197.40146  198.52893 
61    194.37996  197.34279 
62    193.44304  194.36775 
63    190.94322  193.38067 
64    190.25158  190.91995 
65    189.37619  190.23729 
66    186.79003  189.33907 
67    185.90815  186.76668 
68    183.62339  185.86221 
69    182.39214  183.60241 
70    181.91839  182.38082 
71    181.85771  181.91779 
72    180.27701  181.83983 
73    180.27701  180.27701 
74    178.67452  180.25688 
75    175.70554  178.59150 
76    174.72594  175.66627 
77    173.73627  174.69436 
78    171.88945  173.70843 
79    171.17023  171.87324 
80    170.80039  171.16360 
81    170.11055  170.79121 
82    169.60095  170.10385 
83    169.05617  169.59324 
84    165.83558  168.99560 
85    165.52502  165.83247 
86    164.96666  165.51661 
87    164.76137  164.96184 
88    164.73670  164.76113 
89    164.21173  164.72927 
90    163.73550  164.20426 
91    161.19365  163.67477 
92    160.27491  161.17033 
93    155.69842  160.22896 
94    154.18396  155.67732 
95    154.04225  154.18255 
96    154.01340  154.04197 
97    147.64801  153.92532 
98    147.30887  147.64462 
99    146.78777  147.30366 
100   146.66340  146.78653 
101   146.21454  146.65610 
102   146.18263  146.21422 
103   145.90216  146.17982 
104   145.32775  145.89422 
105   144.77030  145.31942 
106   143.80762  144.75769 
107   143.76834  143.80722 
108   143.18458  143.75891 
109   142.94328  143.18089 
110   142.94328  142.94328 
111   142.92975  142.94314 
112   142.20521  142.92250 
113   142.17474  142.20491 
114   142.17474  142.17474 
115   140.87509  142.14992 
116   140.87509  140.87509 
117   138.79187  140.85425 
118   138.79187  138.79187 
119   138.79187  138.79187 
120   138.79145  138.79186 
121   138.79145  138.79145 
122   138.37896  138.78732 
123   137.55282  138.36370 
124   137.31370  137.54993 
125   136.32801  137.29940 
126   135.33352  136.31179 
127   135.17376  135.33192 
128   130.01233  135.11882 
129   129.53406  130.00067 
130   126.99550  129.50100 
131   126.32557  126.98180 
132   125.64661  126.31878 
133   125.26052  125.64269 
134   125.20595  125.25997 
135   124.53689  125.19213 
136   124.29650  124.53256 
137   123.42299  124.27945 
138   121.81372  123.40498 
139   121.01219  121.80316 
140   121.01219  121.01219 
141   120.62788  121.00774 
142   120.62788  120.62788 
143   120.08361  120.61905 
144   119.50213  120.07749 
145   119.50213  119.50213 
146   118.31412  119.49020 
147   117.79360  118.30710 
148   117.46325  117.78665 
149   117.23015  117.46087 
150   117.23015  117.23015 
151   116.90145  117.22432 
152   116.14380  116.88688 
153   113.95812  116.11977 
154   112.67376  113.93510 
155   112.41988  112.66913 
156   112.19347  112.41762 
157   111.98369  112.18953 
158   111.98369  111.98369 
159   111.35598  111.97383 
160   111.10352  111.35161 
161   110.77211  111.09851 
162   110.37090  110.76674 
163   110.29703  110.37017 
164   109.90954  110.28760 
165   109.90954  109.90954 
166   109.71795  109.90612 
167   109.53416  109.71460 
168   109.30631  109.53157 
169   109.15570  109.30480 
170   107.82802  109.14235 
171   107.82802  107.82802 
172   106.76397  107.81168 
173   106.29990  106.75932 
174   106.29172  106.29981 
175   106.00327  106.28884 
176   106.00327  106.00327 
177   106.00327  106.00327 
178   105.23094  105.99277 
179   103.44245  105.21264 
180   103.09729  103.43900 
181   103.09729  103.09729 
182   103.09729  103.09729 
183   102.60762  103.09032 
184   102.60762  102.60762 
185   102.60762  102.60762 
186   102.60762  102.60762 
187   102.43535  102.60307 
188   102.29398  102.43394 
189   102.08635  102.28983 
190   102.08635  102.08635 
191   102.08635  102.08635 
192   101.94505  102.08494 
193   101.69716  101.94226 
194   101.69716  101.69716 
195   101.37043  101.69218 
196   100.83443  101.36507 
197   100.83443  100.83443 
198   100.77487  100.83383 
199   100.77487  100.77487 
200   100.77487  100.77487 
201   100.77487  100.77487 
202   100.77487  100.77487 
203   100.77487  100.77487 
204   100.77487  100.77487 
205   100.74170  100.77454 
206   100.74170  100.74170 
207   99.31657   100.72659 
208   99.31657   99.31657  
209   98.76610   99.30556  
210   98.15055   98.75995  
211   97.44426   98.13803  
212   96.35449   97.42685  
213   95.72884   96.34722  
214   95.10170   95.72157  
215   95.10170   95.10170  
216   95.10170   95.10170  
217   93.95844   95.08357  
218   93.73820   93.95624  
219   93.05085   93.72751  
220   92.50528   93.03860  
221   91.75419   92.49777  
222   91.75419   91.75419  
223   91.62516   91.75234  
224   91.62516   91.62516  
225   91.62516   91.62516  
226   91.62516   91.62516  
227   91.14516   91.62036  
228   90.82559   91.14197  
229   90.82559   90.82559  
230   90.28837   90.82022  
231   89.91290   90.28462  
232   89.91290   89.91290  
233   88.13110   89.89384  
234   88.10562   88.13084  
235   87.72367   88.10002  
236   87.48369   87.72127  
237   86.93876   87.47536  
238   86.73514   86.93506  
239   85.89925   86.72673  
240   85.73232   85.89633  
241   85.51293   85.72814  
242   85.28470   85.51064  
243   85.05440   85.28070  
244   85.05440   85.05440  
245   84.41925   85.04764  
246   83.59243   84.40207  
247   83.56320   83.59214  
248   83.19120   83.55863  
249   83.19120   83.19120  
250   82.79833   83.18686  
251   82.15914   82.79194  
252   82.15914   82.15914  
253   81.63792   82.15035  
254   81.14060   81.62802  
255   81.14060   81.14060  
256   80.17822   81.12630  
257   79.98663   80.17581  
258   79.49424   79.98165  
259   79.49424   79.49424  
260   79.40945   79.49334  
261   79.40389   79.40940  
262   79.40389   79.40389  
263   79.37809   79.40363  
264   78.98636   79.37418  
265   78.98636   78.98636  
266   78.98636   78.98636  
267   78.82341   78.98424  
268   78.24825   78.81766  
269   78.19917   78.24776  
270   77.84963   78.19567  
271   77.22791   77.83868  
272   77.04911   77.22532  
273   77.04911   77.04911  
274   76.96817   77.04830  
275   76.96817   76.96817  
276   76.96817   76.96817  
277   76.96817   76.96817  
278   76.96817   76.96817  
279   76.96817   76.96817  
280   76.67373   76.96523  
281   76.67373   76.67373  
282   76.67373   76.67373  
283   76.67373   76.67373  
284   76.67373   76.67373  
285   76.67373   76.67373  
286   76.67373   76.67373  
287   76.67373   76.67373  
288   76.67373   76.67373  
289   76.67373   76.67373  
290   76.67373   76.67373  
291   76.67373   76.67373  
292   76.67373   76.67373  
293   76.67373   76.67373  
294   76.67373   76.67373  
295   76.67373   76.67373  
296   76.67373   76.67373  
297   76.67373   76.67373  
298   76.67373   76.67373  
299   76.67373   76.67373  
300   76.59249   76.67291  
301   76.59249   76.59249  
302   75.96807   76.58625  
303   75.96807   75.96807  
304   75.96807   75.96807  
305   75.84393   75.96682  
306   75.84393   75.84393  
307   75.61254   75.83931  
308   75.61254   75.61254  
309   75.61254   75.61254  
310   75.61254   75.61254  
311   75.61254   75.61254  
312   75.61254   75.61254  
313   75.61254   75.61254  
314   75.61254   75.61254  
315   75.61254   75.61254  
316   75.61254   75.61254  
317   75.61254   75.61254  
318   75.61254   75.61254  
319   75.61254   75.61254  
320   75.61254   75.61254  
321   75.61254   75.61254  
322   75.61254   75.61254  
323   75.61254   75.61254  
324   75.61254   75.61254  
325   75.61254   75.61254  
326   75.61254   75.61254  
327   75.61254   75.61254  
328   75.61254   75.61254  
329   75.61254   75.61254  
330   75.61254   75.61254  
331   75.61254   75.61254  
332   75.61254   75.61254  
333   75.61254   75.61254  
334   75.61254   75.61254  
335   75.61254   75.61254  
336   75.61254   75.61254  
337   75.61254   75.61254  
338   75.61254   75.61254  
339   75.61254   75.61254  
340   75.61254   75.61254  
341   75.61254   75.61254  
342   75.61254   75.61254  
343   75.19854   75.60840  
344   75.19854   75.19854  
345   75.19854   75.19854  
346   75.19854   75.19854  
347   75.19854   75.19854  
348   75.19854   75.19854  
349   75.19854   75.19854  
350   75.19854   75.19854  
351   75.19854   75.19854  
352   75.19854   75.19854  
353   75.19854   75.19854  
354   75.19854   75.19854  
355   75.19854   75.19854  
356   75.19854   75.19854  
357   75.19854   75.19854  
358   74.96005   75.19616  
359   74.96005   74.96005  
360   74.96005   74.96005  
361   74.96005   74.96005  
362   74.96005   74.96005  
363   74.96005   74.96005  
364   74.96005   74.96005  
365   74.96005   74.96005  
366   74.96005   74.96005  
367   74.96005   74.96005  
368   74.96005   74.96005  
369   74.96005   74.96005  
370   74.96005   74.96005  
371   74.96005   74.96005  
372   74.96005   74.96005  
373   74.96005   74.96005  
374   74.96005   74.96005  
375   74.96005   74.96005  
376   74.96005   74.96005  
377   74.96005   74.96005  
378   74.96005   74.96005  
379   74.96005   74.96005  
380   74.96005   74.96005  
381   74.96005   74.96005  
382   74.96005   74.96005  
383   74.96005   74.96005  
384   74.96005   74.96005  
385   74.96005   74.96005  
386   74.96005   74.96005  
387   74.96005   74.96005  
388   74.96005   74.96005  
389   74.96005   74.96005  
390   74.96005   74.96005  
391   74.96005   74.96005  
392   74.96005   74.96005  
393   74.96005   74.96005  
394   74.96005   74.96005  
395   74.96005   74.96005  
396   74.96005   74.96005  
397   74.96005   74.96005  
398   74.96005   74.96005  
399   74.96005   74.96005  
400   74.96005   74.96005  
401   74.96005   74.96005  
402   74.96005   74.96005  
403   74.96005   74.96005  
404   74.96005   74.96005  
405   74.93314   74.95978  
406   74.93314   74.93314  
407   74.93314   74.93314  
408   74.93314   74.93314  
409   74.93314   74.93314  
410   74.93314   74.93314  
411   74.93314   74.93314  
412   74.93314   74.93314  
413   74.93314   74.93314  
414   74.93314   74.93314  
415   74.93314   74.93314  
416   74.93314   74.93314  
417   74.93314   74.93314  
418   74.93314   74.93314  
419   74.93314   74.93314  
420   74.93314   74.93314  
421   74.93314   74.93314  
422   74.93314   74.93314  
423   74.93314   74.93314  
424   74.93314   74.93314  
425   74.93314   74.93314  
426   74.93314   74.93314  
427   74.93314   74.93314  
428   74.93314   74.93314  
429   74.93314   74.93314  
430   74.93314   74.93314  
431   74.79650   74.93178  
432   74.79650   74.79650  
433   74.79650   74.79650  
434   74.75260   74.79606  
435   74.75260   74.75260  
436   74.75260   74.75260  
437   74.52748   74.75035  
438   74.52748   74.52748  
439   74.52748   74.52748  
440   74.52748   74.52748  
441   74.52748   74.52748  
442   74.52748   74.52748  
443   74.52748   74.52748  
444   74.52748   74.52748  
445   74.52748   74.52748  
446   74.52748   74.52748  
447   74.52748   74.52748  
448   74.52748   74.52748  
449   74.52748   74.52748  
450   74.52748   74.52748  
451   74.52748   74.52748  
452   74.52748   74.52748  
453   74.52748   74.52748  
454   74.52748   74.52748  
455   74.52748   74.52748  
456   74.52748   74.52748  
457   74.52748   74.52748  
458   74.52748   74.52748  
459   74.52748   74.52748  
460   74.48592   74.52706  
461   74.48592   74.48592  
462   74.48592   74.48592  
463   74.48592   74.48592  
464   74.48592   74.48592  
465   74.48592   74.48592  
466   74.48592   74.48592  
467   74.48592   74.48592  
468   74.48592   74.48592  
469   74.48592   74.48592  
470   74.48592   74.48592  
471   74.48592   74.48592  
472   74.48592   74.48592  
473   74.48592   74.48592  
474   74.48592   74.48592  
475   74.48592   74.48592  
476   74.48592   74.48592  
477   74.48592   74.48592  
478   74.48592   74.48592  
479   74.48592   74.48592  
480   74.48592   74.48592  
481   74.48592   74.48592  
482   74.48592   74.48592  
483   74.48592   74.48592  
484   74.48592   74.48592  
485   74.48592   74.48592  
486   74.48592   74.48592  
487   74.48592   74.48592  
488   74.48592   74.48592  
489   74.48592   74.48592  
490   74.48592   74.48592  
491   74.48592   74.48592  
492   74.40011   74.48506  
493   74.40011   74.40011  
494   74.40011   74.40011  
495   74.40011   74.40011  
496   74.40011   74.40011  
497   74.40011   74.40011  
498   74.40011   74.40011  
499   74.40011   74.40011  
