0     455.48389  491.63334 
1     455.48389  491.63334 
2     446.41028  454.89285 
3     441.07809  446.13988 
4     433.30844  440.66077 
5     422.14534  432.77456 
6     411.94153  421.69640 
7     405.34664  411.60829 
8     394.90984  404.71260 
9     389.95059  394.64946 
10    382.63556  389.54484 
11    359.74354  382.16662 
12    354.93480  359.51033 
13    352.24374  354.75410 
14    348.11276  351.98600 
15    343.73934  347.86344 
16    339.84893  343.59755 
17    333.70574  339.64322 
18    328.87014  333.58748 
19    326.34946  328.68232 
20    322.00302  326.13125 
21    287.23713  321.52818 
22    282.52008  287.04194 
23    277.26659  282.38781 
24    275.17541  277.18149 
25    273.86628  275.14685 
26    268.55150  273.72606 
27    267.69206  268.53758 
28    265.88941  267.60733 
29    262.96955  265.77829 
30    261.02612  262.92600 
31    259.88089  260.98707 
32    256.06455  259.74332 
33    254.46345  256.01412 
34    253.98718  254.45869 
35    252.70975  253.94908 
36    251.04401  252.62854 
37    247.74917  250.96980 
38    243.41069  247.57643 
39    242.42192  243.37726 
40    236.54208  242.29574 
41    225.31486  236.36769 
42    223.90024  225.27521 
43    221.04562  223.79308 
44    219.50139  221.00917 
45    217.59492  219.46591 
46    216.31186  217.56696 
47    215.81076  216.30685 
48    214.60591  215.77913 
49    212.14971  214.55613 
50    210.75064  212.11877 
51    207.00568  210.69578 
52    204.86285  206.94650 
53    203.11761  204.79557 
54    200.72659  203.06173 
55    200.06103  200.69903 
56    198.57789  200.00014 
57    197.21902  198.53660 
58    196.52114  197.20523 
59    191.67027  196.39270 
60    190.60837  191.63671 
61    177.55453  190.45824 
62    175.49733  177.50164 
63    173.60638  175.44339 
64    172.71041  173.57908 
65    171.41077  172.69741 
66    170.12893  171.38903 
67    169.24529  170.11066 
68    167.17368  169.20458 
69    167.07941  167.17264 
70    165.87996  167.04540 
71    163.81257  165.82324 
72    163.28654  163.80699 
73    162.34355  163.26093 
74    161.58408  162.33596 
75    159.88766  161.53234 
76    158.74153  159.86983 
77    157.97745  158.72542 
78    156.95656  157.95814 
79    153.66859  156.91768 
80    152.81368  153.65404 
81    146.76083  152.73849 
82    146.19255  146.75110 
83    145.85650  146.18373 
84    145.78854  145.85582 
85    145.78854  145.78854 
86    144.81207  145.77622 
87    144.31107  144.80706 
88    142.30977  144.28892 
89    141.99165  142.30421 
90    139.21592  141.94411 
91    139.21592  139.21592 
92    136.60554  139.15899 
93    134.50562  136.56330 
94    133.67581  134.49359 
95    133.04167  133.66267 
96    133.04167  133.04167 
97    131.29819  133.02051 
98    130.04371  131.28172 
99    129.20603  130.03268 
100   127.73058  129.18735 
101   126.99119  127.72086 
102   124.94221  126.96956 
103   124.49328  124.93466 
104   124.31363  124.49148 
105   123.80885  124.30369 
106   123.25569  123.80222 
107   122.99206  123.25196 
108   122.04969  122.98256 
109   120.99158  122.03633 
110   120.04079  120.97225 
111   120.04079  120.04079 
112   120.02950  120.04068 
113   120.02950  120.02950 
114   119.78801  120.02708 
115   119.39206  119.78405 
116   119.07821  119.38636 
117   118.66220  119.07405 
118   118.36810  118.65926 
119   117.86218  118.36195 
120   117.86218  117.86218 
121   115.36367  117.83719 
122   115.18731  115.36173 
123   115.02365  115.18567 
124   114.97371  115.02315 
125   114.88396  114.97281 
126   113.91258  114.86477 
127   113.60113  113.90519 
128   113.10720  113.59318 
129   113.10720  113.10720 
130   113.06007  113.10672 
131   112.92375  113.05870 
132   112.17837  112.91596 
133   112.13127  112.17789 
134   112.05600  112.13052 
135   112.05600  112.05600 
136   112.02353  112.05568 
137   111.45107  112.01781 
138   110.50031  111.43443 
139   109.00088  110.48532 
140   109.00088  109.00088 
141   109.00088  109.00088 
142   108.17276  108.99047 
143   108.06595  108.17170 
144   108.06595  108.06595 
145   108.06595  108.06595 
146   107.83307  108.06362 
147   107.81567  107.83290 
148   107.36874  107.80450 
149   107.36874  107.36874 
150   107.20255  107.36708 
151   103.70654  107.16726 
152   103.43623  103.70384 
153   102.97634  103.42956 
154   102.96555  102.97624 
155   102.96555  102.96555 
156   102.40302  102.95794 
157   102.40302  102.40302 
158   102.40302  102.40302 
159   102.26670  102.40132 
160   101.38027  102.25680 
161   101.34733  101.37994 
162   100.41703  101.33770 
163   100.18399  100.41470 
164   99.57613   100.17791 
165   99.49626   99.57500  
166   99.39275   99.49522  
167   99.39275   99.39275  
168   99.33581   99.39218  
169   99.33581   99.33581  
170   99.33581   99.33581  
171   96.93499   99.31180  
172   96.93499   96.93499  
173   96.78388   96.93348  
174   96.42353   96.78027  
175   95.21866   96.40329  
176   93.95738   95.19833  
177   93.85532   93.95636  
178   93.85532   93.85532  
179   93.85532   93.85532  
180   93.85532   93.85532  
181   93.85532   93.85532  
182   93.85532   93.85532  
183   93.85532   93.85532  
184   93.85532   93.85532  
185   93.85532   93.85532  
186   93.85532   93.85532  
187   93.85532   93.85532  
188   93.71355   93.85390  
189   93.39439   93.70915  
190   93.39439   93.39439  
191   93.39439   93.39439  
192   92.74248   93.38787  
193   92.74248   92.74248  
194   92.01223   92.73518  
195   92.01223   92.01223  
196   89.77334   91.98984  
197   89.67880   89.77240  
198   89.67880   89.67880  
199   89.36492   89.67416  
200   88.59259   89.35465  
201   88.59259   88.59259  
202   88.19720   88.58864  
203   87.33959   88.18863  
204   87.33959   87.33959  
205   87.26788   87.33888  
206   87.26788   87.26788  
207   86.68409   87.26009  
208   86.68409   86.68409  
209   86.53348   86.68258  
210   86.53348   86.53348  
211   86.53348   86.53348  
212   86.47145   86.53286  
213   86.47145   86.47145  
214   86.47145   86.47145  
215   86.09579   86.46770  
216   86.07787   86.09561  
217   86.07787   86.07787  
218   86.07787   86.07787  
219   86.07787   86.07787  
220   85.74754   86.07365  
221   85.74754   85.74754  
222   85.74754   85.74754  
223   85.74754   85.74754  
224   85.44853   85.74455  
225   85.44853   85.44853  
226   85.44853   85.44853  
227   85.44853   85.44853  
228   85.44853   85.44853  
229   85.44853   85.44853  
230   85.23978   85.44644  
231   85.22128   85.23959  
232   84.84252   85.21749  
233   84.84252   84.84252  
234   84.84252   84.84252  
235   84.84252   84.84252  
236   84.84252   84.84252  
237   84.84252   84.84252  
238   84.84252   84.84252  
239   84.84252   84.84252  
240   84.84252   84.84252  
241   84.18919   84.83598  
242   84.18919   84.18919  
243   84.18919   84.18919  
244   84.18919   84.18919  
245   84.18919   84.18919  
246   84.18919   84.18919  
247   84.18919   84.18919  
248   84.18919   84.18919  
249   83.97001   84.18700  
250   83.97001   83.97001  
251   83.97001   83.97001  
252   83.97001   83.97001  
253   83.97001   83.97001  
254   83.97001   83.97001  
255   83.97001   83.97001  
256   83.75734   83.96788  
257   83.62250   83.75599  
258   83.62250   83.62250  
259   83.62250   83.62250  
260   83.51307   83.62141  
261   81.08105   83.48875  
262   81.08105   81.08105  
263   81.08105   81.08105  
264   81.08105   81.08105  
265   81.08105   81.08105  
266   81.08105   81.08105  
267   81.08105   81.08105  
268   81.08105   81.08105  
269   81.07068   81.08094  
270   81.07068   81.07068  
271   80.40782   81.06406  
272   80.40782   80.40782  
273   80.40782   80.40782  
274   80.40782   80.40782  
275   80.40782   80.40782  
276   80.40782   80.40782  
277   80.40782   80.40782  
278   80.40782   80.40782  
279   80.40782   80.40782  
280   80.40782   80.40782  
281   78.63725   80.39012  
282   78.63725   78.63725  
283   78.15086   78.63239  
284   78.15086   78.15086  
285   78.15086   78.15086  
286   78.15086   78.15086  
287   78.15086   78.15086  
288   78.15086   78.15086  
289   78.15086   78.15086  
290   78.15086   78.15086  
291   78.15086   78.15086  
292   78.15086   78.15086  
293   78.15086   78.15086  
294   78.15086   78.15086  
295   78.15086   78.15086  
296   77.75433   78.14689  
297   77.75433   77.75433  
298   77.75433   77.75433  
299   77.75433   77.75433  
300   77.75433   77.75433  
301   77.33867   77.75017  
302   77.29306   77.33822  
303   77.29306   77.29306  
304   77.29306   77.29306  
305   77.29306   77.29306  
306   77.29306   77.29306  
307   77.29306   77.29306  
308   77.07741   77.29091  
309   77.07741   77.07741  
310   77.07741   77.07741  
311   76.80674   77.07470  
312   76.80674   76.80674  
313   76.68002   76.80547  
314   76.68002   76.68002  
315   76.68002   76.68002  
316   76.68002   76.68002  
317   76.68002   76.68002  
318   76.68002   76.68002  
319   76.68002   76.68002  
320   76.68002   76.68002  
321   76.68002   76.68002  
322   76.68002   76.68002  
323   76.68002   76.68002  
324   76.66966   76.67992  
325   76.66966   76.66966  
326   76.66966   76.66966  
327   76.66966   76.66966  
328   76.66966   76.66966  
329   76.66966   76.66966  
330   76.66966   76.66966  
331   76.41228   76.66709  
332   76.41228   76.41228  
333   76.41228   76.41228  
334   76.41228   76.41228  
335   76.41228   76.41228  
336   76.41228   76.41228  
337   76.41228   76.41228  
338   76.41228   76.41228  
339   76.41228   76.41228  
340   76.41228   76.41228  
341   76.03189   76.40848  
342   76.03189   76.03189  
343   76.03189   76.03189  
344   76.03189   76.03189  
345   76.03189   76.03189  
346   76.03189   76.03189  
347   75.63536   76.02792  
348   75.63536   75.63536  
349   75.63536   75.63536  
350   75.63536   75.63536  
351   75.63536   75.63536  
352   75.63536   75.63536  
353   75.63536   75.63536  
354   75.63536   75.63536  
355   75.63536   75.63536  
356   75.63536   75.63536  
357   75.63536   75.63536  
358   75.63536   75.63536  
359   75.63536   75.63536  
360   75.63536   75.63536  
361   75.63536   75.63536  
362   75.63536   75.63536  
363   75.63536   75.63536  
364   75.63536   75.63536  
365   75.63536   75.63536  
366   75.63536   75.63536  
367   75.63536   75.63536  
368   75.63536   75.63536  
369   75.63536   75.63536  
370   75.63536   75.63536  
371   75.63536   75.63536  
372   75.63536   75.63536  
373   75.63536   75.63536  
374   75.63536   75.63536  
375   75.63536   75.63536  
376   75.63536   75.63536  
377   75.63536   75.63536  
378   75.63536   75.63536  
379   75.63536   75.63536  
380   75.63536   75.63536  
381   75.63536   75.63536  
382   75.63536   75.63536  
383   75.63536   75.63536  
384   75.63536   75.63536  
385   75.63536   75.63536  
386   75.63536   75.63536  
387   75.63536   75.63536  
388   75.63536   75.63536  
389   75.63536   75.63536  
390   75.63536   75.63536  
391   75.63536   75.63536  
392   75.63536   75.63536  
393   75.63536   75.63536  
394   75.63536   75.63536  
395   75.63536   75.63536  
396   75.63536   75.63536  
397   75.63536   75.63536  
398   75.63536   75.63536  
399   75.63536   75.63536  
400   75.63536   75.63536  
401   75.41994   75.63321  
402   75.41994   75.41994  
403   75.41994   75.41994  
404   75.41994   75.41994  
405   75.41994   75.41994  
406   75.41994   75.41994  
407   75.41994   75.41994  
408   75.41994   75.41994  
409   75.41994   75.41994  
410   75.41994   75.41994  
411   75.41994   75.41994  
412   75.41994   75.41994  
413   75.41994   75.41994  
414   75.41994   75.41994  
415   75.41994   75.41994  
416   75.41994   75.41994  
417   75.41994   75.41994  
418   75.41994   75.41994  
419   75.41994   75.41994  
420   75.41994   75.41994  
421   75.41994   75.41994  
422   75.41994   75.41994  
423   75.41994   75.41994  
424   75.41994   75.41994  
425   75.41994   75.41994  
426   75.41994   75.41994  
427   75.41994   75.41994  
428   75.41994   75.41994  
429   75.41994   75.41994  
430   75.41994   75.41994  
431   75.40957   75.41983  
432   75.40957   75.40957  
433   75.40957   75.40957  
434   75.40957   75.40957  
435   75.40957   75.40957  
436   75.40957   75.40957  
437   75.40957   75.40957  
438   75.40957   75.40957  
439   75.40957   75.40957  
440   75.40957   75.40957  
441   75.08724   75.40635  
442   75.08724   75.08724  
443   75.08724   75.08724  
444   75.08724   75.08724  
445   75.08724   75.08724  
446   75.08724   75.08724  
447   75.08724   75.08724  
448   75.08724   75.08724  
449   75.08724   75.08724  
450   75.08724   75.08724  
451   75.02807   75.08665  
452   75.02807   75.02807  
453   75.02807   75.02807  
454   75.02807   75.02807  
455   75.02807   75.02807  
456   75.02807   75.02807  
457   75.02807   75.02807  
458   75.02807   75.02807  
459   75.02807   75.02807  
460   75.02807   75.02807  
461   75.02807   75.02807  
462   75.02807   75.02807  
463   75.02807   75.02807  
464   75.02807   75.02807  
465   75.02807   75.02807  
466   75.02807   75.02807  
467   75.02807   75.02807  
468   75.02807   75.02807  
469   75.02807   75.02807  
470   75.02807   75.02807  
471   75.02807   75.02807  
472   75.02807   75.02807  
473   75.02807   75.02807  
474   75.02807   75.02807  
475   75.02807   75.02807  
476   75.02807   75.02807  
477   75.01771   75.02797  
478   75.01771   75.01771  
479   75.01771   75.01771  
480   75.01771   75.01771  
481   75.01771   75.01771  
482   75.01771   75.01771  
483   75.01771   75.01771  
484   75.01771   75.01771  
485   75.01771   75.01771  
486   75.01771   75.01771  
487   75.01771   75.01771  
488   75.01771   75.01771  
489   75.01771   75.01771  
490   75.01771   75.01771  
491   75.01771   75.01771  
492   75.01771   75.01771  
493   75.01771   75.01771  
494   75.01771   75.01771  
495   75.01771   75.01771  
496   75.01771   75.01771  
497   75.01771   75.01771  
498   75.01771   75.01771  
499   75.01771   75.01771  
