0     455.48389  491.63334 
1     455.48389  491.63334 
2     441.54959  454.79107 
3     429.20839  440.63673 
4     421.10224  428.73911 
5     407.05164  420.56521 
6     400.86359  406.68253 
7     394.89135  400.59180 
8     388.40992  394.71074 
9     382.35325  387.94032 
10    376.94965  381.98566 
11    343.53178  376.50153 
12    330.05966  343.15319 
13    324.62068  329.79965 
14    316.96886  324.37992 
15    313.70327  316.89347 
16    307.57875  313.55883 
17    301.99990  307.40810 
18    298.00780  301.85034 
19    294.10990  297.81788 
20    289.13941  293.97706 
21    287.30389  289.05610 
22    286.71862  287.26657 
23    283.83966  286.58376 
24    279.69545  283.72192 
25    276.43525  279.56695 
26    271.53352  276.33498 
27    269.93242  271.42742 
28    265.91190  269.84331 
29    263.33764  265.81497 
30    257.68861  263.25168 
31    255.73718  257.60523 
32    250.23947  255.62577 
33    245.70998  250.10843 
34    244.10897  245.63175 
35    242.80801  244.07090 
36    234.15391  242.66448 
37    230.64146  234.04058 
38    229.75770  230.60795 
39    225.83950  229.70415 
40    224.00196  225.78891 
41    222.48664  223.95639 
42    221.46566  222.44908 
43    219.79992  221.43150 
44    217.58170  219.75715 
45    215.44217  217.51779 
46    210.64978  215.39425 
47    207.61350  210.61123 
48    207.41711  207.60956 
49    206.05434  207.36791 
50    205.95053  206.05150 
51    193.48333  205.81845 
52    191.61694  193.45753 
53    190.33335  191.60411 
54    189.00205  190.31246 
55    186.49050  188.95596 
56    184.94994  186.45626 
57    184.08820  184.93098 
58    179.76389  184.03301 
59    178.10764  179.72032 
60    176.71188  178.07571 
61    175.40647  176.66094 
62    174.38896  175.38189 
63    173.47106  174.35198 
64    172.45404  173.44501 
65    170.20621  172.41817 
66    168.73684  170.17770 
67    167.32230  168.69568 
68    166.29027  167.29770 
69    163.97984  166.26083 
70    162.74243  163.94539 
71    157.58633  162.67738 
72    156.38351  157.56072 
73    155.67341  156.36836 
74    154.39942  155.63843 
75    153.68892  154.38428 
76    152.44100  153.64883 
77    151.84736  152.42629 
78    151.57045  151.84096 
79    150.02758  151.52908 
80    147.87240  149.96152 
81    147.31704  147.85819 
82    145.74693  147.29476 
83    144.42152  145.72688 
84    143.10977  144.39549 
85    141.92032  143.08251 
86    140.85440  141.88519 
87    140.35793  140.83659 
88    137.69224  140.30656 
89    137.06969  137.68147 
90    136.37728  137.05061 
91    136.15030  136.37212 
92    135.96064  136.14535 
93    134.99411  135.95033 
94    133.24851  134.96592 
95    133.03853  133.24263 
96    132.19409  133.01239 
97    132.08290  132.19298 
98    132.08290  132.08290 
99    131.65318  132.07685 
100   131.38566  131.64875 
101   130.02780  131.36898 
102   129.01477  130.00594 
103   128.26116  129.00318 
104   127.93838  128.25456 
105   127.77701  127.93515 
106   127.77701  127.77701 
107   127.77701  127.77701 
108   127.40797  127.77130 
109   127.39848  127.40788 
110   127.24796  127.39697 
111   118.89132  127.15687 
112   118.63172  118.88770 
113   117.80356  118.62343 
114   117.36881  117.79921 
115   117.14475  117.36449 
116   116.52080  117.13742 
117   116.30943  116.51868 
118   115.90012  116.30515 
119   115.79101  115.89813 
120   115.68645  115.78906 
121   115.36367  115.68313 
122   115.19749  115.35809 
123   115.06117  115.19523 
124   115.06117  115.06117 
125   115.06117  115.06117 
126   114.96981  115.05993 
127   114.79344  114.96771 
128   114.79344  114.79344 
129   114.68827  114.79239 
130   114.59852  114.68729 
131   114.43551  114.59656 
132   113.04625  114.41570 
133   112.35114  113.03021 
134   111.33510  112.33816 
135   111.17144  111.33184 
136   110.41306  111.16299 
137   110.38059  110.41274 
138   110.38059  110.38059 
139   109.88666  110.37368 
140   109.37301  109.87968 
141   109.37301  109.37301 
142   109.35714  109.37276 
143   109.28618  109.35643 
144   109.28618  109.28618 
145   109.28618  109.28618 
146   109.04330  109.28375 
147   109.03436  109.04321 
148   108.28897  109.02690 
149   107.53035  108.28139 
150   107.53035  107.53035 
151   106.60931  107.52114 
152   106.57613  106.60897 
153   106.37445  106.57267 
154   106.37445  106.37445 
155   106.22970  106.37291 
156   106.22970  106.22970 
157   106.22970  106.22970 
158   103.68373  106.20424 
159   103.31913  103.67857 
160   103.19778  103.31792 
161   97.48681   103.13951 
162   97.25372   97.48158  
163   97.25372   97.25372  
164   97.11195   97.25230  
165   97.11195   97.11195  
166   97.11195   97.11195  
167   97.11195   97.11195  
168   96.96987   97.11053  
169   96.16590   96.96183  
170   96.16590   96.16590  
171   96.16590   96.16590  
172   96.16590   96.16590  
173   96.16590   96.16590  
174   96.16590   96.16590  
175   96.16590   96.16590  
176   96.06045   96.16484  
177   96.06045   96.06045  
178   96.06045   96.06045  
179   96.06045   96.06045  
180   95.77121   96.05756  
181   94.20676   95.75557  
182   94.20676   94.20676  
183   94.20676   94.20676  
184   94.20676   94.20676  
185   94.20676   94.20676  
186   94.20676   94.20676  
187   94.20676   94.20676  
188   94.20676   94.20676  
189   93.55306   94.20022  
190   93.55306   93.55306  
191   93.01500   93.54768  
192   92.82628   93.01312  
193   92.82628   92.82628  
194   92.49594   92.82297  
195   92.49594   92.49594  
196   92.49594   92.49594  
197   92.49594   92.49594  
198   92.49594   92.49594  
199   92.49594   92.49594  
200   92.35073   92.49449  
201   90.72774   92.33450  
202   90.72774   90.72774  
203   90.64666   90.72693  
204   90.64666   90.64666  
205   90.48142   90.64501  
206   90.48142   90.48142  
207   90.48142   90.48142  
208   90.19461   90.47855  
209   90.19461   90.19461  
210   90.19461   90.19461  
211   88.82066   90.18087  
212   88.82066   88.82066  
213   88.39337   88.81638  
214   87.74739   88.38691  
215   87.74739   87.74739  
216   87.74739   87.74739  
217   87.25770   87.74249  
218   86.42958   87.24942  
219   86.42958   86.42958  
220   86.42958   86.42958  
221   86.42958   86.42958  
222   86.42958   86.42958  
223   86.42958   86.42958  
224   85.73507   86.42263  
225   85.70568   85.73448  
226   85.70568   85.70568  
227   85.70568   85.70568  
228   85.29903   85.70161  
229   85.29903   85.29903  
230   85.29903   85.29903  
231   85.29903   85.29903  
232   85.29903   85.29903  
233   85.29903   85.29903  
234   85.29903   85.29903  
235   85.29903   85.29903  
236   85.29903   85.29903  
237   85.29903   85.29903  
238   85.29903   85.29903  
239   85.29903   85.29903  
240   85.29903   85.29903  
241   85.29903   85.29903  
242   85.29903   85.29903  
243   85.29903   85.29903  
244   85.29903   85.29903  
245   85.12220   85.29726  
246   85.12220   85.12220  
247   85.12220   85.12220  
248   85.12220   85.12220  
249   85.12220   85.12220  
250   85.12220   85.12220  
251   82.54619   85.09644  
252   82.54619   82.54619  
253   81.16589   82.53007  
254   81.16589   81.16589  
255   81.16589   81.16589  
256   81.16589   81.16589  
257   81.16589   81.16589  
258   81.16589   81.16589  
259   81.16589   81.16589  
260   81.16589   81.16589  
261   81.16589   81.16589  
262   81.16589   81.16589  
263   81.16589   81.16589  
264   81.16589   81.16589  
265   81.16589   81.16589  
266   81.16589   81.16589  
267   81.16589   81.16589  
268   81.16589   81.16589  
269   81.16589   81.16589  
270   81.16589   81.16589  
271   80.66649   81.16090  
272   80.66649   80.66649  
273   80.66649   80.66649  
274   80.66649   80.66649  
275   80.66649   80.66649  
276   80.66649   80.66649  
277   80.66649   80.66649  
278   80.66649   80.66649  
279   80.66649   80.66649  
280   80.66649   80.66649  
281   80.28463   80.66267  
282   80.28463   80.28463  
283   80.28463   80.28463  
284   80.28463   80.28463  
285   80.28463   80.28463  
286   80.28463   80.28463  
287   80.28463   80.28463  
288   80.28463   80.28463  
289   80.28463   80.28463  
290   80.28463   80.28463  
291   80.28463   80.28463  
292   80.28463   80.28463  
293   80.28463   80.28463  
294   80.28463   80.28463  
295   80.28463   80.28463  
296   80.18982   80.28368  
297   80.18982   80.18982  
298   80.12683   80.18919  
299   79.67922   80.12235  
300   79.21933   79.67462  
301   76.80674   79.19520  
302   76.80674   76.80674  
303   76.80674   76.80674  
304   76.80674   76.80674  
305   76.80674   76.80674  
306   76.80674   76.80674  
307   76.80674   76.80674  
308   76.80674   76.80674  
309   76.80674   76.80674  
310   76.80674   76.80674  
311   76.68002   76.80547  
312   76.68002   76.68002  
313   76.68002   76.68002  
314   76.68002   76.68002  
315   76.68002   76.68002  
316   76.68002   76.68002  
317   76.68002   76.68002  
318   76.68002   76.68002  
319   76.68002   76.68002  
320   76.68002   76.68002  
321   76.41228   76.67734  
322   76.41228   76.41228  
323   76.41228   76.41228  
324   76.41228   76.41228  
325   76.41228   76.41228  
326   76.41228   76.41228  
327   76.41228   76.41228  
328   76.41228   76.41228  
329   76.41228   76.41228  
330   76.41228   76.41228  
331   76.41228   76.41228  
332   76.41228   76.41228  
333   76.41228   76.41228  
334   76.41228   76.41228  
335   76.41228   76.41228  
336   76.41228   76.41228  
337   76.41228   76.41228  
338   76.41228   76.41228  
339   76.41228   76.41228  
340   76.35531   76.41171  
341   76.35531   76.35531  
342   76.35531   76.35531  
343   76.35531   76.35531  
344   76.35531   76.35531  
345   76.35531   76.35531  
346   76.35531   76.35531  
347   76.35531   76.35531  
348   76.35531   76.35531  
349   76.35531   76.35531  
350   76.35531   76.35531  
351   76.35531   76.35531  
352   76.35531   76.35531  
353   76.35531   76.35531  
354   76.35531   76.35531  
355   76.35531   76.35531  
356   76.35531   76.35531  
357   76.35531   76.35531  
358   76.14079   76.35222  
359   76.14079   76.14079  
360   76.14079   76.14079  
361   75.63536   76.13573  
362   75.63536   75.63536  
363   75.63536   75.63536  
364   75.63536   75.63536  
365   75.63536   75.63536  
366   75.63536   75.63536  
367   75.63536   75.63536  
368   75.63536   75.63536  
369   75.63536   75.63536  
370   75.63536   75.63536  
371   75.63536   75.63536  
372   75.63536   75.63536  
373   75.63536   75.63536  
374   75.63536   75.63536  
375   75.63536   75.63536  
376   75.63536   75.63536  
377   75.63536   75.63536  
378   75.63536   75.63536  
379   75.63536   75.63536  
380   75.63536   75.63536  
381   75.63536   75.63536  
382   75.63536   75.63536  
383   75.63536   75.63536  
384   75.63536   75.63536  
385   75.63536   75.63536  
386   75.63536   75.63536  
387   75.63536   75.63536  
388   75.63536   75.63536  
389   75.63536   75.63536  
390   75.63536   75.63536  
391   75.63536   75.63536  
392   75.63536   75.63536  
393   75.63536   75.63536  
394   75.63536   75.63536  
395   75.63536   75.63536  
396   75.63536   75.63536  
397   75.63536   75.63536  
398   75.63536   75.63536  
399   75.63536   75.63536  
400   75.63536   75.63536  
401   75.40957   75.63310  
402   75.40957   75.40957  
403   75.40957   75.40957  
404   75.40957   75.40957  
405   75.40957   75.40957  
406   75.40957   75.40957  
407   75.40957   75.40957  
408   75.40957   75.40957  
409   75.40957   75.40957  
410   75.40957   75.40957  
411   75.40957   75.40957  
412   75.40957   75.40957  
413   75.40957   75.40957  
414   75.40957   75.40957  
415   75.40957   75.40957  
416   75.40957   75.40957  
417   75.40957   75.40957  
418   75.40957   75.40957  
419   75.40957   75.40957  
420   75.40957   75.40957  
421   75.40957   75.40957  
422   75.40957   75.40957  
423   75.40957   75.40957  
424   75.40957   75.40957  
425   75.40957   75.40957  
426   75.40957   75.40957  
427   75.40957   75.40957  
428   75.40957   75.40957  
429   75.40957   75.40957  
430   75.40957   75.40957  
431   75.40957   75.40957  
432   75.40957   75.40957  
433   75.40957   75.40957  
434   75.40957   75.40957  
435   75.40957   75.40957  
436   75.40957   75.40957  
437   75.40957   75.40957  
438   75.40957   75.40957  
439   75.40957   75.40957  
440   75.40957   75.40957  
441   75.02807   75.40576  
442   75.02807   75.02807  
443   75.02807   75.02807  
444   75.02807   75.02807  
445   75.02807   75.02807  
446   75.02807   75.02807  
447   75.02807   75.02807  
448   75.02807   75.02807  
449   75.02807   75.02807  
450   75.02807   75.02807  
451   75.02807   75.02807  
452   75.02807   75.02807  
453   75.02807   75.02807  
454   75.02807   75.02807  
455   75.02807   75.02807  
456   75.02807   75.02807  
457   75.02807   75.02807  
458   75.02807   75.02807  
459   75.02807   75.02807  
460   75.02807   75.02807  
461   75.02807   75.02807  
462   75.02807   75.02807  
463   75.01771   75.02797  
464   75.01771   75.01771  
465   75.01771   75.01771  
466   75.01771   75.01771  
467   75.01771   75.01771  
468   75.01771   75.01771  
469   75.01771   75.01771  
470   75.01771   75.01771  
471   75.01771   75.01771  
472   75.01771   75.01771  
473   75.01771   75.01771  
474   75.01771   75.01771  
475   75.01771   75.01771  
476   75.01771   75.01771  
477   75.01771   75.01771  
478   75.01771   75.01771  
479   75.01771   75.01771  
480   75.01771   75.01771  
481   75.01771   75.01771  
482   75.01771   75.01771  
483   75.01771   75.01771  
484   75.01771   75.01771  
485   75.01771   75.01771  
486   75.01771   75.01771  
487   75.01771   75.01771  
488   75.01771   75.01771  
489   75.01771   75.01771  
490   75.01771   75.01771  
491   75.01771   75.01771  
492   75.01771   75.01771  
493   75.01771   75.01771  
494   75.01771   75.01771  
495   75.01771   75.01771  
496   75.01771   75.01771  
497   75.01771   75.01771  
498   75.01771   75.01771  
499   75.01771   75.01771  
