0     455.48389  491.63334 
1     455.48389  491.63334 
2     448.89428  456.91002 
3     444.98371  449.13238 
4     435.28707  444.91207 
5     426.24265  435.60107 
6     416.09133  427.16999 
7     414.03538  417.63515 
8     407.60793  414.38663 
9     399.00827  408.59225 
10    393.86131  399.21879 
11    387.82111  394.40630 
12    386.92903  388.95382 
13    383.74033  386.96580 
14    379.49027  383.83345 
15    373.71974  380.06975 
16    370.66598  374.05615 
17    365.90854  370.93062 
18    358.86457  366.34941 
19    351.55769  359.76177 
20    350.34680  352.54249 
21    343.77434  350.41918 
22    341.24396  344.43676 
23    338.63279  341.68090 
24    334.18956  339.07326 
25    328.59055  334.39645 
26    327.02113  330.29901 
27    318.21824  327.10422 
28    313.55191  318.80283 
29    312.44174  314.90903 
30    307.93037  312.57759 
31    303.23442  308.55621 
32    302.80552  304.71555 
33    297.09239  302.74756 
34    295.65775  297.58582 
35    294.36284  295.99593 
36    291.27352  294.50839 
37    288.76849  292.10871 
38    284.71963  289.37504 
39    283.73008  285.92342 
40    281.73511  283.89122 
41    278.32213  282.08417 
42    273.86710  279.04100 
43    272.99420  275.33883 
44    271.11910  273.12201 
45    270.26233  271.40592 
46    268.97045  270.63787 
47    266.97117  269.40332 
48    260.46125  267.36041 
49    257.76048  261.76689 
50    255.58492  258.29797 
51    253.92382  256.09731 
52    253.03557  254.33712 
53    252.98896  253.35479 
54    248.14667  252.90181 
55    246.20117  248.92654 
56    244.79104  246.67727 
57    241.94016  245.16663 
58    240.71237  242.68702 
59    239.46627  241.10936 
60    239.18198  239.82610 
61    235.67766  239.21682 
62    235.50622  237.02088 
63    234.84039  235.54634 
64    234.67332  234.95123 
65    232.62632  234.65245 
66    232.60422  233.15621 
67    231.19143  232.58970 
68    230.27689  231.64212 
69    230.17740  230.51520 
70    225.29966  230.15904 
71    223.71362  226.71902 
72    222.80540  224.19727 
73    221.52200  222.99217 
74    220.67658  221.80898 
75    220.66075  220.94076 
76    219.27067  220.63728 
77    217.11776  219.48945 
78    214.50995  217.55816 
79    213.59541  214.99027 
80    212.91485  213.88682 
81    212.12481  213.11328 
82    212.05562  212.41060 
83    210.68861  212.04398 
84    209.77516  211.07910 
85    208.50178  210.03269 
86    208.38621  208.77331 
87    207.07788  208.39312 
88    207.07788  207.51309 
89    205.14109  207.05505 
90    204.88785  205.66178 
91    202.43220  204.92090 
92    201.66940  202.79184 
93    200.25712  201.90895 
94    199.62984  200.55914 
95    198.72162  199.83762 
96    197.69107  198.91138 
97    195.37383  198.08982 
98    193.19234  196.23684 
99    189.17255  193.76923 
100   188.87703  190.68679 
101   188.77725  188.96128 
102   187.95121  188.78722 
103   186.57300  188.13060 
104   183.06416  186.97687 
105   177.39092  184.08630 
106   175.69705  179.36216 
107   175.69705  176.27066 
108   174.94506  175.67691 
109   173.78953  175.07815 
110   172.38533  174.12785 
111   171.50665  172.71200 
112   170.81604  171.82791 
113   167.56389  171.01977 
114   166.74007  168.98929 
115   166.02047  166.88204 
116   163.57518  166.18578 
117   162.55095  164.17326 
118   162.55095  162.91087 
119   162.04704  162.54050 
120   161.07110  162.19386 
121   158.60166  161.45214 
122   158.60166  159.40985 
123   157.58946  158.58023 
124   156.84630  157.92389 
125   153.42649  156.95895 
126   153.42649  154.25482 
127   151.88442  153.41107 
128   151.39428  152.47655 
129   151.39428  151.60370 
130   151.09969  151.39091 
131   150.52753  151.18011 
132   149.96417  150.68711 
133   148.61243  150.16158 
134   148.25158  149.00229 
135   147.86539  148.34181 
136   147.36777  147.97061 
137   145.82569  147.55424 
138   145.82569  146.04899 
139   144.97384  145.81545 
140   143.12808  145.25634 
141   143.07054  143.74122 
142   142.00953  143.07681 
143   139.08421  142.41602 
144   138.71996  139.92072 
145   137.33950  138.81108 
146   134.09122  137.81919 
147   132.57170  134.96548 
148   132.53458  133.08168 
149   132.47355  132.54582 
150   131.48967  132.47312 
151   131.17444  131.83410 
152   131.01292  131.30518 
153   129.67238  131.05055 
154   128.62075  130.09011 
155   128.34700  128.97528 
156   127.85923  128.46599 
157   127.85923  128.04232 
158   127.85923  127.85923 
159   127.77037  127.85834 
160   126.83676  127.77199 
161   126.74230  127.04242 
162   126.64158  126.77530 
163   126.64158  126.68086 
164   125.02703  126.61790 
165   123.10850  125.60744 
166   122.41261  123.68233 
167   122.41261  122.68680 
168   122.06934  122.40918 
169   121.33563  122.19255 
170   120.71409  121.61536 
171   120.71409  120.97427 
172   120.25001  120.70385 
173   120.08657  120.37988 
174   119.81034  120.14757 
175   119.22860  119.89274 
176   118.25123  119.43878 
177   117.56870  118.48611 
178   117.56870  117.77673 
179   117.41234  117.56653 
180   117.06346  117.44708 
181   116.43101  117.16356 
182   116.31126  116.66223 
183   116.04496  116.35051 
184   115.83238  116.14669 
185   115.68403  115.92656 
186   115.53780  115.72873 
187   115.53780  115.58782 
188   115.53780  115.53780 
189   115.53780  115.53780 
190   115.38143  115.53607 
191   114.67659  115.43472 
192   114.67659  114.89312 
193   114.67659  114.67659 
194   114.67659  114.67659 
195   114.52022  114.67404 
196   114.52022  114.55842 
197   114.52022  114.52022 
198   114.14615  114.51587 
199   113.16856  114.25862 
200   113.16856  113.52858 
201   113.10753  113.16795 
202   113.10753  113.13804 
203   113.02779  113.10673 
204   112.86032  113.05642 
205   112.20387  112.89352 
206   112.20387  112.44853 
207   112.20387  112.20387 
208   112.08201  112.20167 
209   111.85336  112.12458 
210   111.85336  111.95219 
211   111.83478  111.85318 
212   111.67891  111.84047 
213   111.30015  111.74526 
214   111.30015  111.46814 
215   111.26304  111.29978 
216   111.26304  111.28085 
217   110.42971  111.25470 
218   110.42971  110.74330 
219   110.42971  110.42971 
220   110.42971  110.42971 
221   110.42971  110.42971 
222   110.41616  110.42958 
223   110.35389  110.42109 
224   110.35389  110.38440 
225   110.23689  110.35272 
226   109.93494  110.28067 
227   109.91407  110.06401 
228   109.60090  109.91879 
229   109.60090  109.72196 
230   108.68116  109.59035 
231   108.68116  109.05540 
232   108.68116  108.68116 
233   108.68116  108.68116 
234   108.68116  108.68116 
235   108.68116  108.68116 
236   108.68116  108.68116 
237   108.68116  108.68116 
238   108.68116  108.68116 
239   107.93855  108.67373 
240   107.93855  108.16844 
241   107.88235  107.93767 
242   107.74730  107.89113 
243   107.23218  107.78994 
244   107.23218  107.42168 
245   107.13372  107.23119 
246   107.13372  107.17553 
247   107.13372  107.13372 
248   106.74628  107.12984 
249   106.74628  106.86877 
250   106.74628  106.74628 
251   106.74187  106.74623 
252   106.74187  106.74350 
253   106.74187  106.74187 
254   104.96631  106.71799 
255   104.41075  105.49478 
256   104.37887  104.64209 
257   104.37887  104.39099 
258   104.37887  104.37887 
259   103.77458  104.37283 
260   103.27570  104.04527 
261   103.14065  103.38121 
262   103.04396  103.20181 
263   102.24458  103.07419 
264   102.24458  102.48129 
265   102.24458  102.24458 
266   101.18784  102.23218 
267   101.18784  101.62345 
268   101.18784  101.18784 
269   101.18784  101.18784 
270   100.73911  101.18336 
271   100.73911  100.92648 
272   100.48956  100.73106 
273   100.48956  100.54587 
274   100.48956  100.48956 
275   100.46741  100.48934 
276   100.46741  100.47561 
277   100.10027  100.46374 
278   100.10027  100.24747 
279   99.19072   100.09118 
280   98.19119   99.56226  
281   96.55702   98.54009  
282   96.50083   96.95541  
283   96.50083   96.52156  
284   95.17370   96.48756  
285   95.17370   95.68477  
286   94.74775   95.16944  
287   94.24726   94.91537  
288   94.24726   94.40147  
289   94.24726   94.24726  
290   94.22364   94.24702  
291   94.22364   94.23285  
292   93.92806   94.22069  
293   93.85168   94.03754  
294   93.85168   93.88987  
295   93.62911   93.84946  
296   93.28451   93.70218  
297   93.28451   93.39721  
298   93.28451   93.28451  
299   93.28451   93.28451  
300   93.28451   93.28451  
301   92.90510   93.27972  
302   91.61169   93.01140  
303   91.61169   92.07420  
304   91.61169   91.61169  
305   91.61169   91.61169  
306   90.84386   91.59936  
307   90.84386   91.11078  
308   90.84386   90.84386  
309   90.76831   90.84306  
310   90.76831   90.79870  
311   90.76831   90.76831  
312   90.76831   90.76831  
313   90.76831   90.76831  
314   89.56358   90.75626  
315   89.56358   90.02324  
316   89.56358   89.56358  
317   89.56358   89.56358  
318   89.50361   89.56298  
319   88.15070   89.51228  
320   88.15070   88.67305  
321   88.15070   88.15070  
322   88.15070   88.15070  
323   88.15070   88.15070  
324   88.15070   88.15070  
325   88.15070   88.15070  
326   88.15070   88.15070  
327   88.15070   88.15070  
328   88.15070   88.15070  
329   88.15070   88.15070  
330   88.15070   88.15070  
331   88.15070   88.15070  
332   88.15070   88.15070  
333   88.15070   88.15070  
334   88.15070   88.15070  
335   88.15070   88.15070  
336   88.15070   88.15070  
337   88.15070   88.15070  
338   88.06960   88.14989  
339   87.56597   88.08868  
340   87.56597   87.74518  
341   87.56597   87.56597  
342   87.56597   87.56597  
343   87.56597   87.56597  
344   87.56597   87.56597  
345   87.50877   87.56540  
346   87.50877   87.53279  
347   87.50877   87.50877  
348   87.50877   87.50877  
349   87.39533   87.50763  
350   87.39533   87.45432  
351   87.39533   87.39533  
352   87.39533   87.39533  
353   87.39533   87.39533  
354   87.39533   87.39533  
355   87.39533   87.39533  
356   87.39533   87.39533  
357   87.39533   87.39533  
358   87.39533   87.39533  
359   87.39533   87.39533  
360   87.39533   87.39533  
361   87.39533   87.39533  
362   87.39533   87.39533  
363   87.39533   87.39533  
364   86.57231   87.38710  
365   86.54670   86.77071  
366   86.54670   86.55813  
367   86.54670   86.54670  
368   86.54670   86.54670  
369   86.54670   86.54670  
370   86.00800   86.54131  
371   85.91855   86.19183  
372   85.91855   85.96587  
373   85.37300   85.90403  
374   85.20561   85.49262  
375   85.18301   85.27736  
376   85.00387   85.18777  
377   85.00387   85.07274  
378   85.00387   85.00387  
379   84.90089   85.00284  
380   84.67163   84.93538  
381   84.67163   84.74861  
382   84.67163   84.67163  
383   84.57197   84.67063  
384   84.57197   84.60785  
385   84.57197   84.57197  
386   84.57197   84.57197  
387   84.57197   84.57197  
388   84.57197   84.57197  
389   84.45495   84.57080  
390   84.45495   84.49809  
391   84.45495   84.45495  
392   84.45495   84.45495  
393   84.45495   84.45495  
394   83.87709   84.44917  
395   83.87709   84.14254  
396   83.87709   83.87709  
397   83.02910   83.86724  
398   83.02910   83.32138  
399   83.02910   83.02910  
400   82.78056   83.02525  
401   82.78056   82.86294  
402   82.55517   82.77830  
403   82.55517   82.62403  
404   82.55517   82.55517  
405   82.41827   82.55365  
406   82.41827   82.46943  
407   82.41827   82.41827  
408   82.08832   82.41497  
409   82.08832   82.22030  
410   82.08832   82.08832  
411   82.08832   82.08832  
412   82.08832   82.08832  
413   82.05160   82.08795  
414   82.05160   82.06849  
415   82.05160   82.05160  
416   81.86828   82.04806  
417   81.86828   81.91566  
418   81.86828   81.86828  
419   81.62679   81.86399  
420   81.62679   81.70589  
421   81.62679   81.62679  
422   81.13800   81.62190  
423   81.13800   81.28466  
424   81.12364   81.13786  
425   80.95222   81.12738  
426   80.94974   81.02229  
427   80.94974   80.95066  
428   80.94852   80.94973  
429   80.94852   80.94893  
430   80.94852   80.94852  
431   80.94852   80.94852  
432   80.94852   80.94852  
433   80.25466   80.94158  
434   80.25466   80.54026  
435   80.25466   80.25466  
436   80.25466   80.25466  
437   80.25466   80.25466  
438   80.25466   80.25466  
439   80.25305   80.25464  
440   80.25305   80.25366  
441   80.25305   80.25305  
442   80.25305   80.25305  
443   80.25305   80.25305  
444   80.25305   80.25305  
445   80.25305   80.25305  
446   80.25305   80.25305  
447   80.25305   80.25305  
448   80.25305   80.25305  
449   80.25305   80.25305  
450   79.64922   80.24701  
451   79.64922   79.87919  
452   79.64922   79.64922  
453   79.64922   79.64922  
454   79.64922   79.64922  
455   79.64922   79.64922  
456   79.64922   79.64922  
457   79.64922   79.64922  
458   79.64922   79.64922  
459   79.64922   79.64922  
460   79.64922   79.64922  
461   79.58326   79.64856  
462   79.58326   79.60833  
463   79.58326   79.58326  
464   79.58326   79.58326  
465   79.58326   79.58326  
466   79.45087   79.58193  
467   79.45087   79.50030  
468   79.45087   79.45087  
469   79.45087   79.45087  
470   79.29112   79.44927  
471   79.29112   79.34760  
472   79.29112   79.29112  
473   79.21961   79.29041  
474   79.17227   79.24347  
475   79.16529   79.18545  
476   79.16529   79.16822  
477   79.16529   79.16529  
478   78.80414   79.16168  
479   78.18359   78.94265  
480   78.18359   78.43152  
481   78.18359   78.18359  
482   78.18359   78.18359  
483   78.18359   78.18359  
484   78.18359   78.18359  
485   78.18359   78.18359  
486   78.18359   78.18359  
487   78.18359   78.18359  
488   78.02630   78.18202  
489   78.02630   78.08650  
490   78.02630   78.02630  
491   78.02630   78.02630  
492   78.02630   78.02630  
493   77.63863   78.02242  
494   77.63863   77.72121  
495   77.63863   77.63863  
496   77.41567   77.63640  
497   77.41567   77.53830  
498   77.41567   77.41567  
499   77.41567   77.41567  
