0     455.48389  491.63334 
1     455.48389  491.63334 
2     442.91971  455.10522 
3     431.97497  443.99868 
4     427.57142  432.05732 
5     423.00101  427.62741 
6     410.88065  423.05065 
7     404.27874  411.73533 
8     393.20844  403.90179 
9     386.61355  393.72249 
10    381.91824  386.86681 
11    363.61432  382.83043 
12    357.72531  365.96822 
13    354.28128  357.93106 
14    346.69429  354.31482 
15    344.60911  348.20352 
16    339.47873  344.85904 
17    338.28678  340.10073 
18    331.65194  338.18986 
19    326.25898  332.20728 
20    323.60032  326.43671 
21    321.93451  323.64972 
22    318.69772  322.15320 
23    314.05942  319.18917 
24    312.20015  314.50427 
25    310.52676  312.36378 
26    307.96495  310.53041 
27    304.94651  308.01382 
28    302.87947  305.09584 
29    300.99611  303.18257 
30    292.50427  301.59306 
31    290.61656  294.73292 
32    288.76964  290.69234 
33    283.61638  288.73770 
34    280.59413  283.74072 
35    277.47820  280.78798 
36    274.69920  277.67964 
37    273.62174  274.95470 
38    268.58457  273.52773 
39    268.58457  269.70877 
40    267.01488  268.51799 
41    263.83211  267.10121 
42    262.61004  264.06577 
43    260.93666  262.89151 
44    257.00936  260.73001 
45    255.17416  257.65463 
46    253.81562  255.27325 
47    251.38994  254.11798 
48    250.65462  251.82038 
49    243.81059  250.55140 
50    243.81059  245.01761 
51    237.48316  243.69398 
52    234.20355  239.43755 
53    233.11024  234.87348 
54    232.03418  233.18621 
55    229.68698  232.10889 
56    227.62178  229.78097 
57    224.03185  228.56049 
58    222.86479  225.32696 
59    221.61248  222.98798 
60    220.02408  221.94955 
61    206.72108  220.38736 
62    206.13956  210.63404 
63    206.13956  206.20630 
64    203.70678  206.06336 
65    202.28257  203.94839 
66    201.33596  202.37670 
67    200.15772  201.49091 
68    196.62406  200.15174 
69    190.44519  197.45731 
70    190.25911  192.48790 
71    189.10063  190.31491 
72    188.46735  189.44862 
73    185.92172  188.72466 
74    183.81269  187.09453 
75    183.73364  184.50840 
76    183.17445  183.73518 
77    181.14616  183.14981 
78    180.00092  181.15555 
79    179.64206  180.39184 
80    178.16347  179.73870 
81    177.81761  178.57287 
82    177.81761  177.96052 
83    176.20094  177.79884 
84    175.84991  176.75479 
85    174.37464  175.97570 
86    174.11686  174.95532 
87    172.65105  174.13239 
88    171.44985  172.97137 
89    171.19562  171.74369 
90    170.20648  171.24749 
91    169.62686  170.25904 
92    168.38717  169.76016 
93    167.75993  168.70551 
94    167.63598  167.82079 
95    167.12812  167.64860 
96    166.64977  167.18806 
97    165.18258  166.66189 
98    164.47527  165.47048 
99    164.01537  164.67547 
100   163.72435  164.20979 
101   156.86482  163.72482 
102   156.67616  159.62890 
103   156.35173  156.68335 
104   155.37887  156.38998 
105   155.05569  155.76434 
106   155.05569  155.18245 
107   153.46184  155.02227 
108   152.48533  153.63935 
109   151.59093  152.55410 
110   151.59093  151.90247 
111   149.43675  151.56697 
112   148.95835  150.41341 
113   148.23066  149.15178 
114   147.20679  148.48846 
115   146.15685  147.33101 
116   145.78715  146.53475 
117   145.13512  145.92795 
118   144.75628  145.19931 
119   143.59385  144.87182 
120   143.59385  143.96581 
121   141.74602  143.56972 
122   141.74602  142.17523 
123   138.07672  141.69679 
124   138.07672  139.38250 
125   136.79512  138.06212 
126   136.41149  137.21311 
127   136.41149  136.56148 
128   136.15630  136.40667 
129   135.89267  136.22772 
130   135.82417  135.98191 
131   135.82417  135.85294 
132   135.82098  135.82411 
133   133.56388  135.79517 
134   133.56388  134.37643 
135   133.56388  133.56388 
136   133.53098  133.56355 
137   132.82942  133.53191 
138   132.46416  132.91556 
139   131.81420  132.58391 
140   131.81420  132.05770 
141   127.56244  131.77168 
142   127.20073  129.91277 
143   125.90778  127.30232 
144   124.51590  126.08561 
145   124.51590  124.97540 
146   124.12783  124.51202 
147   124.02708  124.32313 
148   124.02708  124.06949 
149   123.72416  124.02405 
150   122.52272  123.84750 
151   122.52272  123.02098 
152   121.73434  122.50625 
153   121.73434  121.95130 
154   119.99937  121.68979 
155   119.86605  120.24376 
156   119.60205  119.93444 
157   118.77212  119.68167 
158   117.48128  119.04088 
159   116.86518  118.00892 
160   116.24644  116.93397 
161   116.24644  116.54775 
162   116.24644  116.24644 
163   115.98243  116.24008 
164   115.87518  116.02027 
165   115.87518  115.92666 
166   115.39402  115.87037 
167   114.62168  115.60311 
168   114.62168  114.76935 
169   114.30772  114.61854 
170   114.25086  114.41343 
171   113.78216  114.26323 
172   113.45497  113.96650 
173   113.25731  113.59544 
174   113.25731  113.36207 
175   113.02914  113.25503 
176   112.98106  113.12318 
177   112.82705  112.99779 
178   112.12224  112.87801 
179   111.74571  112.47843 
180   111.74571  111.90385 
181   109.88232  111.72707 
182   109.83671  110.65513 
183   108.81434  109.84308 
184   108.43245  109.23984 
185   107.45507  108.53383 
186   107.40946  107.74681 
187   107.19807  107.42331 
188   106.46272  107.27993 
189   105.96811  106.68589 
190   105.96369  106.20819 
191   103.81924  105.94450 
192   103.81924  104.80521 
193   103.63127  103.81736 
194   103.31731  103.69407 
195   103.31731  103.44603 
196   103.29331  103.31707 
197   103.29331  103.30243 
198   103.28068  103.29319 
199   103.28068  103.28586 
200   103.28068  103.28068 
201   102.77884  103.27567 
202   102.77884  103.01972 
203   102.41852  102.77523 
204   102.41852  102.57545 
205   102.41852  102.41852 
206   102.41852  102.41852 
207   102.17860  102.41612 
208   102.17860  102.29051 
209   102.14943  102.17831 
210   102.14943  102.16373 
211   102.09428  102.14888 
212   102.09428  102.11414 
213   101.88267  102.09216 
214   101.87678  101.96981 
215   101.87678  101.87914 
216   100.42275  101.86142 
217   100.34182  101.08370 
218   100.34182  100.38147 
219   99.99130   100.33831 
220   99.99130   100.17924 
221   94.36972   99.93508  
222   94.36972   96.04169  
223   94.36972   94.36972  
224   94.36972   94.36972  
225   92.91569   94.35518  
226   92.91569   93.68391  
227   92.80379   92.91384  
228   92.80379   92.83200  
229   92.73092   92.80306  
230   92.73092   92.77100  
231   92.73092   92.73092  
232   92.73092   92.73092  
233   92.73092   92.73092  
234   92.73092   92.73092  
235   92.68407   92.73046  
236   92.41594   92.69545  
237   91.40815   92.48653  
238   91.40815   91.76664  
239   91.40815   91.40815  
240   91.12149   91.40236  
241   90.33624   91.15460  
242   90.33624   90.72913  
243   90.27808   90.33566  
244   90.27808   90.30134  
245   89.87745   90.27407  
246   89.87745   90.03689  
247   89.67506   89.87543  
248   89.10677   89.76038  
249   89.10677   89.39528  
250   88.61513   89.10186  
251   88.61513   88.82783  
252   88.61513   88.61513  
253   88.27296   88.61171  
254   88.27296   88.41273  
255   88.27296   88.27296  
256   88.27296   88.27296  
257   87.84907   88.26025  
258   87.84907   87.84907  
259   87.84907   87.84907  
260   87.64667   87.84704  
261   87.64667   87.74215  
262   87.64667   87.64667  
263   87.64667   87.64667  
264   87.64667   87.64667  
265   87.04187   87.63664  
266   87.04187   87.17238  
267   86.69207   87.03837  
268   86.44173   86.85095  
269   86.31516   86.55387  
270   86.09121   86.36840  
271   86.09121   86.20728  
272   86.09121   86.09121  
273   86.09121   86.09121  
274   85.18577   86.07735  
275   85.18577   85.52999  
276   85.18577   85.18577  
277   85.18577   85.18577  
278   85.05919   85.18450  
279   85.05919   85.10267  
280   85.05919   85.05919  
281   83.14755   85.04008  
282   83.14755   83.83925  
283   83.14755   83.14755  
284   83.14755   83.14755  
285   83.14755   83.14755  
286   83.14755   83.14755  
287   83.14755   83.14755  
288   83.14755   83.14755  
289   82.98415   83.14592  
290   82.98415   83.08527  
291   82.98415   82.98415  
292   82.98415   82.98415  
293   82.98415   82.98415  
294   82.98415   82.98415  
295   82.98415   82.98415  
296   82.98415   82.98415  
297   82.98415   82.98415  
298   82.98415   82.98415  
299   82.98415   82.98415  
300   82.98415   82.98415  
301   81.60205   82.97033  
302   81.60205   82.15323  
303   81.60205   81.60205  
304   81.60205   81.60205  
305   81.60205   81.60205  
306   81.60205   81.60205  
307   81.60205   81.60205  
308   81.60205   81.60205  
309   81.60205   81.60205  
310   81.60205   81.60205  
311   81.35931   81.59962  
312   81.35931   81.46126  
313   81.35931   81.35931  
314   81.35931   81.35931  
315   81.35931   81.35931  
316   81.35931   81.35931  
317   81.35931   81.35931  
318   81.35931   81.35931  
319   81.35931   81.35931  
320   81.35931   81.35931  
321   80.69187   81.35263  
322   80.69187   80.92283  
323   80.69187   80.69187  
324   80.69187   80.69187  
325   80.69187   80.69187  
326   80.69187   80.69187  
327   80.69187   80.69187  
328   80.69187   80.69187  
329   80.69187   80.69187  
330   80.69187   80.69187  
331   79.82140   80.68316  
332   79.82140   80.27830  
333   79.82140   79.82140  
334   79.82140   79.82140  
335   79.82140   79.82140  
336   79.82140   79.82140  
337   79.82140   79.82140  
338   79.82140   79.82140  
339   79.82140   79.82140  
340   79.82140   79.82140  
341   79.43708   79.81756  
342   79.43708   79.61582  
343   79.43708   79.43708  
344   79.43708   79.43708  
345   79.43708   79.43708  
346   79.43708   79.43708  
347   79.43708   79.43708  
348   79.43708   79.43708  
349   79.43708   79.43708  
350   79.43708   79.43708  
351   79.43708   79.43708  
352   79.43708   79.43708  
353   79.43708   79.43708  
354   79.43708   79.43708  
355   79.43708   79.43708  
356   79.43708   79.43708  
357   79.43708   79.43708  
358   79.43708   79.43708  
359   79.43708   79.43708  
360   79.43708   79.43708  
361   79.21483   79.43485  
362   79.21483   79.30817  
363   79.21483   79.21483  
364   79.21483   79.21483  
365   79.21483   79.21483  
366   79.21483   79.21483  
367   79.21483   79.21483  
368   79.21483   79.21483  
369   79.21483   79.21483  
370   79.21483   79.21483  
371   79.21483   79.21483  
372   79.21483   79.21483  
373   79.21483   79.21483  
374   79.21483   79.21483  
375   79.21483   79.21483  
376   79.21483   79.21483  
377   79.21483   79.21483  
378   79.21483   79.21483  
379   79.21483   79.21483  
380   79.21483   79.21483  
381   77.54460   79.19813  
382   77.54460   78.25423  
383   77.54460   77.54460  
384   77.54460   77.54460  
385   77.54460   77.54460  
386   77.54460   77.54460  
387   77.54460   77.54460  
388   77.54460   77.54460  
389   77.54460   77.54460  
390   77.54460   77.54460  
391   76.89464   77.53810  
392   76.89464   77.18234  
393   76.89464   76.89464  
394   76.89464   76.89464  
395   76.89464   76.89464  
396   76.89464   76.89464  
397   76.89464   76.89464  
398   76.89464   76.89464  
399   76.89464   76.89464  
400   76.89464   76.89464  
401   76.68855   76.89258  
402   76.68855   76.79071  
403   76.68855   76.68855  
404   76.68855   76.68855  
405   76.68855   76.68855  
406   76.50899   76.68676  
407   76.50899   76.60174  
408   76.50899   76.50899  
409   76.50899   76.50899  
410   76.50899   76.50899  
411   76.50899   76.50899  
412   76.50899   76.50899  
413   76.50899   76.50899  
414   76.50899   76.50899  
415   76.50899   76.50899  
416   76.50899   76.50899  
417   76.50899   76.50899  
418   76.50899   76.50899  
419   76.50899   76.50899  
420   76.50899   76.50899  
421   76.50899   76.50899  
422   76.50899   76.50899  
423   76.50899   76.50899  
424   76.50899   76.50899  
425   76.50899   76.50899  
426   76.50899   76.50899  
427   76.50899   76.50899  
428   76.50899   76.50899  
429   76.50899   76.50899  
430   76.50899   76.50899  
431   76.38652   76.50776  
432   76.38652   76.44040  
433   76.38652   76.38652  
434   76.38652   76.38652  
435   76.38652   76.38652  
436   76.38652   76.38652  
437   76.38652   76.38652  
438   76.38652   76.38652  
439   76.38652   76.38652  
440   76.38652   76.38652  
441   76.32149   76.38587  
442   76.32149   76.35595  
443   76.32149   76.32149  
444   76.32149   76.32149  
445   76.32149   76.32149  
446   76.32149   76.32149  
447   76.32149   76.32149  
448   76.32149   76.32149  
449   76.25917   76.32087  
450   76.25917   76.28971  
451   76.25917   76.25917  
452   76.25917   76.25917  
453   76.25917   76.25917  
454   76.25917   76.25917  
455   76.25917   76.25917  
456   76.25917   76.25917  
457   75.93717   76.25595  
458   75.93717   76.08626  
459   75.93717   75.93717  
460   75.93717   75.93717  
461   75.66491   75.93445  
462   75.66491   75.74387  
463   75.66491   75.66491  
464   75.66491   75.66491  
465   75.66491   75.66491  
466   75.66491   75.66491  
467   75.66491   75.66491  
468   75.66491   75.66491  
469   75.66491   75.66491  
470   75.66491   75.66491  
471   75.66491   75.66491  
472   75.66491   75.66491  
473   75.66491   75.66491  
474   75.66491   75.66491  
475   75.66491   75.66491  
476   75.66491   75.66491  
477   75.66491   75.66491  
478   75.66491   75.66491  
479   75.66491   75.66491  
480   75.66491   75.66491  
481   75.66491   75.66491  
482   75.66491   75.66491  
483   75.66491   75.66491  
484   75.66491   75.66491  
485   75.66491   75.66491  
486   75.66491   75.66491  
487   75.66491   75.66491  
488   75.66491   75.66491  
489   75.66491   75.66491  
490   75.66491   75.66491  
491   75.66491   75.66491  
492   75.66491   75.66491  
493   75.66491   75.66491  
494   75.66491   75.66491  
495   75.66491   75.66491  
496   75.66491   75.66491  
497   75.66491   75.66491  
498   75.66491   75.66491  
499   75.66491   75.66491  
