0     455.48389  491.63334 
1     455.48389  491.63334 
2     445.47217  456.66601 
3     436.35403  447.41688 
4     431.22365  437.79661 
5     414.60238  431.62280 
6     409.30883  417.99882 
7     404.91381  409.34710 
8     397.30659  404.70345 
9     391.24312  397.62815 
10    383.94625  391.82506 
11    379.45933  385.25072 
12    372.01302  379.73555 
13    371.28352  372.90712 
14    359.72569  370.99736 
15    357.29082  360.42988 
16    354.02887  357.33267 
17    353.82917  354.71874 
18    350.15182  353.72011 
19    348.65905  350.69922 
20    344.17746  348.82058 
21    338.73155  344.23832 
22    335.05375  339.41083 
23    331.67301  335.26890 
24    328.33889  332.30875 
25    326.71500  329.22537 
26    322.40902  326.83209 
27    314.34839  322.55199 
28    304.59003  316.49478 
29    297.01070  306.80655 
30    292.97752  298.98888 
31    290.54593  293.77030 
32    289.08764  290.97097 
33    287.24192  289.38135 
34    285.71600  287.83867 
35    284.64166  286.25938 
36    280.50418  284.66037 
37    276.52873  281.50167 
38    274.40488  277.05210 
39    272.27521  274.91359 
40    271.17559  272.71635 
41    268.36351  271.38758 
42    266.33554  268.75378 
43    260.93951  266.59286 
44    258.98896  262.66652 
45    257.95875  259.57323 
46    254.48515  258.13897 
47    253.66120  255.20279 
48    247.19999  253.82073 
49    246.35110  248.15233 
50    245.44920  246.62689 
51    244.86038  245.61878 
52    244.84399  245.08112 
53    242.18692  244.79505 
54    240.63502  243.06080 
55    238.18034  241.07823 
56    237.55428  238.84035 
57    235.46995  237.74238 
58    234.36774  236.07761 
59    230.10883  234.40355 
60    228.52814  231.79076 
61    225.73337  228.88926 
62    224.95022  226.00465 
63    222.72270  225.20611 
64    218.02676  223.13479 
65    216.98477  219.06303 
66    215.26122  217.19757 
67    212.72000  215.72670 
68    210.53602  213.33395 
69    209.52787  211.10598 
70    206.53185  209.78715 
71    205.45733  207.31296 
72    204.40071  205.78904 
73    203.56187  204.67639 
74    203.21025  203.78480 
75    201.68010  203.26135 
76    200.48964  202.16709 
77    197.88957  200.52721 
78    197.61558  198.43487 
79    195.02526  197.61230 
80    192.87583  195.77057 
81    190.87578  193.43736 
82    190.13630  191.57698 
83    189.96702  190.32146 
84    189.20716  190.00531 
85    188.60823  189.33076 
86    187.60478  188.72027 
87    186.42150  187.94716 
88    185.54494  186.73032 
89    185.07607  185.69525 
90    184.83405  185.28320 
91    183.53721  184.90122 
92    182.61692  183.98518 
93    181.81222  182.80143 
94    180.40008  182.02637 
95    179.63435  180.86174 
96    177.65507  179.88794 
97    177.06856  178.54817 
98    174.81455  177.21133 
99    174.33832  175.21989 
100   174.07015  174.52957 
101   172.81437  174.11448 
102   172.81437  173.17116 
103   172.33252  172.79334 
104   171.43873  172.44233 
105   170.23770  171.59977 
106   169.75547  170.64492 
107   169.42406  169.84509 
108   167.54199  169.50102 
109   164.70521  168.12646 
110   164.70521  165.67677 
111   163.04209  164.68790 
112   160.07259  163.50122 
113   159.97565  160.78914 
114   158.57387  159.98367 
115   157.55978  159.07236 
116   156.97088  157.93126 
117   156.19588  157.11066 
118   156.19588  156.52107 
119   156.19588  156.19588 
120   152.99133  156.15755 
121   152.30748  154.14283 
122   151.60721  152.52291 
123   151.15691  151.88937 
124   151.15691  151.29604 
125   150.55420  151.14536 
126   149.85394  150.66577 
127   149.56790  149.91941 
128   149.01412  149.65379 
129   147.32046  149.21977 
130   146.73431  147.82219 
131   145.92069  146.87193 
132   145.60565  146.13864 
133   145.07589  145.70762 
134   143.62997  145.17456 
135   143.62997  144.05887 
136   142.29657  143.61182 
137   141.92092  142.71996 
138   140.73606  142.03323 
139   140.23324  141.09309 
140   140.23324  140.42112 
141   140.20029  140.23291 
142   139.91428  140.20886 
143   138.97357  139.97177 
144   138.97357  139.34434 
145   138.24276  138.96626 
146   137.33161  138.45046 
147   137.33161  137.74220 
148   137.01265  137.32568 
149   136.80000  137.08564 
150   135.14706  136.84705 
151   135.14706  135.74984 
152   135.14706  135.14706 
153   134.87306  135.14327 
154   134.87306  134.96570 
155   133.83638  134.85209 
156   133.83638  134.05917 
157   133.36015  133.82999 
158   133.36015  133.50883 
159   132.08183  133.33611 
160   131.42059  132.50539 
161   130.73907  131.67290 
162   130.73907  130.95752 
163   129.13044  130.71661 
164   129.13044  129.68857 
165   127.63555  129.11500 
166   125.56317  128.16038 
167   124.63485  126.10363 
168   123.68777  124.97771 
169   123.52450  124.05991 
170   123.48306  123.59896 
171   123.31762  123.49663 
172   122.79213  123.37968 
173   121.44364  122.95427 
174   121.44364  121.91792 
175   120.45897  121.42961 
176   120.40163  120.82888 
177   120.34027  120.41717 
178   119.92235  120.34388 
179   118.93431  120.08538 
180   118.33001  119.11335 
181   118.33001  118.59463 
182   118.22506  118.32791 
183   117.90082  118.25381 
184   117.90082  118.02867 
185   117.63155  117.89756 
186   117.17242  117.71120 
187   117.17242  117.35983 
188   117.17242  117.17242 
189   117.17242  117.17242 
190   116.90274  117.16702 
191   116.49726  116.97234 
192   115.64092  116.60611 
193   114.57105  115.94770 
194   114.11681  114.83229 
195   114.05947  114.30516 
196   113.90986  114.08148 
197   113.85565  113.97215 
198   112.75963  113.85937 
199   112.70229  113.11736 
200   112.24805  112.71521 
201   112.24805  112.40630 
202   111.93571  112.24493 
203   111.93571  112.04503 
204   111.68595  111.93129 
205   111.68595  111.76113 
206   111.49277  111.68250 
207   111.49277  111.56408 
208   111.30442  111.49089 
209   111.11254  111.35182 
210   111.11254  111.19091 
211   111.11254  111.11254 
212   111.11254  111.11254 
213   110.76596  111.10414 
214   110.76596  110.84839 
215   110.48796  110.76318 
216   108.97447  110.59873 
217   108.97447  109.37609 
218   108.97447  108.97447 
219   108.50857  108.96981 
220   108.50857  108.69127 
221   107.77894  108.49307 
222   107.77894  108.06815 
223   107.43728  107.77552 
224   107.43728  107.59103 
225   107.43728  107.43728 
226   107.10663  107.43398 
227   107.03112  107.24567 
228   106.95448  107.06940 
229   106.95448  106.98039 
230   106.95448  106.95448 
231   106.67196  106.95139 
232   106.67196  106.78681 
233   106.65492  106.67179 
234   106.65492  106.66088 
235   106.65492  106.65492 
236   106.65492  106.65492 
237   106.05600  106.64893 
238   106.05600  106.22257 
239   106.05600  106.05600 
240   105.80041  106.05324 
241   105.80041  105.91293 
242   105.79092  105.80032 
243   105.69471  105.79356 
244   105.69471  105.72951 
245   105.69471  105.69471 
246   105.19591  105.68964 
247   105.19591  105.34245 
248   104.36735  105.18762 
249   103.93800  104.58412 
250   103.93800  104.11252 
251   103.92850  103.93790 
252   103.92850  103.93211 
253   103.92850  103.92850 
254   103.92850  103.92850 
255   103.92850  103.92850 
256   103.92850  103.92850 
257   103.92850  103.92850 
258   103.92850  103.92850 
259   103.14239  103.92064 
260   103.14239  103.44110 
261   102.99522  103.14092 
262   102.99522  103.04976 
263   102.99522  102.99522 
264   101.71886  102.98245 
265   101.71886  102.30590 
266   101.71886  101.71886 
267   101.71886  101.71886 
268   101.24944  101.71416 
269   101.24944  101.41677 
270   100.61710  101.24312 
271   100.61710  100.86931 
272   100.61710  100.61710 
273   100.61710  100.61710 
274   100.49305  100.61586 
275   100.10717  100.53366 
276   98.87169   100.28294 
277   98.87169   99.30054  
278   98.16673   98.86464  
279   97.87435   98.40006  
280   97.81422   97.97523  
281   97.81422   97.84005  
282   97.76687   97.81374  
283   97.59237   97.78312  
284   97.59237   97.67089  
285   97.38928   97.59034  
286   96.76214   97.46541  
287   96.76214   97.02026  
288   96.76214   96.76214  
289   96.76214   96.76214  
290   96.76214   96.76214  
291   96.43495   96.75887  
292   96.05168   96.52876  
293   96.05168   96.20885  
294   96.05168   96.05168  
295   96.05168   96.05168  
296   96.05168   96.05168  
297   95.67323   96.04673  
298   95.39121   95.79863  
299   94.73472   95.51293  
300   94.73472   94.96177  
301   94.73472   94.73472  
302   94.31894   94.73056  
303   94.31894   94.47282  
304   93.95639   94.31169  
305   93.33853   94.06601  
306   93.33853   93.55393  
307   93.33853   93.33853  
308   93.33853   93.33853  
309   93.33853   93.33853  
310   92.95507   93.33433  
311   92.95507   93.09788  
312   92.91823   92.95470  
313   92.91823   92.93481  
314   92.48886   92.91394  
315   92.48886   92.64711  
316   92.48886   92.48886  
317   92.48886   92.48886  
318   92.48886   92.48886  
319   92.20683   92.48604  
320   92.20683   92.32736  
321   88.34955   92.16826  
322   88.34955   89.57823  
323   88.34955   88.34955  
324   88.34955   88.34955  
325   88.34955   88.34955  
326   88.34955   88.34955  
327   88.34955   88.34955  
328   88.34955   88.34955  
329   88.34955   88.34955  
330   88.34955   88.34955  
331   88.34955   88.34955  
332   88.31271   88.34918  
333   88.31271   88.32634  
334   88.31271   88.31271  
335   88.31271   88.31271  
336   88.31271   88.31271  
337   88.31271   88.31271  
338   88.31271   88.31271  
339   88.31271   88.31271  
340   87.56000   88.30291  
341   87.56000   87.86048  
342   87.56000   87.56000  
343   87.56000   87.56000  
344   87.56000   87.56000  
345   87.48027   87.55921  
346   87.48027   87.51376  
347   87.48027   87.48027  
348   87.48027   87.48027  
349   87.48027   87.48027  
350   87.48027   87.48027  
351   87.48027   87.48027  
352   87.48027   87.48027  
353   87.48027   87.48027  
354   87.48027   87.48027  
355   87.13695   87.47684  
356   87.13695   87.25025  
357   87.13695   87.13695  
358   87.13695   87.13695  
359   87.13695   87.13695  
360   87.00010   87.13559  
361   87.00010   87.04857  
362   87.00010   87.00010  
363   87.00010   87.00010  
364   87.00010   87.00010  
365   87.00010   87.00010  
366   87.00010   87.00010  
367   87.00010   87.00010  
368   87.00010   87.00010  
369   86.56820   86.99578  
370   86.56820   86.70868  
371   86.56820   86.56820  
372   86.56820   86.56820  
373   86.56820   86.56820  
374   86.56820   86.56820  
375   86.56820   86.56820  
376   86.56820   86.56820  
377   86.56820   86.56820  
378   86.28180   86.56534  
379   86.28180   86.39037  
380   86.28180   86.28180  
381   86.28180   86.28180  
382   86.28180   86.28180  
383   86.28180   86.28180  
384   86.28180   86.28180  
385   86.28180   86.28180  
386   86.28180   86.28180  
387   86.16459   86.28063  
388   85.92053   86.21781  
389   85.92053   86.03288  
390   85.92053   85.92053  
391   85.92053   85.92053  
392   85.92053   85.92053  
393   85.92053   85.92053  
394   85.92053   85.92053  
395   85.92053   85.92053  
396   85.92053   85.92053  
397   85.92053   85.92053  
398   85.12776   85.91056  
399   85.12776   85.43414  
400   85.12776   85.12776  
401   85.12776   85.12776  
402   85.12776   85.12776  
403   85.12776   85.12776  
404   85.12776   85.12776  
405   85.12776   85.12776  
406   85.12776   85.12776  
407   85.12776   85.12776  
408   85.12776   85.12776  
409   85.12776   85.12776  
410   85.12776   85.12776  
411   85.12776   85.12776  
412   85.12776   85.12776  
413   85.12776   85.12776  
414   85.11868   85.12767  
415   85.07299   85.12195  
416   85.07299   85.08532  
417   85.07299   85.07299  
418   84.79590   85.07021  
419   84.79590   84.91679  
420   84.75021   84.79544  
421   84.75021   84.77123  
422   84.67483   84.74945  
423   84.67483   84.70498  
424   84.67483   84.67483  
425   84.67483   84.67483  
426   84.67483   84.67483  
427   84.67483   84.67483  
428   84.67483   84.67483  
429   84.67483   84.67483  
430   84.67483   84.67483  
431   84.67483   84.67483  
432   84.67483   84.67483  
433   84.67483   84.67483  
434   84.67483   84.67483  
435   84.51658   84.67325  
436   84.51658   84.55931  
437   84.51658   84.51658  
438   84.51658   84.51658  
439   84.51658   84.51658  
440   84.51658   84.51658  
441   84.51658   84.51658  
442   84.51658   84.51658  
443   84.44617   84.51588  
444   84.44617   84.47434  
445   84.35921   84.44530  
446   84.35921   84.39518  
447   83.98115   84.35476  
448   83.98115   84.11933  
449   83.98115   83.98115  
450   83.98115   83.98115  
451   83.98115   83.98115  
452   83.98115   83.98115  
453   83.98115   83.98115  
454   83.98115   83.98115  
455   83.98115   83.98115  
456   83.98115   83.98115  
457   83.88837   83.98022  
458   83.88837   83.92985  
459   83.48885   83.88438  
460   83.48885   83.65668  
461   83.20916   83.48606  
462   83.20880   83.34061  
463   83.20880   83.20894  
464   83.20880   83.20880  
465   82.83913   83.20510  
466   82.71582   83.00282  
467   82.71582   82.76316  
468   82.37415   82.71191  
469   82.32573   82.52990  
470   82.32573   82.34466  
471   82.32573   82.32573  
472   81.80277   82.32050  
473   81.80277   81.98982  
474   81.01724   81.79172  
475   81.01724   81.26890  
476   80.96163   81.01668  
477   80.96163   80.98946  
478   80.96163   80.96163  
479   80.96163   80.96163  
480   80.96163   80.96163  
481   80.96163   80.96163  
482   80.96163   80.96163  
483   80.92206   80.96123  
484   80.92206   80.93749  
485   80.92206   80.92206  
486   80.92206   80.92206  
487   80.92206   80.92206  
488   80.92206   80.92206  
489   80.92206   80.92206  
490   80.92206   80.92206  
491   80.92206   80.92206  
492   80.92206   80.92206  
493   80.92206   80.92206  
494   80.92206   80.92206  
495   80.92206   80.92206  
496   80.92206   80.92206  
497   80.92206   80.92206  
498   80.92206   80.92206  
499   80.92206   80.92206  
