0     455.48389  491.63334 
1     455.48389  491.63334 
2     446.61947  454.83131 
3     437.78672  446.14917 
4     428.03253  437.20006 
5     417.51170  427.57487 
6     403.57741  416.91413 
7     394.55257  403.13377 
8     386.35381  394.22556 
9     373.09395  385.90147 
10    366.40606  372.81678 
11    360.61290  366.26088 
12    350.96302  360.26718 
13    344.72734  350.72995 
14    336.33074  344.53748 
15    330.46433  336.06048 
16    328.43288  330.35829 
17    319.65676  328.15635 
18    312.78643  319.44181 
19    305.65890  312.45857 
20    297.70279  305.47296 
21    295.03013  297.63386 
22    291.79319  294.92834 
23    287.64111  291.63128 
24    285.07647  287.49570 
25    282.79870  284.96470 
26    280.80163  282.72453 
27    277.04983  280.63824 
28    269.25084  276.89071 
29    267.41494  269.17940 
30    265.60563  267.36328 
31    259.24051  265.53858 
32    254.09731  259.06305 
33    252.56257  254.05868 
34    243.64485  252.42187 
35    241.48220  243.56731 
36    236.36777  241.37052 
37    233.01705  236.30092 
38    229.22072  232.89798 
39    223.52947  229.07531 
40    220.66222  223.44702 
41    218.73441  220.56412 
42    217.93836  218.69771 
43    213.99506  217.85871 
44    213.06469  213.97052 
45    211.45794  213.00141 
46    210.35387  211.38835 
47    209.51247  210.34213 
48    206.83465  209.44986 
49    205.04753  206.77965 
50    202.85429  204.98541 
51    192.72445  202.72803 
52    190.30269  192.69446 
53    189.24980  190.26386 
54    188.61222  189.23295 
55    188.01193  188.59194 
56    186.30413  187.97228 
57    184.45356  186.26386 
58    180.39502  184.41236 
59    179.83582  180.37909 
60    179.03659  179.82294 
61    178.77697  179.03399 
62    177.88100  178.75658 
63    175.86260  177.86081 
64    175.24499  175.84869 
65    173.02187  175.21264 
66    171.90507  172.99397 
67    171.13297  171.89135 
68    171.00141  171.13063 
69    170.93981  171.00078 
70    164.75736  170.85839 
71    164.62123  164.75412 
72    164.42750  164.61587 
73    164.42750  164.42750 
74    162.12697  164.40034 
75    161.51064  162.11501 
76    160.82513  161.50088 
77    159.86266  160.80336 
78    159.13233  159.84553 
79    158.29875  159.11968 
80    155.99974  158.25445 
81    155.94778  155.99889 
82    154.97341  155.93628 
83    153.98861  154.96078 
84    153.38904  153.97819 
85    152.81594  153.37529 
86    152.73363  152.81512 
87    149.96753  152.69219 
88    149.71565  149.96329 
89    149.08285  149.70821 
90    148.34691  149.07533 
91    139.95568  148.25178 
92    139.19634  139.93635 
93    139.19634  139.19634 
94    139.09176  139.19530 
95    138.45265  139.07810 
96    137.23060  138.43480 
97    136.51971  137.21725 
98    136.38339  136.51834 
99    135.40416  136.37360 
100   134.90391  135.39676 
101   124.20041  134.79127 
102   124.06167  124.19857 
103   123.83761  124.05777 
104   123.56690  123.83201 
105   123.32599  123.56401 
106   123.00321  123.31988 
107   122.99372  123.00312 
108   122.36450  122.98197 
109   119.87396  122.33959 
110   118.57354  119.85984 
111   118.57354  118.57354 
112   117.96110  118.56322 
113   117.82478  117.95768 
114   117.66020  117.82265 
115   117.24034  117.65483 
116   117.19510  117.23989 
117   116.34202  117.18460 
118   116.14433  116.34004 
119   116.05457  116.14343 
120   115.15522  116.03780 
121   113.60481  115.13939 
122   113.30255  113.59733 
123   113.18534  113.29998 
124   113.17744  113.18526 
125   112.25479  113.16057 
126   112.12543  112.25296 
127   112.10333  112.12520 
128   112.10333  112.10333 
129   111.82349  112.10052 
130   110.47254  111.80730 
131   110.30635  110.46927 
132   110.30617  110.30635 
133   110.30617  110.30617 
134   110.30617  110.30617 
135   110.30617  110.30617 
136   110.20266  110.30514 
137   109.97406  110.20037 
138   109.94159  109.97374 
139   109.56669  109.93509 
140   108.53617  109.55639 
141   104.28464  108.49366 
142   104.28464  104.28464 
143   104.28464  104.28464 
144   103.96172  104.28141 
145   103.89076  103.96093 
146   103.89076  103.89076 
147   103.89076  103.89076 
148   102.99655  103.88174 
149   102.99655  102.99655 
150   102.92364  102.99582 
151   102.92364  102.92364 
152   102.92364  102.92364 
153   102.92364  102.92364 
154   102.78732  102.92228 
155   102.78732  102.78732 
156   102.61402  102.78559 
157   101.73159  102.60519 
158   101.73159  101.73159 
159   101.50156  101.72929 
160   101.46839  101.50123 
161   100.88902  101.46259 
162   100.88902  100.88902 
163   100.88902  100.88902 
164   100.85930  100.88872 
165   100.85930  100.85930 
166   100.85930  100.85930 
167   100.85930  100.85930 
168   100.82682  100.85897 
169   100.82682  100.82682 
170   100.82682  100.82682 
171   97.06634   100.78922 
172   97.06634   97.06634  
173   97.06634   97.06634  
174   97.05673   97.06625  
175   97.05673   97.05673  
176   97.05673   97.05673  
177   97.05673   97.05673  
178   97.05673   97.05673  
179   97.05673   97.05673  
180   97.05673   97.05673  
181   94.64465   97.03261  
182   94.64465   94.64465  
183   94.64465   94.64465  
184   94.64465   94.64465  
185   94.52698   94.64275  
186   94.32038   94.52419  
187   93.91010   94.31627  
188   93.91010   93.91010  
189   93.91010   93.91010  
190   93.53994   93.90567  
191   93.34316   93.53798  
192   93.34316   93.34316  
193   93.34316   93.34316  
194   93.34316   93.34316  
195   92.84169   93.33815  
196   92.68963   92.84017  
197   92.68963   92.68963  
198   92.68963   92.68963  
199   92.14814   92.68421  
200   92.05782   92.14723  
201   92.05782   92.05782  
202   92.03449   92.05758  
203   92.03449   92.03449  
204   91.68708   92.03101  
205   91.68708   91.68708  
206   91.68708   91.68708  
207   91.68708   91.68708  
208   91.64479   91.68666  
209   91.64479   91.64479  
210   91.64479   91.64479  
211   91.21193   91.64046  
212   91.21193   91.21193  
213   91.21193   91.21193  
214   91.21193   91.21193  
215   91.21193   91.21193  
216   91.21193   91.21193  
217   91.21193   91.21193  
218   91.21193   91.21193  
219   91.21193   91.21193  
220   91.20160   91.21183  
221   89.14571   91.18104  
222   88.90478   89.14330  
223   88.90478   88.90478  
224   88.90478   88.90478  
225   88.90478   88.90478  
226   88.74151   88.90315  
227   88.74151   88.74151  
228   88.74151   88.74151  
229   88.74151   88.74151  
230   88.74151   88.74151  
231   88.74151   88.74151  
232   88.59207   88.73853  
233   88.59207   88.59207  
234   88.59207   88.59207  
235   87.91034   88.58525  
236   87.91034   87.91034  
237   87.64294   87.90767  
238   87.64294   87.64294  
239   87.64294   87.64294  
240   87.64294   87.64294  
241   82.56410   87.59215  
242   82.56410   82.56410  
243   82.56410   82.56410  
244   82.56410   82.56410  
245   82.54619   82.56392  
246   82.54619   82.54619  
247   82.54619   82.54619  
248   82.54619   82.54619  
249   82.54619   82.54619  
250   82.54619   82.54619  
251   82.54619   82.54619  
252   82.31092   82.54384  
253   82.31092   82.31092  
254   82.31092   82.31092  
255   82.31092   82.31092  
256   82.31092   82.31092  
257   82.31092   82.31092  
258   82.31092   82.31092  
259   82.31092   82.31092  
260   82.21611   82.30997  
261   81.18380   82.20578  
262   81.18380   81.18380  
263   81.18380   81.18380  
264   81.18380   81.18380  
265   81.18380   81.18380  
266   81.18380   81.18380  
267   81.18380   81.18380  
268   81.18380   81.18380  
269   81.18380   81.18380  
270   81.18380   81.18380  
271   80.20238   81.17399  
272   80.20238   80.20238  
273   80.20238   80.20238  
274   80.20238   80.20238  
275   80.20238   80.20238  
276   80.20238   80.20238  
277   80.20238   80.20238  
278   80.20238   80.20238  
279   80.00472   80.20040  
280   80.00472   80.00472  
281   80.00472   80.00472  
282   80.00472   80.00472  
283   80.00472   80.00472  
284   80.00472   80.00472  
285   80.00472   80.00472  
286   80.00472   80.00472  
287   79.84177   80.00309  
288   79.84177   79.84177  
289   79.66129   79.83997  
290   79.66129   79.66129  
291   76.80674   79.63275  
292   76.80674   76.80674  
293   76.80674   76.80674  
294   76.80674   76.80674  
295   76.80674   76.80674  
296   76.80674   76.80674  
297   76.80674   76.80674  
298   76.80674   76.80674  
299   76.80674   76.80674  
300   76.80674   76.80674  
301   76.80674   76.80674  
302   76.80674   76.80674  
303   76.80674   76.80674  
304   76.80674   76.80674  
305   76.80674   76.80674  
306   76.80674   76.80674  
307   76.80674   76.80674  
308   76.80674   76.80674  
309   76.41228   76.80138  
310   76.41228   76.41228  
311   76.41228   76.41228  
312   76.41228   76.41228  
313   76.41228   76.41228  
314   76.41228   76.41228  
315   76.41228   76.41228  
316   76.41228   76.41228  
317   76.41228   76.41228  
318   76.41228   76.41228  
319   76.41228   76.41228  
320   76.41228   76.41228  
321   76.41228   76.41228  
322   76.41228   76.41228  
323   76.41228   76.41228  
324   76.41228   76.41228  
325   76.41228   76.41228  
326   76.41228   76.41228  
327   76.41228   76.41228  
328   76.41228   76.41228  
329   76.41228   76.41228  
330   76.41228   76.41228  
331   76.41228   76.41228  
332   76.41228   76.41228  
333   76.41228   76.41228  
334   76.41228   76.41228  
335   76.41228   76.41228  
336   76.41228   76.41228  
337   76.41228   76.41228  
338   76.41228   76.41228  
339   76.18049   76.40996  
340   76.18049   76.18049  
341   76.18049   76.18049  
342   76.18049   76.18049  
343   76.18049   76.18049  
344   76.18049   76.18049  
345   76.18049   76.18049  
346   76.18049   76.18049  
347   76.18049   76.18049  
348   76.18049   76.18049  
349   76.18049   76.18049  
350   76.18049   76.18049  
351   75.63536   76.17504  
352   75.63536   75.63536  
353   75.63536   75.63536  
354   75.63536   75.63536  
355   75.63536   75.63536  
356   75.63536   75.63536  
357   75.63536   75.63536  
358   75.63536   75.63536  
359   75.63536   75.63536  
360   75.63536   75.63536  
361   75.63536   75.63536  
362   75.63536   75.63536  
363   75.63536   75.63536  
364   75.63536   75.63536  
365   75.63536   75.63536  
366   75.63536   75.63536  
367   75.63536   75.63536  
368   75.63536   75.63536  
369   75.63536   75.63536  
370   75.63536   75.63536  
371   75.41994   75.63321  
372   75.41994   75.41994  
373   75.41994   75.41994  
374   75.41994   75.41994  
375   75.41994   75.41994  
376   75.41994   75.41994  
377   75.41994   75.41994  
378   75.41994   75.41994  
379   75.41994   75.41994  
380   75.41994   75.41994  
381   75.41994   75.41994  
382   75.41994   75.41994  
383   75.41994   75.41994  
384   75.41994   75.41994  
385   75.41994   75.41994  
386   75.41994   75.41994  
387   75.41994   75.41994  
388   75.41994   75.41994  
389   75.41994   75.41994  
390   75.41994   75.41994  
391   75.41994   75.41994  
392   75.41994   75.41994  
393   75.41994   75.41994  
394   75.41994   75.41994  
395   75.41994   75.41994  
396   75.41994   75.41994  
397   75.41994   75.41994  
398   75.41994   75.41994  
399   75.41994   75.41994  
400   75.41994   75.41994  
401   75.41994   75.41994  
402   75.41994   75.41994  
403   75.41994   75.41994  
404   75.41994   75.41994  
405   75.41994   75.41994  
406   75.41994   75.41994  
407   75.41994   75.41994  
408   75.41994   75.41994  
409   75.41994   75.41994  
410   75.41994   75.41994  
411   75.40957   75.41983  
412   75.40957   75.40957  
413   75.40957   75.40957  
414   75.40957   75.40957  
415   75.40957   75.40957  
416   75.40957   75.40957  
417   75.40957   75.40957  
418   75.40957   75.40957  
419   75.40957   75.40957  
420   75.40957   75.40957  
421   75.02807   75.40576  
422   75.02807   75.02807  
423   75.02807   75.02807  
424   75.02807   75.02807  
425   75.02807   75.02807  
426   75.02807   75.02807  
427   75.02807   75.02807  
428   75.02807   75.02807  
429   75.02807   75.02807  
430   75.02807   75.02807  
431   75.02807   75.02807  
432   75.02807   75.02807  
433   75.02807   75.02807  
434   75.02807   75.02807  
435   75.02807   75.02807  
436   75.02807   75.02807  
437   75.02807   75.02807  
438   75.02807   75.02807  
439   75.02807   75.02807  
440   75.02807   75.02807  
441   75.02807   75.02807  
442   75.02807   75.02807  
443   75.02807   75.02807  
444   75.02807   75.02807  
445   75.02807   75.02807  
446   75.02807   75.02807  
447   75.02807   75.02807  
448   75.02807   75.02807  
449   75.02807   75.02807  
450   75.02807   75.02807  
451   75.02807   75.02807  
452   75.02807   75.02807  
453   75.02807   75.02807  
454   75.02807   75.02807  
455   75.02807   75.02807  
456   75.02807   75.02807  
457   75.02807   75.02807  
458   75.02807   75.02807  
459   75.02807   75.02807  
460   75.02807   75.02807  
461   75.02807   75.02807  
462   75.02807   75.02807  
463   75.02807   75.02807  
464   75.02807   75.02807  
465   75.02807   75.02807  
466   75.02807   75.02807  
467   75.02807   75.02807  
468   75.02807   75.02807  
469   75.02807   75.02807  
470   75.02807   75.02807  
471   75.02807   75.02807  
472   75.02807   75.02807  
473   75.02807   75.02807  
474   75.02807   75.02807  
475   75.02807   75.02807  
476   75.02807   75.02807  
477   75.02807   75.02807  
478   75.02807   75.02807  
479   75.02807   75.02807  
480   75.02807   75.02807  
481   75.01771   75.02797  
482   75.01771   75.01771  
483   75.01771   75.01771  
484   75.01771   75.01771  
485   75.01771   75.01771  
486   75.01771   75.01771  
487   75.01771   75.01771  
488   75.01771   75.01771  
489   75.01771   75.01771  
490   75.01771   75.01771  
491   75.01771   75.01771  
492   75.01771   75.01771  
493   75.01771   75.01771  
494   75.01771   75.01771  
495   75.01771   75.01771  
496   75.01771   75.01771  
497   75.01771   75.01771  
498   75.01771   75.01771  
499   75.01771   75.01771  
