0     455.48389  491.63334 
1     455.48389  491.63334 
2     440.22145  454.84773 
3     432.38613  440.59014 
4     428.04588  433.67916 
5     416.53344  428.10724 
6     411.65642  418.37175 
7     404.04829  412.00284 
8     394.34045  405.20093 
9     392.04025  394.56154 
10    386.91458  391.90727 
11    370.22180  386.77806 
12    368.79643  375.94764 
13    361.17738  369.06029 
14    352.75113  361.94298 
15    352.13998  353.52295 
16    346.65878  352.06841 
17    345.56813  347.21230 
18    338.35407  345.63354 
19    337.36514  339.27714 
20    330.27222  337.11841 
21    321.34250  330.60308 
22    319.16528  322.78701 
23    317.32049  319.31387 
24    313.59773  317.69796 
25    304.47786  314.48546 
26    303.08499  305.36727 
27    292.09043  302.85888 
28    283.24549  294.05324 
29    283.24134  284.94253 
30    281.66482  283.19080 
31    279.34868  281.68201 
32    274.35460  279.30887 
33    272.25179  274.46146 
34    265.83290  272.33094 
35    265.58585  267.94482 
36    262.69394  265.58309 
37    260.83586  263.46867 
38    258.05686  261.45527 
39    258.01326  259.05285 
40    254.98537  257.93803 
41    253.76756  255.53156 
42    251.79987  254.04300 
43    245.05165  252.21443 
44    245.05165  247.19749 
45    243.70947  245.02699 
46    243.07318  244.04524 
47    243.07318  243.32788 
48    240.64707  243.00943 
49    240.58463  240.82256 
50    237.14621  240.56270 
51    225.66784  238.03785 
52    224.95330  228.28944 
53    221.70957  225.00203 
54    220.26712  222.52365 
55    218.53058  220.35138 
56    216.77274  218.56021 
57    214.68755  217.07332 
58    213.97302  215.58193 
59    213.31420  214.05500 
60    212.98568  213.40282 
61    212.19286  213.03458 
62    210.94297  212.20863 
63    210.00053  211.08475 
64    208.11132  210.32427 
65    206.71569  208.25024 
66    205.34947  206.88830 
67    203.23875  205.71828 
68    201.15200  203.62098 
69    201.15200  201.78064 
70    198.13488  201.06718 
71    197.94415  198.61876 
72    197.78226  198.02647 
73    194.26873  197.78755 
74    193.86675  195.38547 
75    192.66081  193.99848 
76    190.17562  192.81007 
77    189.71912  190.70392 
78    189.23694  189.89462 
79    189.08283  189.29960 
80    186.72239  189.11585 
81    177.22568  187.37499 
82    175.40000  181.42449 
83    175.34345  175.93961 
84    174.37828  175.35361 
85    172.65279  174.64980 
86    170.87723  173.19812 
87    170.75648  171.51061 
88    169.35674  170.75154 
89    166.77141  169.59092 
90    166.59168  167.70594 
91    166.20449  166.66835 
92    165.97756  166.27506 
93    164.81162  166.00830 
94    164.81162  165.07542 
95    163.38342  164.77310 
96    162.72798  163.55555 
97    161.36386  162.83902 
98    161.09437  161.44138 
99    160.37687  161.15555 
100   159.86759  160.57242 
101   159.86759  160.01750 
102   158.22748  159.84584 
103   157.45039  158.81738 
104   156.66778  157.79810 
105   156.23834  156.99319 
106   155.36348  156.37589 
107   153.09566  155.41646 
108   153.09566  153.71472 
109   152.22080  153.07754 
110   152.01188  152.38948 
111   145.58795  152.01775 
112   144.91087  147.97976 
113   144.91087  145.26298 
114   144.64138  144.90656 
115   143.52137  144.68730 
116   143.30592  143.86370 
117   140.92905  143.29718 
118   140.75949  141.98191 
119   140.49346  140.82730 
120   139.87287  140.55129 
121   139.50425  140.02475 
122   139.14655  139.59955 
123   138.87683  139.22177 
124   138.87683  138.99675 
125   138.44125  138.87009 
126   138.31038  138.58042 
127   138.31038  138.34977 
128   138.16884  138.30896 
129   137.73325  138.22110 
130   137.33380  137.89837 
131   137.00680  137.36839 
132   137.00680  137.13867 
133   136.31741  136.99160 
134   136.31741  136.40439 
135   134.70074  136.26468 
136   134.70074  134.80354 
137   134.28374  134.69382 
138   132.95549  134.41280 
139   132.95549  133.15684 
140   132.85627  132.95450 
141   128.51782  132.85794 
142   128.48492  130.24956 
143   127.62406  128.47958 
144   127.50078  127.69865 
145   126.80561  127.52767 
146   126.71661  126.90385 
147   125.96896  126.75419 
148   125.41159  126.20983 
149   124.82263  125.59708 
150   124.75413  125.07827 
151   124.62965  124.77960 
152   123.06337  124.66557 
153   122.85129  123.68870 
154   121.85509  122.91861 
155   121.84010  122.17411 
156   121.78257  121.84537 
157   121.33181  121.80740 
158   120.63025  121.50527 
159   120.30747  120.95437 
160   119.70755  120.47533 
161   118.61822  119.98064 
162   118.61822  118.92864 
163   118.49493  118.61673 
164   118.32285  118.54301 
165   118.07556  118.36488 
166   118.07556  118.13246 
167   118.07556  118.07556 
168   117.79789  118.07247 
169   116.36964  117.90246 
170   116.36964  116.94172 
171   110.19604  116.30790 
172   110.19604  113.17842 
173   109.47384  110.18831 
174   109.47384  109.71473 
175   109.36840  109.47279 
176   109.36840  109.42112 
177   108.95049  109.36329 
178   108.95049  109.09170 
179   108.95049  108.95049 
180   108.95049  108.95049 
181   108.85727  108.94956 
182   108.36199  108.88131 
183   108.36199  108.51228 
184   108.03108  108.35868 
185   108.03108  108.18705 
186   108.03108  108.03108 
187   108.03108  108.03108 
188   107.84333  108.02920 
189   107.84333  107.92970 
190   107.54926  107.84039 
191   106.68359  107.63453 
192   106.68359  107.10355 
193   106.44126  106.68116 
194   106.42892  106.58215 
195   106.42892  106.43496 
196   106.02741  106.42346 
197   106.00306  106.14765 
198   105.90253  106.01472 
199   105.78928  105.94563 
200   105.75082  105.83646 
201   98.10709   105.68963 
202   97.76968   101.48697 
203   97.76968   97.86729  
204   97.76968   97.76968  
205   97.45052   97.76649  
206   97.45052   97.55585  
207   97.45052   97.45052  
208   97.45052   97.45052  
209   97.31793   97.44920  
210   96.70050   97.37928  
211   96.70050   96.93014  
212   96.70050   96.70050  
213   96.70050   96.70050  
214   96.70050   96.70050  
215   96.70050   96.70050  
216   96.56791   96.69917  
217   96.47153   96.63428  
218   96.47153   96.51587  
219   96.47153   96.47153  
220   96.47153   96.47153  
221   94.09228   96.44774  
222   94.09228   95.10856  
223   94.09228   94.09228  
224   93.77186   94.08908  
225   93.77186   93.91462  
226   92.26009   93.75674  
227   92.11879   92.82718  
228   92.11879   92.16842  
229   92.09637   92.11856  
230   91.95354   92.10637  
231   91.90964   92.02614  
232   91.90964   91.93642  
233   91.90964   91.90964  
234   91.84791   91.90903  
235   91.84791   91.87878  
236   91.84791   91.84791  
237   91.84791   91.84791  
238   91.09789   91.83839  
239   91.09789   91.30077  
240   91.09789   91.09789  
241   91.09789   91.09789  
242   91.09789   91.09789  
243   90.74737   91.09438  
244   90.74737   90.90252  
245   89.98573   90.73975  
246   89.98573   90.27222  
247   89.98573   89.98573  
248   89.58510   89.98172  
249   89.58510   89.74936  
250   89.58510   89.58510  
251   88.61513   89.57540  
252   88.61513   89.05431  
253   88.61513   88.61513  
254   88.61513   88.61513  
255   88.61513   88.61513  
256   88.61513   88.61513  
257   88.61513   88.61513  
258   88.41273   88.61184  
259   88.31197   88.47103  
260   87.90000   88.34823  
261   84.12541   88.00231  
262   84.12541   85.73836  
263   84.12541   84.12541  
264   84.12541   84.12541  
265   84.12541   84.12541  
266   84.12541   84.12541  
267   84.12541   84.12541  
268   84.12541   84.12541  
269   84.12541   84.12541  
270   84.12541   84.12541  
271   83.82752   84.12244  
272   83.82752   83.99136  
273   83.76579   83.82691  
274   83.76579   83.79357  
275   83.76579   83.76579  
276   83.34056   83.75991  
277   83.34056   83.49369  
278   83.34056   83.34056  
279   83.34056   83.34056  
280   83.28762   83.34003  
281   83.17716   83.31034  
282   82.78503   83.22626  
283   82.78503   82.95586  
284   82.78503   82.78503  
285   82.78503   82.78503  
286   82.78503   82.78503  
287   82.62163   82.78340  
288   82.62163   82.69829  
289   82.43735   82.61979  
290   82.43735   82.51106  
291   82.41055   82.43708  
292   82.41055   82.42341  
293   82.41055   82.41055  
294   82.41055   82.41055  
295   82.41055   82.41055  
296   82.41055   82.41055  
297   82.41055   82.41055  
298   82.41055   82.41055  
299   82.35218   82.40996  
300   82.35218   82.37445  
301   82.33224   82.35198  
302   82.33224   82.34261  
303   81.95458   82.32847  
304   81.95458   82.11435  
305   81.95458   81.95458  
306   81.94804   81.95452  
307   81.94804   81.95027  
308   81.94804   81.94804  
309   81.66456   81.94521  
310   81.66456   81.77519  
311   81.66456   81.66456  
312   81.66456   81.66456  
313   81.10264   81.65895  
314   81.10264   81.39257  
315   81.10264   81.10264  
316   81.10264   81.10264  
317   81.10264   81.10264  
318   81.10264   81.10264  
319   81.10264   81.10264  
320   81.10264   81.10264  
321   80.80346   81.09965  
322   80.80346   80.93395  
323   80.80346   80.80346  
324   80.80346   80.80346  
325   80.80346   80.80346  
326   80.80346   80.80346  
327   80.80346   80.80346  
328   80.80346   80.80346  
329   80.80346   80.80346  
330   80.80346   80.80346  
331   80.80346   80.80346  
332   80.80346   80.80346  
333   80.80346   80.80346  
334   80.80346   80.80346  
335   80.80346   80.80346  
336   80.80346   80.80346  
337   80.80346   80.80346  
338   80.80346   80.80346  
339   80.80346   80.80346  
340   80.80346   80.80346  
341   80.68251   80.80225  
342   80.68251   80.74177  
343   80.68251   80.68251  
344   80.68251   80.68251  
345   80.68251   80.68251  
346   80.68251   80.68251  
347   80.68251   80.68251  
348   80.68251   80.68251  
349   80.68251   80.68251  
350   80.68251   80.68251  
351   80.68251   80.68251  
352   80.68251   80.68251  
353   80.68251   80.68251  
354   80.68251   80.68251  
355   80.68251   80.68251  
356   80.68251   80.68251  
357   80.68251   80.68251  
358   80.68251   80.68251  
359   80.68251   80.68251  
360   80.68251   80.68251  
361   79.43708   80.67005  
362   79.43708   79.85456  
363   79.11906   79.43390  
364   79.11906   79.27489  
365   79.11906   79.11906  
366   78.77160   79.11558  
367   78.77160   78.94533  
368   78.77160   78.77160  
369   78.77160   78.77160  
370   78.77160   78.77160  
371   77.54460   78.75933  
372   77.54460   78.00218  
373   77.54460   77.54460  
374   77.54460   77.54460  
375   77.54460   77.54460  
376   77.54460   77.54460  
377   77.54460   77.54460  
378   77.54460   77.54460  
379   77.54460   77.54460  
380   77.54460   77.54460  
381   77.54460   77.54460  
382   77.54460   77.54460  
383   77.49167   77.54407  
384   77.49167   77.51655  
385   77.49167   77.49167  
386   77.49167   77.49167  
387   77.49167   77.49167  
388   77.49167   77.49167  
389   77.49167   77.49167  
390   77.49167   77.49167  
391   77.49167   77.49167  
392   77.49167   77.49167  
393   77.49167   77.49167  
394   77.49167   77.49167  
395   77.49167   77.49167  
396   77.49167   77.49167  
397   77.49167   77.49167  
398   77.49167   77.49167  
399   77.49167   77.49167  
400   77.49167   77.49167  
401   77.27966   77.48955  
402   77.27966   77.38042  
403   77.27966   77.27966  
404   77.27966   77.27966  
405   77.27966   77.27966  
406   77.27966   77.27966  
407   77.27966   77.27966  
408   77.27966   77.27966  
409   77.27966   77.27966  
410   77.27966   77.27966  
411   77.00092   77.27687  
412   77.00092   77.10963  
413   77.00092   77.00092  
414   77.00092   77.00092  
415   77.00092   77.00092  
416   76.81295   76.99904  
417   76.81295   76.88062  
418   76.81295   76.81295  
419   76.81295   76.81295  
420   76.81295   76.81295  
421   76.56608   76.81049  
422   76.56608   76.67747  
423   76.56608   76.56608  
424   76.56608   76.56608  
425   76.56608   76.56608  
426   76.56608   76.56608  
427   76.56608   76.56608  
428   76.56608   76.56608  
429   76.56608   76.56608  
430   76.56608   76.56608  
431   76.56608   76.56608  
432   76.56608   76.56608  
433   76.56608   76.56608  
434   76.56608   76.56608  
435   76.56608   76.56608  
436   76.56608   76.56608  
437   76.56608   76.56608  
438   76.56608   76.56608  
439   76.56608   76.56608  
440   76.56608   76.56608  
441   76.00219   76.56044  
442   76.00219   76.23744  
443   76.00219   76.00219  
444   76.00219   76.00219  
445   76.00219   76.00219  
446   76.00219   76.00219  
447   76.00219   76.00219  
448   76.00219   76.00219  
449   76.00219   76.00219  
450   76.00219   76.00219  
451   76.00219   76.00219  
452   76.00219   76.00219  
453   76.00219   76.00219  
454   76.00219   76.00219  
455   76.00219   76.00219  
456   76.00219   76.00219  
457   76.00219   76.00219  
458   76.00219   76.00219  
459   76.00219   76.00219  
460   76.00219   76.00219  
461   76.00219   76.00219  
462   76.00219   76.00219  
463   76.00219   76.00219  
464   76.00219   76.00219  
465   76.00219   76.00219  
466   76.00219   76.00219  
467   76.00219   76.00219  
468   76.00219   76.00219  
469   76.00219   76.00219  
470   76.00219   76.00219  
471   76.00219   76.00219  
472   76.00219   76.00219  
473   76.00219   76.00219  
474   76.00219   76.00219  
475   76.00219   76.00219  
476   76.00219   76.00219  
477   76.00219   76.00219  
478   76.00219   76.00219  
479   76.00219   76.00219  
480   76.00219   76.00219  
481   76.00219   76.00219  
482   76.00219   76.00219  
483   76.00219   76.00219  
484   76.00219   76.00219  
485   76.00219   76.00219  
486   76.00219   76.00219  
487   76.00219   76.00219  
488   76.00219   76.00219  
489   76.00219   76.00219  
490   76.00219   76.00219  
491   75.66491   75.99882  
492   75.66491   75.79225  
493   75.66491   75.66491  
494   75.66491   75.66491  
495   75.66491   75.66491  
496   75.66491   75.66491  
497   75.66491   75.66491  
498   75.66491   75.66491  
499   75.66491   75.66491  
