0     455.48389  491.63334 
1     455.48389  491.63334 
2     448.22672  457.84034 
3     443.25565  449.21200 
4     433.70925  443.90225 
5     425.71246  434.62297 
6     418.10826  426.06586 
7     406.76310  418.97731 
8     400.25319  409.06371 
9     387.70000  400.61095 
10    385.19905  389.77759 
11    382.29627  385.26659 
12    374.90993  382.50921 
13    370.50087  376.74982 
14    369.31261  371.37495 
15    363.68386  369.43563 
16    356.61777  365.16670 
17    350.97990  358.19716 
18    343.68804  352.40693 
19    340.49791  344.91363 
20    337.84623  340.67115 
21    335.04926  338.04283 
22    332.60269  335.42796 
23    327.54952  332.92597 
24    322.05332  328.21463 
25    316.83615  323.01380 
26    315.27104  317.91823 
27    312.02270  315.54198 
28    306.59857  312.33179 
29    297.49214  307.37295 
30    294.71543  300.01867 
31    294.11015  295.40026 
32    282.59771  294.19018 
33    281.16306  286.11477 
34    276.06174  281.29939 
35    272.47511  276.98775 
36    269.82689  273.05541 
37    263.96328  270.34313 
38    261.73727  265.85356 
39    259.28769  261.98994 
40    256.95523  259.65517 
41    256.24572  257.59050 
42    251.69989  256.29696 
43    247.99214  252.57640 
44    245.95755  248.62228 
45    243.74595  246.43069 
46    239.25906  244.37575 
47    237.46496  240.62789 
48    236.17896  237.83316 
49    232.80765  236.49672 
50    232.23691  233.60002 
51    231.30763  232.35586 
52    229.27453  231.44879 
53    226.03959  229.91249 
54    224.30262  226.61287 
55    222.67522  224.82701 
56    220.51421  222.84897 
57    219.96366  221.13308 
58    217.69064  220.09808 
59    216.13255  218.12124 
60    215.29885  216.57755 
61    214.09846  215.64006 
62    211.57624  214.36350 
63    211.16711  212.34894 
64    210.44740  211.25150 
65    208.12926  210.52996 
66    207.58404  208.92837 
67    204.56062  207.60898 
68    200.35973  205.20175 
69    200.27595  201.63271 
70    199.88617  200.31227 
71    199.44346  199.98769 
72    198.69524  199.57384 
73    195.50364  198.80626 
74    194.41366  196.10991 
75    194.19514  194.69066 
76    192.59720  194.20792 
77    189.58199  193.04895 
78    187.55319  190.39021 
79    185.20790  188.06656 
80    182.87225  186.12888 
81    182.87225  183.46377 
82    181.17307  182.82896 
83    178.24997  181.43319 
84    176.97717  178.85932 
85    176.15853  177.26098 
86    175.47569  176.43335 
87    175.17268  175.66998 
88    171.84375  175.20439 
89    170.34227  172.92335 
90    169.32064  170.63070 
91    168.50811  169.65884 
92    168.22160  168.78572 
93    167.04717  168.28385 
94    166.47151  167.39385 
95    165.20520  166.65903 
96    165.12897  165.66223 
97    164.30613  165.13454 
98    164.10097  164.48330 
99    163.80290  164.16962 
100   163.05342  163.89318 
101   158.88074  163.28255 
102   158.51496  159.75144 
103   158.51496  158.60935 
104   158.23701  158.51164 
105   157.94047  158.34526 
106   157.15052  157.97084 
107   155.98422  157.35217 
108   155.50745  156.41137 
109   155.26215  155.72737 
110   155.15644  155.34490 
111   149.30053  155.10880 
112   148.22502  151.49587 
113   147.56796  148.48265 
114   147.56796  147.76162 
115   147.25095  147.56467 
116   147.25095  147.37474 
117   146.00335  147.22598 
118   146.00335  146.48221 
119   145.16196  145.98719 
120   143.65466  145.32713 
121   143.65466  143.96499 
122   143.18480  143.64313 
123   142.51088  143.26139 
124   141.94261  142.68923 
125   141.94261  142.08672 
126   141.44188  141.93666 
127   139.50128  141.53664 
128   139.50128  140.08221 
129   138.49759  139.48256 
130   138.49759  138.71827 
131   129.60884  138.40167 
132   129.55045  131.17156 
133   129.47938  129.57543 
134   129.43690  129.50330 
135   129.43690  129.45559 
136   128.73801  129.42899 
137   128.44148  128.98526 
138   128.44122  128.51956 
139   128.14469  128.43796 
140   127.31521  128.22701 
141   125.60880  127.49905 
142   125.60880  126.26824 
143   125.35094  125.60549 
144   124.41560  125.43451 
145   124.41560  124.67592 
146   123.86638  124.40462 
147   123.81126  124.02441 
148   122.17583  123.81495 
149   121.78592  122.57169 
150   121.78592  121.88971 
151   121.59057  121.78201 
152   121.51704  121.64221 
153   121.51704  121.53891 
154   121.37920  121.51520 
155   121.32329  121.42553 
156   120.73869  121.33113 
157   117.45201  120.92187 
158   117.41727  118.58340 
159   116.99736  117.42150 
160   116.99736  117.13892 
161   116.37059  116.98117 
162   115.78334  116.54814 
163   114.65027  115.86020 
164   114.50016  114.99262 
165   114.21059  114.54002 
166   114.21059  114.28024 
167   114.20866  114.21055 
168   114.16654  114.20858 
169   113.79006  114.17405 
170   113.79006  113.91675 
171   113.75229  113.78968 
172   113.75229  113.76702 
173   113.11635  113.74593 
174   113.11635  113.32383 
175   110.82139  113.08717 
176   110.76710  111.29492 
177   110.71281  110.78080 
178   109.80376  110.72183 
179   109.42920  110.14464 
180   109.42920  109.59819 
181   109.37047  109.42862 
182   109.37047  109.39455 
183   108.74727  109.36424 
184   108.74727  109.00055 
185   108.59945  108.74536 
186   108.54378  108.66462 
187   108.54378  108.56994 
188   108.50034  108.54270 
189   108.20319  108.51407 
190   108.20319  108.31170 
191   106.60158  108.18717 
192   106.12365  107.10621 
193   106.12365  106.26844 
194   106.04392  106.12286 
195   106.04392  106.05907 
196   106.04392  106.04392 
197   105.71383  106.04062 
198   104.94150  105.77121 
199   104.54775  105.14155 
200   104.17721  104.67974 
201   104.17721  104.34947 
202   104.17721  104.17721 
203   103.23050  104.16775 
204   103.23050  103.68087 
205   103.23050  103.23050 
206   103.02869  103.22848 
207   103.02869  103.12494 
208   102.86505  103.02705 
209   102.30004  102.92158 
210   102.30004  102.55066 
211   102.30004  102.30004 
212   101.79523  102.29499 
213   101.79523  101.97355 
214   101.79523  101.79523 
215   101.79523  101.79523 
216   101.56436  101.79293 
217   101.56436  101.67666 
218   101.56436  101.56436 
219   101.56436  101.56436 
220   101.56436  101.56436 
221   99.21675   101.54088 
222   96.57375   99.94235  
223   96.57375   97.69839  
224   96.05576   96.55959  
225   96.05576   96.22766  
226   96.05576   96.05576  
227   96.05576   96.05576  
228   96.05576   96.05576  
229   95.45761   96.04978  
230   95.23633   95.70513  
231   95.23633   95.31586  
232   94.13115   95.22372  
233   94.09059   94.56480  
234   93.96530   94.10434  
235   93.92473   94.00749  
236   93.92473   93.94033  
237   93.61178   93.92160  
238   93.51808   93.73691  
239   93.51808   93.54807  
240   92.58083   93.50871  
241   92.58083   92.94318  
242   92.58083   92.58083  
243   91.83030   92.57332  
244   91.83030   92.06012  
245   91.83030   91.83030  
246   91.83030   91.83030  
247   91.50987   91.82709  
248   91.50987   91.62217  
249   91.50987   91.50987  
250   91.50987   91.50987  
251   90.36923   91.49847  
252   90.36923   90.81929  
253   90.36923   90.36923  
254   90.36923   90.36923  
255   90.36923   90.36923  
256   90.36923   90.36923  
257   90.36923   90.36923  
258   90.36923   90.36923  
259   90.36923   90.36923  
260   90.36923   90.36923  
261   90.36923   90.36923  
262   90.36923   90.36923  
263   90.36923   90.36923  
264   90.36923   90.36923  
265   90.36923   90.36923  
266   90.36923   90.36923  
267   90.36923   90.36923  
268   89.86114   90.36415  
269   89.04600   90.07147  
270   89.03679   89.44331  
271   85.70116   89.00619  
272   85.70116   86.84382  
273   85.70116   85.70116  
274   85.60165   85.70016  
275   85.60165   85.64339  
276   85.56250   85.60126  
277   84.80085   85.57211  
278   84.80085   85.15497  
279   84.80085   84.80085  
280   84.42209   84.79707  
281   84.42209   84.57588  
282   84.42209   84.42209  
283   84.09358   84.41881  
284   83.91400   84.24290  
285   83.91400   83.96702  
286   83.91400   83.91400  
287   83.91400   83.91400  
288   83.91400   83.91400  
289   83.91400   83.91400  
290   83.91400   83.91400  
291   82.98916   83.90475  
292   82.98916   83.25096  
293   82.98916   82.98916  
294   82.98916   82.98916  
295   82.90634   82.98750  
296   82.90634   82.93781  
297   82.90634   82.90634  
298   82.90634   82.90634  
299   82.90634   82.90634  
300   82.76503   82.90493  
301   81.23858   82.80816  
302   81.07346   81.67245  
303   81.07346   81.14554  
304   81.07346   81.07346  
305   81.07346   81.07346  
306   81.07346   81.07346  
307   81.07346   81.07346  
308   81.07346   81.07346  
309   81.07346   81.07346  
310   81.07346   81.07346  
311   81.07346   81.07346  
312   81.07346   81.07346  
313   81.07346   81.07346  
314   81.07346   81.07346  
315   81.01659   81.07289  
316   81.01659   81.04218  
317   80.79298   81.01436  
318   80.27773   80.87951  
319   80.27773   80.46265  
320   80.27773   80.27773  
321   80.21301   80.27708  
322   80.21301   80.23880  
323   80.21301   80.21301  
324   80.21301   80.21301  
325   80.21301   80.21301  
326   80.21301   80.21301  
327   80.01766   80.21106  
328   80.01766   80.09067  
329   80.01766   80.01766  
330   80.01766   80.01766  
331   79.81591   80.01564  
332   79.81591   79.87082  
333   79.81591   79.81591  
334   79.81591   79.81591  
335   79.65042   79.81425  
336   79.65042   79.71762  
337   79.65042   79.65042  
338   79.65042   79.65042  
339   79.65042   79.65042  
340   79.65042   79.65042  
341   79.28926   79.64681  
342   79.12377   79.44538  
343   79.12377   79.20652  
344   79.12377   79.12377  
345   79.12377   79.12377  
346   79.12377   79.12377  
347   79.12377   79.12377  
348   79.12377   79.12377  
349   79.12377   79.12377  
350   79.12377   79.12377  
351   78.22701   79.11480  
352   78.22701   78.56385  
353   78.22701   78.22701  
354   78.22701   78.22701  
355   78.22701   78.22701  
356   78.22701   78.22701  
357   78.22701   78.22701  
358   78.22701   78.22701  
359   78.22701   78.22701  
360   78.22701   78.22701  
361   77.84239   78.22317  
362   77.84239   78.02801  
363   77.84239   77.84239  
364   77.84239   77.84239  
365   77.84239   77.84239  
366   77.84239   77.84239  
367   77.84239   77.84239  
368   77.84239   77.84239  
369   77.84239   77.84239  
370   77.84239   77.84239  
371   75.62202   77.82019  
372   75.62202   76.55513  
373   75.62202   75.62202  
374   75.62202   75.62202  
375   75.62202   75.62202  
376   75.62202   75.62202  
377   75.62202   75.62202  
378   75.62202   75.62202  
379   75.62202   75.62202  
380   75.62202   75.62202  
381   75.56295   75.62143  
382   75.56295   75.58085  
383   75.56295   75.56295  
384   75.56295   75.56295  
385   75.56295   75.56295  
386   75.56295   75.56295  
387   75.56295   75.56295  
388   75.56295   75.56295  
389   75.56295   75.56295  
390   75.56295   75.56295  
391   74.86276   75.55595  
392   74.66741   75.14661  
393   74.66741   74.73579  
394   74.66741   74.66741  
395   74.66741   74.66741  
396   74.66741   74.66741  
397   74.66741   74.66741  
398   74.66741   74.66741  
399   74.66741   74.66741  
400   74.66741   74.66741  
401   74.55729   74.66631  
402   74.55729   74.60134  
403   74.55729   74.55729  
404   74.55729   74.55729  
405   74.55729   74.55729  
406   74.55729   74.55729  
407   74.55729   74.55729  
408   74.55729   74.55729  
409   74.55729   74.55729  
410   74.55729   74.55729  
411   74.55729   74.55729  
412   74.55729   74.55729  
413   74.55729   74.55729  
414   74.55729   74.55729  
415   74.55729   74.55729  
416   74.55729   74.55729  
417   74.55729   74.55729  
418   74.22388   74.55396  
419   74.22388   74.37131  
420   74.22388   74.22388  
421   74.17199   74.22336  
422   74.17199   74.19430  
423   74.17199   74.17199  
424   74.17199   74.17199  
425   74.17199   74.17199  
426   74.17199   74.17199  
427   74.17199   74.17199  
428   74.17199   74.17199  
429   74.17199   74.17199  
430   74.17199   74.17199  
431   74.17199   74.17199  
432   74.17199   74.17199  
433   74.17199   74.17199  
434   74.17199   74.17199  
435   74.17199   74.17199  
436   74.17199   74.17199  
437   74.17199   74.17199  
438   74.17199   74.17199  
439   74.17199   74.17199  
440   74.17199   74.17199  
441   74.17199   74.17199  
442   74.17199   74.17199  
443   74.17199   74.17199  
444   74.17199   74.17199  
445   74.17199   74.17199  
446   74.17199   74.17199  
447   74.17199   74.17199  
448   74.17199   74.17199  
449   74.17199   74.17199  
450   74.17199   74.17199  
451   74.17199   74.17199  
452   74.17199   74.17199  
453   74.17199   74.17199  
454   74.17199   74.17199  
455   74.17199   74.17199  
456   74.17199   74.17199  
457   74.17199   74.17199  
458   74.17199   74.17199  
459   74.17199   74.17199  
460   74.17199   74.17199  
461   74.17199   74.17199  
462   74.17199   74.17199  
463   74.17199   74.17199  
464   74.17199   74.17199  
465   74.17199   74.17199  
466   74.17199   74.17199  
467   74.17199   74.17199  
468   74.17199   74.17199  
469   74.17199   74.17199  
470   74.17199   74.17199  
471   74.17199   74.17199  
472   74.17199   74.17199  
473   74.17199   74.17199  
474   74.17199   74.17199  
475   74.17199   74.17199  
476   74.17199   74.17199  
477   74.17199   74.17199  
478   74.17199   74.17199  
479   74.17199   74.17199  
480   74.17199   74.17199  
481   74.17199   74.17199  
482   74.17199   74.17199  
483   74.17199   74.17199  
484   74.17199   74.17199  
485   74.17199   74.17199  
486   74.17199   74.17199  
487   74.17199   74.17199  
488   74.17199   74.17199  
489   74.17199   74.17199  
490   74.17199   74.17199  
491   73.88065   74.16908  
492   73.88065   73.97553  
493   73.88065   73.88065  
494   73.88065   73.88065  
495   73.80515   73.87990  
496   73.80515   73.83807  
497   73.80515   73.80515  
498   73.79281   73.80503  
499   73.79281   73.79631  
