0     455.48389  491.63334 
1     455.48389  491.63334 
2     446.43947  455.53094 
3     439.84367  447.46328 
4     433.97274  440.90858 
5     429.74217  434.81118 
6     422.71163  429.36729 
7     416.96184  423.00069 
8     407.26170  417.43858 
9     398.51144  408.75392 
10    393.16833  400.03454 
11    379.92096  393.60540 
12    374.57000  382.28104 
13    370.72342  375.17697 
14    356.75893  370.45821 
15    351.05017  360.05392 
16    343.94552  351.03101 
17    339.70440  343.73509 
18    334.50674  339.58783 
19    331.99223  334.92033 
20    328.06069  332.05147 
21    326.73266  328.92222 
22    323.80092  326.69740 
23    321.42677  323.86601 
24    316.18348  321.34801 
25    314.09830  317.15880 
26    312.01891  314.19917 
27    306.72376  312.15144 
28    306.35872  308.30521 
29    301.04947  306.25711 
30    293.25587  301.97437 
31    293.07462  295.67344 
32    289.56269  292.94280 
33    281.34208  289.53571 
34    279.60855  284.96397 
35    276.98419  279.88332 
36    272.12382  277.28347 
37    270.45721  273.41547 
38    267.88121  270.68565 
39    266.66687  268.51765 
40    264.92020  266.73409 
41    243.98220  264.77574 
42    242.44369  249.63863 
43    240.83997  242.86043 
44    235.95686  240.80826 
45    233.97341  237.08568 
46    231.72484  234.19145 
47    231.17616  231.93671 
48    229.21439  231.27762 
49    223.83831  229.43198 
50    223.73147  225.41324 
51    222.86845  223.75940 
52    221.73682  223.03737 
53    219.73724  221.78764 
54    218.50411  219.93602 
55    216.71995  218.73104 
56    210.29803  217.31967 
57    208.68650  211.69677 
58    208.00135  209.47706 
59    207.19002  208.13708 
60    206.25051  207.38997 
61    206.25051  206.30708 
62    204.24657  206.16788 
63    203.10253  204.24644 
64    202.26527  203.15233 
65    201.61425  202.51025 
66    198.98516  201.69087 
67    198.72804  199.57189 
68    195.04279  198.76193 
69    194.25428  196.48017 
70    193.56913  194.60208 
71    193.42924  193.84689 
72    192.18585  193.45587 
73    190.47857  192.27591 
74    190.00371  191.01781 
75    189.30351  190.13428 
76    188.92573  189.69594 
77    188.07861  189.00624 
78    186.29629  188.38369 
79    185.62236  186.99478 
80    185.13174  185.82668 
81    181.53348  185.19772 
82    181.21657  182.89235 
83    181.16065  181.27916 
84    177.55453  181.13754 
85    177.55453  178.98285 
86    176.83640  177.54127 
87    176.69352  177.04273 
88    176.69352  176.74353 
89    175.73114  176.68170 
90    173.24653  175.94190 
91    168.53751  173.99750 
92    168.45111  170.39271 
93    168.24655  168.47546 
94    167.63983  168.25225 
95    167.04519  167.71988 
96    166.98833  167.18405 
97    166.43349  166.99527 
98    165.27849  166.64636 
99    165.27849  165.65179 
100   163.16540  165.24002 
101   159.25888  163.89481 
102   159.11140  160.67641 
103   157.39551  159.13922 
104   157.24803  157.92105 
105   155.75540  157.28115 
106   155.56741  156.15472 
107   154.60557  155.63884 
108   154.54870  155.03921 
109   153.03368  154.55078 
110   150.61174  153.38715 
111   150.61174  151.46497 
112   150.52122  150.61037 
113   150.14329  150.54857 
114   149.85234  150.28635 
115   149.51545  149.90326 
116   148.82606  149.60198 
117   148.65662  149.09023 
118   148.55657  148.73695 
119   148.26561  148.59968 
120   147.07867  148.38475 
121   143.51843  147.36870 
122   143.51843  145.09057 
123   142.85256  143.50140 
124   142.29920  142.98169 
125   141.08486  142.38224 
126   140.35933  141.49350 
127   139.66764  140.59259 
128   139.27563  140.02863 
129   138.76844  139.44672 
130   138.67810  138.91066 
131   134.92288  138.64590 
132   134.81384  136.29868 
133   132.51061  134.81742 
134   132.26637  132.99152 
135   131.79977  132.33329 
136   131.79977  132.07189 
137   131.41916  131.79597 
138   131.41916  131.56752 
139   128.11985  131.34700 
140   128.11985  128.95011 
141   128.11985  128.11985 
142   127.51629  128.10611 
143   127.33534  127.61464 
144   127.14027  127.41900 
145   126.61313  127.20732 
146   126.61313  126.76411 
147   125.52180  126.60222 
148   123.72276  125.92399 
149   123.52769  124.30784 
150   122.92413  123.55872 
151   119.59407  123.15340 
152   119.59407  121.24900 
153   119.59407  119.59407 
154   119.40394  119.59209 
155   118.94772  119.47982 
156   118.55586  119.00645 
157   118.50493  118.69472 
158   118.46954  118.53144 
159   118.13424  118.46797 
160   117.83868  118.13852 
161   117.45809  117.85607 
162   117.30594  117.54815 
163   117.30594  117.37676 
164   117.18971  117.30362 
165   116.48815  117.19838 
166   116.22529  116.83109 
167   116.22529  116.35091 
168   115.82378  116.21900 
169   115.82378  115.93664 
170   115.82378  115.82378 
171   115.82378  115.82378 
172   115.57649  115.81904 
173   115.57649  115.62983 
174   115.57649  115.57649 
175   115.31058  115.56916 
176   114.90265  115.31704 
177   114.90265  115.09447 
178   114.78655  114.90149 
179   114.53322  114.83166 
180   114.53322  114.57641 
181   108.23714  114.47026 
182   108.23714  111.25318 
183   107.19892  108.22676 
184   107.19892  107.71572 
185   106.98247  107.19675 
186   106.98247  107.09045 
187   106.98247  106.98247 
188   106.95804  106.98222 
189   106.86362  106.96760 
190   106.68359  106.89852 
191   106.68359  106.76909 
192   106.68359  106.68359 
193   106.63358  106.68309 
194   106.60536  106.65880 
195   106.60536  106.61838 
196   106.58101  106.60501 
197   106.58101  106.58976 
198   106.58101  106.58101 
199   105.90211  106.57176 
200   105.90211  106.07040 
201   103.19888  105.87507 
202   103.19888  104.17891 
203   103.19888  103.19888 
204   103.19888  103.19888 
205   103.19888  103.19888 
206   103.19888  103.19888 
207   103.19888  103.19888 
208   103.19888  103.19888 
209   102.89045  103.19580 
210   102.89045  103.02465 
211   96.02508   102.82180 
212   96.02508   98.48580  
213   96.02508   96.02508  
214   96.02508   96.02508  
215   96.02508   96.02508  
216   95.70592   96.01945  
217   95.46956   95.76184  
218   95.46956   95.52929  
219   95.35766   95.46844  
220   95.35766   95.40578  
221   95.35766   95.35766  
222   95.35766   95.35766  
223   94.65906   95.35067  
224   94.47800   94.85116  
225   94.45988   94.55856  
226   94.45988   94.46695  
227   94.45988   94.45988  
228   94.45988   94.45988  
229   94.45988   94.45988  
230   94.28431   94.45813  
231   93.80693   94.37195  
232   93.80693   94.02335  
233   93.80693   93.80693  
234   93.75011   93.80636  
235   93.42968   93.77304  
236   93.42968   93.58128  
237   93.42968   93.42968  
238   93.42968   93.42968  
239   93.07451   93.42613  
240   92.84873   93.18158  
241   90.61807   92.91498  
242   90.61807   91.57694  
243   90.61153   90.61801  
244   90.61153   90.61415  
245   90.37161   90.60629  
246   90.32740   90.40844  
247   90.08748   90.34622  
248   90.08748   90.18660  
249   90.08748   90.08748  
250   90.08748   90.08748  
251   86.31913   90.04979  
252   86.31913   87.93908  
253   86.27524   86.31870  
254   86.27524   86.29762  
255   86.27524   86.27524  
256   85.54561   86.26794  
257   85.54561   85.84939  
258   85.54561   85.54561  
259   85.54561   85.54561  
260   85.54561   85.54561  
261   84.86545   85.53881  
262   84.86545   85.12485  
263   84.86545   84.86545  
264   84.46483   84.86145  
265   84.46483   84.60003  
266   84.46483   84.46483  
267   84.46483   84.46483  
268   84.46483   84.46483  
269   84.46483   84.46483  
270   84.46483   84.46483  
271   84.46483   84.46483  
272   84.46483   84.46483  
273   84.46483   84.46483  
274   84.46483   84.46483  
275   84.46483   84.46483  
276   84.46483   84.46483  
277   84.46483   84.46483  
278   84.46483   84.46483  
279   84.46483   84.46483  
280   84.46483   84.46483  
281   84.14256   84.46160  
282   84.14256   84.29725  
283   84.14256   84.14256  
284   84.14256   84.14256  
285   84.14256   84.14256  
286   84.14256   84.14256  
287   84.14256   84.14256  
288   84.14256   84.14256  
289   84.14256   84.14256  
290   84.14256   84.14256  
291   83.26561   84.13379  
292   83.26561   83.60605  
293   83.26561   83.26561  
294   82.88795   83.26183  
295   82.88795   83.05551  
296   82.88795   82.88795  
297   82.88141   82.88788  
298   82.88141   82.88415  
299   82.88141   82.88141  
300   82.88141   82.88141  
301   80.96527   82.86225  
302   80.96527   81.68492  
303   80.96527   80.96527  
304   80.96527   80.96527  
305   80.96527   80.96527  
306   80.96527   80.96527  
307   80.96527   80.96527  
308   80.96527   80.96527  
309   80.96527   80.96527  
310   80.80346   80.96365  
311   80.80346   80.87694  
312   80.80346   80.80346  
313   80.80346   80.80346  
314   80.80346   80.80346  
315   80.80346   80.80346  
316   80.80346   80.80346  
317   80.80346   80.80346  
318   80.80346   80.80346  
319   80.80346   80.80346  
320   80.80346   80.80346  
321   80.80346   80.80346  
322   80.80346   80.80346  
323   80.66338   80.80205  
324   80.66338   80.73806  
325   80.66338   80.66338  
326   80.66338   80.66338  
327   80.66338   80.66338  
328   80.66338   80.66338  
329   80.66338   80.66338  
330   80.66338   80.66338  
331   79.37664   80.65052  
332   79.37664   79.95613  
333   79.37664   79.37664  
334   79.21483   79.37502  
335   79.21483   79.28279  
336   79.21483   79.21483  
337   79.21483   79.21483  
338   79.21483   79.21483  
339   79.21483   79.21483  
340   78.42279   79.20691  
341   78.42279   78.83017  
342   78.42279   78.42279  
343   78.42279   78.42279  
344   78.42279   78.42279  
345   78.42279   78.42279  
346   78.42279   78.42279  
347   78.42279   78.42279  
348   78.42279   78.42279  
349   78.42279   78.42279  
350   78.42279   78.42279  
351   78.42279   78.42279  
352   78.42279   78.42279  
353   78.42279   78.42279  
354   78.42279   78.42279  
355   78.42279   78.42279  
356   78.42279   78.42279  
357   78.42279   78.42279  
358   78.42279   78.42279  
359   78.42279   78.42279  
360   78.42279   78.42279  
361   78.42279   78.42279  
362   78.42279   78.42279  
363   78.42279   78.42279  
364   78.42279   78.42279  
365   78.42279   78.42279  
366   78.42279   78.42279  
367   78.42279   78.42279  
368   77.76853   78.41625  
369   77.76853   78.00717  
370   77.76853   77.76853  
371   77.76853   77.76853  
372   77.76853   77.76853  
373   77.68407   77.76769  
374   77.68407   77.72482  
375   77.68407   77.68407  
376   77.68407   77.68407  
377   77.68407   77.68407  
378   77.68407   77.68407  
379   77.68407   77.68407  
380   77.68407   77.68407  
381   77.68407   77.68407  
382   77.68407   77.68407  
383   77.68407   77.68407  
384   77.68407   77.68407  
385   77.68407   77.68407  
386   77.68407   77.68407  
387   77.68407   77.68407  
388   77.48517   77.68009  
389   77.48517   77.50506  
390   77.48517   77.48517  
391   77.48517   77.48517  
392   77.48517   77.48517  
393   77.48517   77.48517  
394   77.25795   77.48290  
395   77.25795   77.39043  
396   77.25795   77.25795  
397   77.01645   77.25553  
398   77.01645   77.12788  
399   77.01645   77.01645  
400   77.01645   77.01645  
401   77.01645   77.01645  
402   77.01645   77.01645  
403   77.01645   77.01645  
404   77.01645   77.01645  
405   77.01645   77.01645  
406   77.01645   77.01645  
407   77.01645   77.01645  
408   77.01645   77.01645  
409   77.01645   77.01645  
410   77.01645   77.01645  
411   76.56608   77.01195  
412   76.56608   76.77325  
413   76.56608   76.56608  
414   76.56608   76.56608  
415   76.56608   76.56608  
416   76.56608   76.56608  
417   76.56608   76.56608  
418   76.56608   76.56608  
419   76.56608   76.56608  
420   76.56608   76.56608  
421   76.56608   76.56608  
422   76.56608   76.56608  
423   76.56608   76.56608  
424   76.56608   76.56608  
425   76.56608   76.56608  
426   76.56608   76.56608  
427   76.56608   76.56608  
428   76.56608   76.56608  
429   76.56608   76.56608  
430   76.56608   76.56608  
431   76.56608   76.56608  
432   76.56608   76.56608  
433   76.56608   76.56608  
434   76.56608   76.56608  
435   76.56608   76.56608  
436   76.56608   76.56608  
437   76.56608   76.56608  
438   76.56608   76.56608  
439   76.56608   76.56608  
440   76.56608   76.56608  
441   76.38652   76.56429  
442   76.38652   76.46912  
443   76.38652   76.38652  
444   76.38652   76.38652  
445   76.38652   76.38652  
446   76.38652   76.38652  
447   76.38652   76.38652  
448   76.38652   76.38652  
449   76.38652   76.38652  
450   76.38652   76.38652  
451   76.00219   76.38267  
452   76.00219   76.17558  
453   76.00219   76.00219  
454   76.00219   76.00219  
455   76.00219   76.00219  
456   76.00219   76.00219  
457   76.00219   76.00219  
458   76.00219   76.00219  
459   76.00219   76.00219  
460   76.00219   76.00219  
461   76.00219   76.00219  
462   76.00219   76.00219  
463   76.00219   76.00219  
464   76.00219   76.00219  
465   76.00219   76.00219  
466   76.00219   76.00219  
467   76.00219   76.00219  
468   76.00219   76.00219  
469   76.00219   76.00219  
470   76.00219   76.00219  
471   76.00219   76.00219  
472   76.00219   76.00219  
473   76.00219   76.00219  
474   76.00219   76.00219  
475   76.00219   76.00219  
476   76.00219   76.00219  
477   76.00219   76.00219  
478   76.00219   76.00219  
479   76.00219   76.00219  
480   76.00219   76.00219  
481   75.66491   75.99882  
482   75.66491   75.81353  
483   75.66491   75.66491  
484   75.66491   75.66491  
485   75.66491   75.66491  
486   75.66491   75.66491  
487   75.66491   75.66491  
488   75.66491   75.66491  
489   75.66491   75.66491  
490   75.66491   75.66491  
491   75.66491   75.66491  
492   75.66491   75.66491  
493   75.66491   75.66491  
494   75.66491   75.66491  
495   75.66491   75.66491  
496   75.66491   75.66491  
497   75.66491   75.66491  
498   75.66491   75.66491  
499   75.66491   75.66491  
