0     455.48389  491.63334 
1     455.48389  491.63334 
2     441.54959  454.79107 
3     429.20839  440.63673 
4     421.10224  428.73911 
5     407.05164  420.56521 
6     400.86359  406.68253 
7     394.89135  400.59180 
8     388.40992  394.71074 
9     382.35325  387.94032 
10    376.94965  381.98566 
11    367.63337  376.74255 
12    359.98155  367.26867 
13    354.75422  359.74883 
14    348.74134  354.45939 
15    338.42451  348.31301 
16    331.06703  338.14997 
17    325.81249  330.78541 
18    319.12460  325.47700 
19    308.47972  318.73620 
20    305.22206  308.36648 
21    300.29302  305.11286 
22    297.29197  300.19175 
23    294.37064  297.20452 
24    292.83038  294.33756 
25    287.91124  292.70856 
26    286.25939  287.84781 
27    284.29722  286.16257 
28    279.50266  284.19117 
29    277.40407  279.44598 
30    269.95776  277.28017 
31    269.42139  269.92425 
32    265.36430  269.32333 
33    263.06323  265.29398 
34    256.43719  262.90045 
35    255.28590  256.41551 
36    250.80900  255.16132 
37    248.78049  250.72567 
38    246.96922  248.72844 
39    245.95344  246.90892 
40    242.35939  245.86144 
41    238.56463  242.25479 
42    235.61480  238.50831 
43    234.64807  235.56138 
44    234.14263  234.63390 
45    226.90254  233.99301 
46    223.42945  226.71046 
47    220.67228  223.37263 
48    219.90974  220.65330 
49    217.19888  219.84406 
50    215.47269  217.15351 
51    213.96389  215.40707 
52    211.77794  213.90170 
53    209.02768  211.70234 
54    208.18687  209.00991 
55    206.97669  208.14806 
56    205.67205  206.93336 
57    203.65431  205.62359 
58    202.28906  203.62744 
59    200.22927  202.24671 
60    199.53424  200.20294 
61    197.78425  199.47727 
62    194.94634  197.73181 
63    193.32900  194.91110 
64    192.78188  193.30881 
65    191.93534  192.76545 
66    191.41099  191.92260 
67    190.33963  191.37627 
68    187.84765  190.26990 
69    184.43647  187.78905 
70    182.92793  184.38669 
71    178.11033  182.87380 
72    176.66450  178.08749 
73    175.44883  176.60596 
74    174.68812  175.41867 
75    173.67445  174.66510 
76    172.68461  173.63272 
77    172.27533  172.67562 
78    170.48589  172.21989 
79    169.47093  170.43565 
80    168.96346  169.46406 
81    168.06985  168.94875 
82    167.64487  168.06277 
83    166.15041  167.61821 
84    166.15041  166.15041 
85    165.16822  166.12079 
86    165.03090  165.16684 
87    163.94037  165.00341 
88    163.43474  163.91068 
89    162.39847  163.41895 
90    161.32584  162.37732 
91    160.34917  161.31151 
92    159.81637  160.33744 
93    159.20752  159.80357 
94    155.60966  159.16657 
95    154.85249  155.57813 
96    154.61235  154.84769 
97    154.43342  154.60929 
98    154.26732  154.42943 
99    153.68567  154.24769 
100   153.22750  153.67965 
101   152.20731  153.21602 
102   152.06851  152.20592 
103   151.44397  152.04475 
104   149.34001  151.41647 
105   148.75286  149.32550 
106   148.61136  148.75144 
107   147.81999  148.60053 
108   147.48303  147.81662 
109   147.05761  147.47747 
110   144.78379  147.03487 
111   142.96212  144.75528 
112   142.02767  142.94934 
113   140.76530  142.00195 
114   140.67088  140.76299 
115   140.30029  140.66717 
116   140.30029  140.30029 
117   140.21099  140.29939 
118   138.21253  140.17825 
119   137.56383  138.20300 
120   137.52958  137.56349 
121   136.40221  137.50313 
122   136.09853  136.39917 
123   135.56728  136.08999 
124   135.11124  135.55650 
125   134.21631  135.10229 
126   133.92571  134.21293 
127   131.56448  133.89562 
128   130.81086  131.55510 
129   130.81086  130.81086 
130   129.39522  130.79671 
131   129.39522  129.39522 
132   128.61746  129.38035 
133   128.29830  128.61108 
134   128.21856  128.29686 
135   128.15416  128.21761 
136   127.38117  128.14643 
137   126.68961  127.37225 
138   126.68961  126.68961 
139   126.67149  126.68934 
140   126.50715  126.66956 
141   125.86014  126.49993 
142   125.16420  125.85242 
143   125.11677  125.16373 
144   124.90785  125.11217 
145   124.90785  124.90785 
146   124.90785  124.90785 
147   124.63631  124.90408 
148   124.62740  124.63622 
149   124.62740  124.62740 
150   124.62740  124.62740 
151   124.41198  124.62449 
152   123.78684  124.40281 
153   121.48768  123.74616 
154   119.73584  121.46941 
155   119.69428  119.73542 
156   119.55017  119.69224 
157   119.53085  119.54997 
158   119.53085  119.53085 
159   119.24240  119.52796 
160   119.12117  119.24119 
161   119.12117  119.12117 
162   119.09025  119.12087 
163   118.24343  119.08178 
164   117.57937  118.22360 
165   117.03300  117.57391 
166   117.03300  117.03300 
167   116.83120  117.03098 
168   116.83120  116.83120 
169   116.66986  116.82959 
170   116.25458  116.66547 
171   116.01480  116.25218 
172   115.89595  116.01362 
173   115.89595  115.89595 
174   115.06809  115.88767 
175   115.06809  115.06809 
176   114.62353  115.06364 
177   114.62353  114.62353 
178   114.62353  114.62353 
179   114.17699  114.61907 
180   113.60762  114.17130 
181   110.03024  113.57185 
182   110.03024  110.03024 
183   110.03024  110.03024 
184   109.70330  110.02697 
185   109.70330  109.70330 
186   109.70330  109.70330 
187   109.70330  109.70330 
188   108.98110  109.69608 
189   108.98110  108.98110 
190   108.98110  108.98110 
191   108.98110  108.98110 
192   108.98110  108.98110 
193   108.76117  108.97890 
194   108.53910  108.75895 
195   108.48360  108.53855 
196   108.23066  108.48100 
197   108.22800  108.23063 
198   107.99905  108.22564 
199   106.51911  107.98425 
200   106.18621  106.51578 
201   106.18621  106.18621 
202   106.18621  106.18621 
203   106.17938  106.18614 
204   105.16800  106.16927 
205   104.60186  105.15709 
206   104.33959  104.59924 
207   103.79636  104.32913 
208   103.57366  103.79413 
209   103.51632  103.57309 
210   103.51632  103.51632 
211   103.51632  103.51632 
212   102.70135  103.50817 
213   102.46536  102.69673 
214   102.46536  102.46536 
215   102.46536  102.46536 
216   102.46536  102.46536 
217   102.46536  102.46536 
218   102.46536  102.46536 
219   102.38251  102.46453 
220   102.37248  102.38241 
221   102.34555  102.37221 
222   102.34555  102.34555 
223   102.34555  102.34555 
224   102.34555  102.34555 
225   101.15890  102.33368 
226   101.15890  101.15890 
227   100.97487  101.15706 
228   100.74670  100.97259 
229   100.74670  100.74670 
230   100.74670  100.74670 
231   100.74670  100.74670 
232   100.74670  100.74670 
233   100.74670  100.74670 
234   100.70561  100.74629 
235   100.70561  100.70561 
236   100.70561  100.70561 
237   100.70561  100.70561 
238   100.70561  100.70561 
239   100.70561  100.70561 
240   100.70561  100.70561 
241   100.47751  100.70333 
242   100.47751  100.47751 
243   100.47751  100.47751 
244   100.47751  100.47751 
245   99.08029   100.46354 
246   99.08029   99.08029  
247   99.08029   99.08029  
248   99.08029   99.08029  
249   99.08029   99.08029  
250   99.08029   99.08029  
251   98.84342   99.07792  
252   98.84342   98.84342  
253   98.84342   98.84342  
254   98.84342   98.84342  
255   98.84342   98.84342  
256   98.84342   98.84342  
257   98.84342   98.84342  
258   98.57041   98.84051  
259   98.04051   98.56121  
260   97.65122   98.03661  
261   97.65122   97.65122  
262   97.48144   97.64952  
263   97.48144   97.48144  
264   97.48144   97.48144  
265   97.48144   97.48144  
266   97.48144   97.48144  
267   97.48144   97.48144  
268   96.92744   97.47494  
269   96.92652   96.92743  
270   96.74704   96.92472  
271   96.74704   96.74704  
272   96.73644   96.74693  
273   96.71835   96.73626  
274   96.45230   96.71569  
275   96.45230   96.45230  
276   96.45230   96.45230  
277   96.45230   96.45230  
278   96.32025   96.45098  
279   96.23232   96.31937  
280   96.03764   96.22730  
281   95.87427   96.03478  
282   95.87427   95.87427  
283   95.44491   95.86902  
284   95.44491   95.44491  
285   95.01762   95.43642  
286   94.89528   95.01565  
287   93.73249   94.88365  
288   93.63638   93.73079  
289   93.49185   93.63494  
290   93.41724   93.49110  
291   93.09514   93.40915  
292   93.09514   93.09514  
293   93.09514   93.09514  
294   92.94180   93.09286  
295   92.94180   92.94180  
296   92.94180   92.94180  
297   92.94180   92.94180  
298   92.85819   92.94096  
299   92.78359   92.85744  
300   92.77980   92.78355  
301   92.77980   92.77980  
302   92.77980   92.77980  
303   92.77980   92.77980  
304   92.77980   92.77980  
305   92.77980   92.77980  
306   91.89455   92.76954  
307   91.81240   91.89373  
308   91.81240   91.81240  
309   91.81240   91.81240  
310   90.93524   91.80363  
311   90.93524   90.93524  
312   90.93524   90.93524  
313   90.93524   90.93524  
314   90.93524   90.93524  
315   90.93524   90.93524  
316   90.21618   90.92086  
317   90.21618   90.21618  
318   90.21618   90.21618  
319   90.07523   90.21477  
320   90.07523   90.07523  
321   89.75323   90.07186  
322   89.75323   89.75323  
323   89.75323   89.75323  
324   89.75323   89.75323  
325   89.75323   89.75323  
326   89.70901   89.75279  
327   89.70901   89.70901  
328   89.70901   89.70901  
329   89.70901   89.70901  
330   89.01639   89.70208  
331   88.79278   89.01415  
332   88.79278   88.79278  
333   88.79278   88.79278  
334   88.79278   88.79278  
335   88.79278   88.79278  
336   88.79278   88.79278  
337   88.47632   88.78961  
338   88.47632   88.47632  
339   88.47632   88.47632  
340   88.47632   88.47632  
341   87.96732   88.47123  
342   87.35821   87.96123  
343   87.35821   87.35821  
344   87.35821   87.35821  
345   87.35821   87.35821  
346   87.35821   87.35821  
347   87.35821   87.35821  
348   87.35821   87.35821  
349   87.35821   87.35821  
350   87.35821   87.35821  
351   87.35821   87.35821  
352   87.35821   87.35821  
353   87.35821   87.35821  
354   87.35821   87.35821  
355   87.26767   87.35731  
356   87.04827   87.26548  
357   86.47454   87.04253  
358   86.45601   86.47436  
359   86.45601   86.45601  
360   86.45601   86.45601  
361   86.45601   86.45601  
362   84.82218   86.42333  
363   84.82218   84.82218  
364   84.82218   84.82218  
365   84.53867   84.81934  
366   84.53867   84.53867  
367   84.53867   84.53867  
368   84.53867   84.53867  
369   84.53867   84.53867  
370   84.53867   84.53867  
371   84.53867   84.53867  
372   84.53867   84.53867  
373   84.53867   84.53867  
374   84.53867   84.53867  
375   84.53867   84.53867  
376   84.53867   84.53867  
377   84.53867   84.53867  
378   84.53867   84.53867  
379   84.51093   84.53839  
380   84.51093   84.51093  
381   84.51093   84.51093  
382   84.51093   84.51093  
383   84.48791   84.51070  
384   84.48791   84.48791  
385   84.48791   84.48791  
386   84.48791   84.48791  
387   84.48791   84.48791  
388   84.48791   84.48791  
389   84.48791   84.48791  
390   84.48791   84.48791  
391   84.48791   84.48791  
392   84.48791   84.48791  
393   84.48791   84.48791  
394   84.48791   84.48791  
395   84.48791   84.48791  
396   84.48791   84.48791  
397   84.48791   84.48791  
398   84.34975   84.48653  
399   84.34975   84.34975  
400   84.34975   84.34975  
401   84.34975   84.34975  
402   84.34975   84.34975  
403   84.34975   84.34975  
404   84.34975   84.34975  
405   84.34975   84.34975  
406   84.34975   84.34975  
407   84.34975   84.34975  
408   84.34975   84.34975  
409   84.34975   84.34975  
410   84.34975   84.34975  
411   84.34975   84.34975  
412   84.34975   84.34975  
413   84.34975   84.34975  
414   83.53081   84.34156  
415   83.53081   83.53081  
416   83.53081   83.53081  
417   83.53081   83.53081  
418   83.53081   83.53081  
419   83.53081   83.53081  
420   83.53081   83.53081  
421   83.53081   83.53081  
422   83.53081   83.53081  
423   83.53081   83.53081  
424   83.53081   83.53081  
425   83.16545   83.52716  
426   83.16545   83.16545  
427   83.16545   83.16545  
428   83.16545   83.16545  
429   83.16545   83.16545  
430   83.16545   83.16545  
431   83.16545   83.16545  
432   83.16545   83.16545  
433   83.16545   83.16545  
434   83.16545   83.16545  
435   83.16545   83.16545  
436   83.16545   83.16545  
437   83.16545   83.16545  
438   83.16545   83.16545  
439   83.16545   83.16545  
440   83.16545   83.16545  
441   83.16545   83.16545  
442   83.16545   83.16545  
443   83.16545   83.16545  
444   82.57212   83.15952  
445   82.57212   82.57212  
446   82.57212   82.57212  
447   82.57212   82.57212  
448   82.57212   82.57212  
449   82.57212   82.57212  
450   82.57212   82.57212  
451   82.57212   82.57212  
452   82.57212   82.57212  
453   82.10934   82.56749  
454   82.10934   82.10934  
455   82.10934   82.10934  
456   82.10934   82.10934  
457   82.10934   82.10934  
458   82.10934   82.10934  
459   81.98869   82.10813  
460   81.84738   81.98727  
461   81.84738   81.84738  
462   81.84738   81.84738  
463   81.84738   81.84738  
464   81.84738   81.84738  
465   81.84738   81.84738  
466   81.84738   81.84738  
467   81.84738   81.84738  
468   81.84738   81.84738  
469   81.84738   81.84738  
470   81.84738   81.84738  
471   81.77373   81.84664  
472   81.77373   81.77373  
473   81.23589   81.76835  
474   80.71731   81.23070  
475   80.71731   80.71731  
476   80.71731   80.71731  
477   80.71731   80.71731  
478   80.71731   80.71731  
479   80.71731   80.71731  
480   80.71731   80.71731  
481   80.71731   80.71731  
482   80.71731   80.71731  
483   80.71731   80.71731  
484   80.71731   80.71731  
485   80.71731   80.71731  
486   80.71731   80.71731  
487   80.71731   80.71731  
488   80.71731   80.71731  
489   80.71731   80.71731  
490   80.71731   80.71731  
491   80.71731   80.71731  
492   80.71731   80.71731  
493   80.71731   80.71731  
494   80.71731   80.71731  
495   80.71731   80.71731  
496   80.71731   80.71731  
497   80.71731   80.71731  
498   80.71731   80.71731  
499   80.71731   80.71731  
