0     455.48389  491.63334 
1     455.48389  491.63334 
2     444.59128  454.62767 
3     431.60207  443.66690 
4     424.14593  431.24525 
5     415.00125  423.57402 
6     409.81355  414.68337 
7     400.88588  409.43260 
8     395.45094  400.68233 
9     389.60087  394.98172 
10    382.06228  389.24707 
11    359.81687  381.71245 
12    354.20188  359.45066 
13    351.62151  354.04473 
14    347.29390  351.42379 
15    340.90709  347.09115 
16    336.20449  340.73520 
17    332.57227  336.05922 
18    329.16791  332.43562 
19    323.51513  328.94371 
20    320.79317  323.40128 
21    315.41818  320.63386 
22    313.14817  315.25848 
23    309.18879  313.06192 
24    306.36191  309.05980 
25    299.01018  306.03187 
26    296.43920  298.92029 
27    293.70648  296.33236 
28    285.25805  293.58195 
29    278.82440  285.08828 
30    276.58569  278.72978 
31    254.46610  276.31647 
32    251.13091  254.32576 
33    249.17948  251.09610 
34    247.58812  249.10609 
35    245.50776  247.51188 
36    244.27808  245.46619 
37    243.27663  244.23937 
38    241.27411  243.21943 
39    239.90172  241.21420 
40    238.74776  239.86377 
41    216.29022  238.46591 
42    214.43965  216.21147 
43    212.04600  214.39844 
44    210.04893  211.96623 
45    207.90960  209.95144 
46    205.32913  207.85858 
47    202.59713  205.28486 
48    201.99684  202.58438 
49    199.29212  201.96119 
50    195.39228  199.18350 
51    194.17875  195.37341 
52    192.91665  194.14907 
53    192.36283  192.91021 
54    190.14038  192.27981 
55    188.80175  190.10888 
56    188.55237  188.79401 
57    188.28172  188.54872 
58    186.90502  188.24363 
59    185.73541  186.87976 
60    185.42183  185.72939 
61    184.85887  185.41129 
62    181.89626  184.78898 
63    181.40595  181.88367 
64    179.61211  181.37250 
65    175.95327  179.55117 
66    174.62197  175.92579 
67    174.58264  174.62157 
68    169.82602  174.50120 
69    167.91572  169.78547 
70    163.05850  167.83629 
71    162.95829  163.05637 
72    162.68929  162.95035 
73    162.68263  162.68923 
74    162.18447  162.67610 
75    161.47338  162.16471 
76    159.23324  161.42754 
77    156.93392  159.17930 
78    156.43084  156.92752 
79    154.25783  156.40357 
80    153.01942  154.23067 
81    147.72915  152.96607 
82    145.60100  147.69489 
83    144.75657  145.59057 
84    144.15281  144.74678 
85    142.87882  144.13574 
86    142.56648  142.87406 
87    141.55503  142.54077 
88    141.42510  141.55373 
89    141.14820  141.42004 
90    140.37586  141.13694 
91    140.28105  140.37488 
92    138.38212  140.25999 
93    136.80429  138.36634 
94    136.17210  136.79358 
95    135.57411  136.16467 
96    135.28657  135.56850 
97    135.10768  135.28117 
98    134.84302  135.10399 
99    131.95782  134.81151 
100   131.22561  131.94142 
101   131.22561  131.22561 
102   130.48263  131.21497 
103   129.34577  130.45120 
104   128.44562  129.33626 
105   127.85906  128.43394 
106   127.82856  127.85857 
107   127.18286  127.81401 
108   126.52133  127.17405 
109   126.38501  126.51997 
110   125.44829  126.37565 
111   125.21926  125.44461 
112   125.01684  125.21574 
113   124.34618  125.00891 
114   123.86979  124.33941 
115   123.86979  123.86979 
116   123.64974  123.86541 
117   123.60516  123.64929 
118   122.92357  123.59768 
119   121.84512  122.91177 
120   120.43427  121.83037 
121   120.04890  120.42617 
122   119.86997  120.04465 
123   119.27118  119.86058 
124   119.26619  119.27113 
125   119.24672  119.26599 
126   117.77905  119.23201 
127   117.77905  117.77905 
128   116.83674  117.75643 
129   116.83674  116.83674 
130   116.52440  116.83361 
131   112.89388  116.48699 
132   112.71442  112.89185 
133   112.68125  112.71409 
134   112.68125  112.68125 
135   111.50272  112.66538 
136   109.85566  111.48461 
137   109.71934  109.85429 
138   109.07513  109.71257 
139   109.07513  109.07513 
140   109.07513  109.07513 
141   108.06236  109.06018 
142   107.95555  108.06112 
143   107.95555  107.95555 
144   107.95555  107.95555 
145   107.17974  107.94779 
146   106.89915  107.17694 
147   106.58792  106.89604 
148   106.50593  106.58710 
149   106.48853  106.50559 
150   105.87427  106.47627 
151   105.47530  105.87028 
152   105.47530  105.47530 
153   105.12188  105.46938 
154   104.60757  105.11671 
155   104.08508  104.60155 
156   104.08508  104.08508 
157   102.96219  104.07176 
158   102.96219  102.96219 
159   102.96219  102.96219 
160   102.96219  102.96219 
161   101.46839  102.94725 
162   101.46839  101.46839 
163   101.32708  101.46625 
164   100.56544  101.31861 
165   100.56544  100.56544 
166   99.59698   100.55398 
167   98.99668   99.58497  
168   98.28965   98.98486  
169   97.44726   98.28122  
170   96.95786   97.44237  
171   96.95786   96.95786  
172   96.95786   96.95786  
173   96.78091   96.95609  
174   96.40327   96.77714  
175   96.40327   96.40327  
176   95.59930   96.39523  
177   94.64465   95.58975  
178   94.64465   94.64465  
179   94.64465   94.64465  
180   94.64465   94.64465  
181   94.64465   94.64465  
182   94.64465   94.64465  
183   94.64465   94.64465  
184   94.43805   94.64258  
185   94.43805   94.43805  
186   93.80695   94.43173  
187   93.80695   93.80695  
188   93.80695   93.80695  
189   93.80695   93.80695  
190   92.87328   93.79689  
191   92.87328   92.87328  
192   92.75984   92.87215  
193   92.75984   92.75984  
194   91.50407   92.74322  
195   91.50407   91.50407  
196   91.50407   91.50407  
197   91.50407   91.50407  
198   91.50407   91.50407  
199   91.50407   91.50407  
200   91.50407   91.50407  
201   91.05241   91.49955  
202   91.05241   91.05241  
203   91.05241   91.05241  
204   91.05241   91.05241  
205   91.05241   91.05241  
206   91.05241   91.05241  
207   91.05241   91.05241  
208   90.29077   91.04479  
209   90.03904   90.28825  
210   90.03904   90.03904  
211   86.53348   90.00398  
212   86.53348   86.53348  
213   86.53348   86.53348  
214   86.53348   86.53348  
215   86.53348   86.53348  
216   86.28175   86.53096  
217   86.28175   86.28175  
218   86.28175   86.28175  
219   86.28175   86.28175  
220   86.02661   86.27920  
221   86.02661   86.02661  
222   85.80019   86.02434  
223   85.80019   85.80019  
224   85.80019   85.80019  
225   85.80019   85.80019  
226   85.80019   85.80019  
227   85.61423   85.79833  
228   85.39858   85.61190  
229   83.94769   85.38407  
230   82.74458   83.93566  
231   82.74458   82.74458  
232   82.56410   82.74278  
233   82.56410   82.56410  
234   82.56410   82.56410  
235   82.56410   82.56410  
236   82.56410   82.56410  
237   82.56410   82.56410  
238   82.56410   82.56410  
239   82.56410   82.56410  
240   82.56410   82.56410  
241   82.56410   82.56410  
242   82.56410   82.56410  
243   82.56410   82.56410  
244   82.56410   82.56410  
245   82.56410   82.56410  
246   82.56410   82.56410  
247   82.56410   82.56410  
248   82.56410   82.56410  
249   82.45770   82.56304  
250   82.45770   82.45770  
251   81.20192   82.43917  
252   81.20192   81.20192  
253   81.20192   81.20192  
254   81.18380   81.20156  
255   81.18380   81.18380  
256   81.18380   81.18380  
257   81.18380   81.18380  
258   81.18380   81.18380  
259   81.18380   81.18380  
260   81.18380   81.18380  
261   81.18380   81.18380  
262   81.18380   81.18380  
263   81.18380   81.18380  
264   81.18380   81.18380  
265   81.18380   81.18380  
266   81.13819   81.18335  
267   80.80786   81.13489  
268   80.80786   80.80786  
269   80.80786   80.80786  
270   80.66649   80.80644  
271   80.66649   80.66649  
272   80.66649   80.66649  
273   80.66649   80.66649  
274   80.66649   80.66649  
275   80.66649   80.66649  
276   80.66649   80.66649  
277   79.38401   80.65367  
278   79.38401   79.38401  
279   79.38401   79.38401  
280   78.91790   79.37874  
281   78.91790   78.91790  
282   78.91790   78.91790  
283   78.91790   78.91790  
284   78.91790   78.91790  
285   78.91790   78.91790  
286   78.91790   78.91790  
287   78.91790   78.91790  
288   78.91790   78.91790  
289   78.91095   78.91783  
290   78.91095   78.91095  
291   78.91095   78.91095  
292   78.91095   78.91095  
293   78.91095   78.91095  
294   78.91095   78.91095  
295   78.91095   78.91095  
296   78.91095   78.91095  
297   78.91095   78.91095  
298   78.91095   78.91095  
299   78.91095   78.91095  
300   78.91095   78.91095  
301   78.91095   78.91095  
302   78.91095   78.91095  
303   78.91095   78.91095  
304   78.91095   78.91095  
305   78.91095   78.91095  
306   78.91095   78.91095  
307   78.91095   78.91095  
308   78.91095   78.91095  
309   78.91095   78.91095  
310   78.91095   78.91095  
311   78.91095   78.91095  
312   78.91095   78.91095  
313   78.91095   78.91095  
314   78.91095   78.91095  
315   78.25388   78.90438  
316   78.25388   78.25388  
317   78.25388   78.25388  
318   78.19667   78.25331  
319   78.19667   78.19667  
320   78.19667   78.19667  
321   76.68002   78.18151  
322   76.66966   76.67992  
323   76.66966   76.66966  
324   76.66966   76.66966  
325   76.66966   76.66966  
326   76.66966   76.66966  
327   76.66966   76.66966  
328   76.66966   76.66966  
329   76.66966   76.66966  
330   76.66966   76.66966  
331   76.40139   76.66698  
332   76.40139   76.40139  
333   76.40139   76.40139  
334   76.40139   76.40139  
335   76.40139   76.40139  
336   76.40139   76.40139  
337   76.40139   76.40139  
338   76.40139   76.40139  
339   76.40139   76.40139  
340   76.40139   76.40139  
341   76.40139   76.40139  
342   76.40139   76.40139  
343   76.40139   76.40139  
344   76.40139   76.40139  
345   76.40139   76.40139  
346   76.40139   76.40139  
347   76.40139   76.40139  
348   76.40139   76.40139  
349   76.40139   76.40139  
350   76.40139   76.40139  
351   76.35531   76.40093  
352   76.35531   76.35531  
353   76.35531   76.35531  
354   76.35531   76.35531  
355   76.35531   76.35531  
356   76.35531   76.35531  
357   76.35531   76.35531  
358   76.35531   76.35531  
359   76.35531   76.35531  
360   75.84122   76.35017  
361   75.84122   75.84122  
362   75.84122   75.84122  
363   75.84122   75.84122  
364   75.84122   75.84122  
365   75.84122   75.84122  
366   75.84122   75.84122  
367   75.84122   75.84122  
368   75.84122   75.84122  
369   75.84122   75.84122  
370   75.84122   75.84122  
371   75.63536   75.83916  
372   75.63536   75.63536  
373   75.63536   75.63536  
374   75.63536   75.63536  
375   75.63536   75.63536  
376   75.63536   75.63536  
377   75.63536   75.63536  
378   75.63536   75.63536  
379   75.63536   75.63536  
380   75.63536   75.63536  
381   75.41994   75.63321  
382   75.41994   75.41994  
383   75.41994   75.41994  
384   75.41994   75.41994  
385   75.41994   75.41994  
386   75.41994   75.41994  
387   75.41994   75.41994  
388   75.41994   75.41994  
389   75.41994   75.41994  
390   75.41994   75.41994  
391   75.41994   75.41994  
392   75.41994   75.41994  
393   75.41994   75.41994  
394   75.41994   75.41994  
395   75.41994   75.41994  
396   75.41994   75.41994  
397   75.40957   75.41983  
398   75.40957   75.40957  
399   75.40957   75.40957  
400   75.40957   75.40957  
401   75.40957   75.40957  
402   75.40957   75.40957  
403   75.40957   75.40957  
404   75.40957   75.40957  
405   75.40957   75.40957  
406   75.40957   75.40957  
407   75.40957   75.40957  
408   75.40957   75.40957  
409   75.40957   75.40957  
410   75.40957   75.40957  
411   75.40957   75.40957  
412   75.40957   75.40957  
413   75.40957   75.40957  
414   75.40957   75.40957  
415   75.08724   75.40635  
416   75.08724   75.08724  
417   75.08724   75.08724  
418   75.08724   75.08724  
419   75.08724   75.08724  
420   75.08724   75.08724  
421   75.08724   75.08724  
422   75.08724   75.08724  
423   75.08724   75.08724  
424   75.08724   75.08724  
425   75.08724   75.08724  
426   75.08724   75.08724  
427   75.08724   75.08724  
428   75.08724   75.08724  
429   75.08724   75.08724  
430   75.08724   75.08724  
431   75.08724   75.08724  
432   75.08724   75.08724  
433   75.08724   75.08724  
434   75.08724   75.08724  
435   75.08724   75.08724  
436   75.08724   75.08724  
437   75.08724   75.08724  
438   75.08724   75.08724  
439   75.08724   75.08724  
440   75.08724   75.08724  
441   75.08724   75.08724  
442   75.08724   75.08724  
443   75.08724   75.08724  
444   75.08724   75.08724  
445   75.08724   75.08724  
446   75.08724   75.08724  
447   75.08724   75.08724  
448   75.08724   75.08724  
449   75.08724   75.08724  
450   75.08724   75.08724  
451   75.02807   75.08665  
452   75.02807   75.02807  
453   75.02807   75.02807  
454   75.02807   75.02807  
455   75.02807   75.02807  
456   75.02807   75.02807  
457   75.02807   75.02807  
458   75.02807   75.02807  
459   75.02807   75.02807  
460   75.02807   75.02807  
461   75.02807   75.02807  
462   75.02807   75.02807  
463   75.02807   75.02807  
464   75.02807   75.02807  
465   75.02807   75.02807  
466   75.02807   75.02807  
467   75.02807   75.02807  
468   75.02807   75.02807  
469   75.02807   75.02807  
470   75.02807   75.02807  
471   75.01771   75.02797  
472   75.01771   75.01771  
473   75.01771   75.01771  
474   75.01771   75.01771  
475   75.01771   75.01771  
476   75.01771   75.01771  
477   75.01771   75.01771  
478   75.01771   75.01771  
479   75.01771   75.01771  
480   75.01771   75.01771  
481   75.01771   75.01771  
482   75.01771   75.01771  
483   75.01771   75.01771  
484   75.01771   75.01771  
485   75.01771   75.01771  
486   75.01771   75.01771  
487   75.01771   75.01771  
488   75.01771   75.01771  
489   74.69538   75.01449  
490   74.69538   74.69538  
491   74.69538   74.69538  
492   74.69538   74.69538  
493   74.69538   74.69538  
494   74.69538   74.69538  
495   74.69538   74.69538  
496   74.69538   74.69538  
497   74.69538   74.69538  
498   74.69538   74.69538  
499   74.69538   74.69538  
