0     455.48389  491.63334 
1     455.48389  491.63334 
2     445.47217  454.88743 
3     434.67228  444.83882 
4     429.17235  434.31708 
5     416.96705  428.67374 
6     410.37215  416.38798 
7     402.42711  410.08135 
8     395.11532  402.14014 
9     390.69446  394.72500 
10    386.78388  390.55750 
11    375.91524  386.39603 
12    359.94743  375.45243 
13    351.80758  359.65282 
14    347.48288  351.60926 
15    342.88023  347.22039 
16    334.50386  342.71500 
17    327.30307  334.09409 
18    322.89231  327.10991 
19    317.55493  322.71187 
20    315.70105  317.49909 
21    305.80993  315.51107 
22    302.88852  305.68487 
23    301.28557  302.85717 
24    298.15659  301.22012 
25    290.96546  297.89168 
26    289.03765  290.91694 
27    286.67083  288.95037 
28    280.32769  286.40781 
29    277.61993  280.23583 
30    274.07595  277.52560 
31    264.33201  273.85281 
32    261.78493  264.28333 
33    257.07687  261.72481 
34    255.57382  257.04283 
35    252.20496  255.50550 
36    250.01233  252.16459 
37    240.77780  249.87778 
38    238.52946  240.72344 
39    237.58331  238.48364 
40    236.70946  237.55471 
41    229.67918  236.62237 
42    226.68469  229.60345 
43    224.68344  226.65935 
44    217.67888  224.56122 
45    215.12021  217.61321 
46    212.44435  215.07735 
47    211.62157  212.42593 
48    210.48214  211.57466 
49    208.51853  210.42160 
50    206.28242  208.47045 
51    198.80958  206.17967 
52    196.15184  198.75008 
53    195.34711  196.12566 
54    194.86194  195.33892 
55    193.40990  194.80487 
56    192.45679  193.38578 
57    189.67207  192.37184 
58    185.84624  189.61199 
59    184.47563  185.81558 
60    183.69971  184.46787 
61    182.13550  183.66333 
62    181.53965  182.12568 
63    180.77451  181.51676 
64    180.12131  180.76141 
65    178.27287  180.06740 
66    177.55811  178.25765 
67    175.53304  177.52880 
68    175.38890  175.53087 
69    169.83685  175.29214 
70    168.21439  169.81990 
71    163.34606  168.16266 
72    163.04163  163.34302 
73    160.31429  162.97947 
74    158.74045  160.28396 
75    157.97363  158.72281 
76    156.46825  157.93417 
77    155.12954  156.43014 
78    154.19257  155.10486 
79    153.02107  154.17292 
80    149.43547  152.97123 
81    148.85885  149.42594 
82    143.18934  148.79340 
83    142.12112  143.16972 
84    141.52616  142.10167 
85    140.52233  141.50227 
86    139.86626  140.50298 
87    138.96962  139.85472 
88    137.50737  138.93777 
89    134.25785  137.46675 
90    133.05172  134.23948 
91    132.48808  133.04080 
92    132.11428  132.48239 
93    130.96795  132.09826 
94    130.65594  130.96483 
95    129.57995  130.63170 
96    128.86540  129.56293 
97    128.31003  128.85329 
98    127.58879  128.29669 
99    126.76963  127.57764 
100   125.87768  126.75517 
101   125.66501  125.87365 
102   125.66501  125.66501 
103   125.16533  125.65818 
104   124.72514  125.15970 
105   123.64619  124.70241 
106   122.25028  123.62630 
107   122.22467  122.25003 
108   122.15589  122.22398 
109   121.23811  122.14403 
110   121.21578  121.23789 
111   121.15844  121.21520 
112   121.05803  121.15743 
113   120.15433  121.04440 
114   119.83724  120.15034 
115   119.64223  119.83389 
116   119.27696  119.63494 
117   117.63076  119.25846 
118   116.94245  117.62185 
119   116.86026  116.94163 
120   115.90950  116.83984 
121   115.90950  115.90950 
122   115.68950  115.90613 
123   115.19981  115.68460 
124   114.20020  115.18981 
125   112.83103  114.18651 
126   112.46848  112.82741 
127   107.84213  112.42222 
128   107.84213  107.84213 
129   106.69076  107.83062 
130   106.52725  106.68798 
131   106.52725  106.52725 
132   106.52725  106.52725 
133   106.49702  106.52694 
134   105.42782  106.48429 
135   105.19923  105.42554 
136   104.96612  105.19690 
137   102.88862  104.94067 
138   102.75916  102.88733 
139   102.23251  102.75186 
140   102.23251  102.23251 
141   102.23251  102.23251 
142   102.01381  102.23032 
143   101.81019  102.00974 
144   101.75458  101.80964 
145   100.87505  101.74579 
146   100.76403  100.87394 
147   100.76403  100.76403 
148   100.15558  100.75795 
149   99.83737   100.15239 
150   99.83737   99.83737  
151   99.83737   99.83737  
152   99.53885   99.83439  
153   99.53885   99.53885  
154   99.40630   99.53675  
155   99.40630   99.40630  
156   99.40630   99.40630  
157   99.40630   99.40630  
158   98.48315   99.39707  
159   98.14887   98.47981  
160   97.67854   98.14417  
161   97.67854   97.67854  
162   97.67854   97.67854  
163   97.34654   97.66836  
164   97.34654   97.34654  
165   96.61056   97.33095  
166   96.61056   96.61056  
167   96.45330   96.60898  
168   96.08636   96.44963  
169   96.07666   96.08626  
170   96.03099   96.07620  
171   95.99160   96.03060  
172   95.99160   95.99160  
173   95.99160   95.99160  
174   95.76727   95.98935  
175   95.74763   95.76707  
176   95.74763   95.74763  
177   95.62138   95.74637  
178   95.24597   95.61762  
179   95.05353   95.24405  
180   93.65453   95.03474  
181   93.63819   93.65437  
182   93.59252   93.63727  
183   93.07780   93.58419  
184   92.67690   93.07379  
185   92.35888   92.67336  
186   91.70475   92.35234  
187   91.59171   91.70358  
188   91.47043   91.59050  
189   91.43194   91.47004  
190   91.43194   91.43194  
191   91.43194   91.43194  
192   91.39984   91.43162  
193   91.10513   91.39689  
194   91.10513   91.10513  
195   91.06916   91.10477  
196   91.06916   91.06916  
197   91.06916   91.06916  
198   91.06916   91.06916  
199   90.85374   91.06701  
200   90.85374   90.85374  
201   90.85374   90.85374  
202   90.85374   90.85374  
203   90.85374   90.85374  
204   90.07967   90.84600  
205   90.07967   90.07967  
206   89.68774   90.07576  
207   89.68774   89.68774  
208   89.37164   89.68402  
209   88.94710   89.36739  
210   88.94710   88.94710  
211   88.94710   88.94710  
212   88.08797   88.93751  
213   88.08797   88.08797  
214   88.03769   88.08747  
215   88.03769   88.03769  
216   88.03769   88.03769  
217   88.03769   88.03769  
218   88.03769   88.03769  
219   88.03769   88.03769  
220   88.03769   88.03769  
221   87.05800   88.02789  
222   87.05800   87.05800  
223   86.97168   87.05628  
224   86.97168   86.97168  
225   86.97168   86.97168  
226   86.91516   86.97112  
227   86.06854   86.90669  
228   86.06854   86.06854  
229   85.79937   86.06585  
230   85.79937   85.79937  
231   85.79937   85.79937  
232   85.39882   85.79330  
233   85.09102   85.39517  
234   85.09102   85.09102  
235   84.88376   85.08895  
236   84.88376   84.88376  
237   84.88376   84.88376  
238   84.55053   84.87488  
239   84.51455   84.55017  
240   83.60220   84.50543  
241   81.93442   83.58552  
242   80.54520   81.92053  
243   80.46211   80.54437  
244   80.32404   80.46073  
245   80.32404   80.32404  
246   80.32404   80.32404  
247   80.32404   80.32404  
248   80.30923   80.32389  
249   80.30923   80.30923  
250   80.30923   80.30923  
251   80.30923   80.30923  
252   80.30923   80.30923  
253   80.30923   80.30923  
254   80.24825   80.30862  
255   80.14527   80.24706  
256   80.14527   80.14527  
257   80.14527   80.14527  
258   80.14527   80.14527  
259   80.14527   80.14527  
260   80.14527   80.14527  
261   80.14527   80.14527  
262   80.14527   80.14527  
263   80.14527   80.14527  
264   80.14527   80.14527  
265   80.14527   80.14527  
266   80.14527   80.14527  
267   80.02826   80.14410  
268   80.02826   80.02826  
269   80.02826   80.02826  
270   80.02826   80.02826  
271   80.02826   80.02826  
272   79.29379   80.02091  
273   79.29379   79.29379  
274   79.29379   79.29379  
275   79.29379   79.29379  
276   79.29379   79.29379  
277   78.57491   79.28660  
278   78.57491   78.57491  
279   78.57491   78.57491  
280   78.56046   78.57477  
281   77.64327   78.55129  
282   77.64327   77.64327  
283   77.64327   77.64327  
284   77.64327   77.64327  
285   77.64327   77.64327  
286   77.64327   77.64327  
287   77.64327   77.64327  
288   77.45994   77.64112  
289   77.45994   77.45994  
290   77.45994   77.45994  
291   77.20162   77.45673  
292   77.20162   77.20162  
293   77.20162   77.20162  
294   77.06356   77.20024  
295   77.06356   77.06356  
296   76.75576   77.06048  
297   76.65279   76.75473  
298   76.53577   76.65162  
299   76.53577   76.53577  
300   76.53577   76.53577  
301   76.53577   76.53577  
302   76.53577   76.53577  
303   76.23679   76.53278  
304   75.89103   76.23333  
305   75.86170   75.89074  
306   75.86170   75.86170  
307   75.85073   75.86159  
308   75.85073   75.85073  
309   75.85073   75.85073  
310   75.85073   75.85073  
311   75.58820   75.84810  
312   75.48637   75.58718  
313   75.48637   75.48637  
314   75.48637   75.48637  
315   75.15383   75.48304  
316   75.15383   75.15383  
317   75.15383   75.15383  
318   75.15383   75.15383  
319   75.15383   75.15383  
320   75.15383   75.15383  
321   74.18439   75.14413  
322   74.18439   74.18439  
323   74.18439   74.18439  
324   74.18439   74.18439  
325   74.18439   74.18439  
326   74.18439   74.18439  
327   74.18439   74.18439  
328   74.18439   74.18439  
329   74.18439   74.18439  
330   74.18439   74.18439  
331   73.72676   74.17981  
332   73.72676   73.72676  
333   73.61989   73.72569  
334   73.61989   73.61989  
335   73.61989   73.61989  
336   73.61989   73.61989  
337   73.61989   73.61989  
338   73.61989   73.61989  
339   73.61989   73.61989  
340   73.61989   73.61989  
341   72.96549   73.61334  
342   72.80202   72.96385  
343   72.80202   72.80202  
344   72.80202   72.80202  
345   72.80202   72.80202  
346   72.80202   72.80202  
347   72.80202   72.80202  
348   72.80202   72.80202  
349   72.80202   72.80202  
350   72.80202   72.80202  
351   72.80202   72.80202  
352   72.80202   72.80202  
353   72.80202   72.80202  
354   72.80202   72.80202  
355   72.80202   72.80202  
356   72.80202   72.80202  
357   72.80202   72.80202  
358   72.80202   72.80202  
359   72.80202   72.80202  
360   72.80202   72.80202  
361   71.73007   72.79130  
362   71.73007   71.73007  
363   71.73007   71.73007  
364   71.73007   71.73007  
365   71.73007   71.73007  
366   71.73007   71.73007  
367   71.73007   71.73007  
368   71.59200   71.72869  
369   71.59200   71.59200  
370   71.59200   71.59200  
371   71.59200   71.59200  
372   71.59200   71.59200  
373   71.59200   71.59200  
374   71.59200   71.59200  
375   71.59200   71.59200  
376   71.59200   71.59200  
377   71.59200   71.59200  
378   71.59200   71.59200  
379   71.59200   71.59200  
380   71.59200   71.59200  
381   70.56146   71.58169  
382   70.56146   70.56146  
383   70.56146   70.56146  
384   70.56146   70.56146  
385   70.56146   70.56146  
386   70.56146   70.56146  
387   70.56146   70.56146  
388   70.56146   70.56146  
389   70.48947   70.56074  
390   70.48947   70.48947  
391   70.48947   70.48947  
392   70.48947   70.48947  
393   70.48947   70.48947  
394   70.48947   70.48947  
395   70.48947   70.48947  
396   70.48947   70.48947  
397   70.48947   70.48947  
398   70.48947   70.48947  
399   70.48947   70.48947  
400   70.48947   70.48947  
401   69.98635   70.48444  
402   69.98635   69.98635  
403   69.98635   69.98635  
404   69.98635   69.98635  
405   69.98635   69.98635  
406   69.98635   69.98635  
407   69.98635   69.98635  
408   69.98635   69.98635  
409   69.98635   69.98635  
410   69.98635   69.98635  
411   69.98635   69.98635  
412   69.98635   69.98635  
413   69.98635   69.98635  
414   69.98635   69.98635  
415   69.98635   69.98635  
416   69.98635   69.98635  
417   69.98635   69.98635  
418   69.98635   69.98635  
419   69.98635   69.98635  
420   69.98635   69.98635  
421   69.38411   69.98033  
422   69.38411   69.38411  
423   69.38411   69.38411  
424   69.38411   69.38411  
425   69.38411   69.38411  
426   69.38411   69.38411  
427   69.38411   69.38411  
428   69.38411   69.38411  
429   69.38411   69.38411  
430   69.38411   69.38411  
431   69.38411   69.38411  
432   69.38411   69.38411  
433   69.38411   69.38411  
434   69.38411   69.38411  
435   69.38411   69.38411  
436   69.38411   69.38411  
437   69.38411   69.38411  
438   69.38411   69.38411  
439   69.38411   69.38411  
440   69.38411   69.38411  
441   69.38411   69.38411  
442   69.38411   69.38411  
443   69.38411   69.38411  
444   69.38411   69.38411  
445   69.38411   69.38411  
446   69.38411   69.38411  
447   69.38411   69.38411  
448   69.38411   69.38411  
449   69.38411   69.38411  
450   69.38411   69.38411  
451   69.01434   69.38041  
452   69.01434   69.01434  
453   69.01434   69.01434  
454   69.01434   69.01434  
455   69.01434   69.01434  
456   69.01434   69.01434  
457   69.01434   69.01434  
458   69.01434   69.01434  
459   69.01434   69.01434  
460   69.01434   69.01434  
461   69.01434   69.01434  
462   69.01434   69.01434  
463   69.01434   69.01434  
464   69.01434   69.01434  
465   69.01434   69.01434  
466   69.01434   69.01434  
467   69.01434   69.01434  
468   69.01434   69.01434  
469   69.01434   69.01434  
470   69.01434   69.01434  
471   69.01434   69.01434  
472   69.01434   69.01434  
473   69.01434   69.01434  
474   69.01434   69.01434  
475   69.01434   69.01434  
476   69.01434   69.01434  
477   69.01434   69.01434  
478   69.01434   69.01434  
479   69.01434   69.01434  
480   69.01434   69.01434  
481   69.01434   69.01434  
482   69.01434   69.01434  
483   69.01434   69.01434  
484   69.01434   69.01434  
485   69.01434   69.01434  
486   69.01434   69.01434  
487   69.01434   69.01434  
488   69.01434   69.01434  
489   69.01434   69.01434  
490   69.01434   69.01434  
491   69.01434   69.01434  
492   69.01434   69.01434  
493   69.01434   69.01434  
494   69.01434   69.01434  
495   69.01434   69.01434  
496   69.01434   69.01434  
497   69.01434   69.01434  
498   69.01434   69.01434  
499   69.01434   69.01434  
