0     455.48389  491.63334 
1     455.48389  491.63334 
2     444.36377  454.89450 
3     436.09228  443.83002 
4     428.52237  435.75889 
5     421.48433  428.15515 
6     408.46029  420.71784 
7     397.59074  408.13337 
8     387.57235  397.35414 
9     379.25855  387.12021 
10    371.93900  378.92501 
11    359.74354  371.36899 
12    353.60035  359.62217 
13    350.91147  353.52743 
14    347.01948  350.69547 
15    340.96338  346.87102 
16    339.18239  340.88081 
17    333.58454  338.95585 
18    329.23919  333.45449 
19    324.50056  329.06203 
20    321.61294  324.41038 
21    316.98023  321.25646 
22    308.95496  316.79619 
23    300.70912  308.73791 
24    299.07926  300.64718 
25    293.79601  298.94339 
26    286.52615  293.53228 
27    284.64033  286.47823 
28    282.99154  284.56901 
29    277.25890  282.78969 
30    275.73927  277.22231 
31    269.27956  275.56293 
32    264.73362  269.10247 
33    261.97352  264.62036 
34    257.97563  261.88901 
35    255.09494  257.89838 
36    253.66029  255.05020 
37    251.04730  253.56227 
38    247.73869  250.95926 
39    243.41291  247.67399 
40    241.32086  243.35576 
41    239.94106  241.26212 
42    237.81340  239.91882 
43    236.06811  237.77741 
44    233.17324  235.99895 
45    231.85057  233.13384 
46    229.66205  231.79099 
47    227.91347  229.61063 
48    227.01085  227.89517 
49    225.70667  226.98634 
50    220.87761  225.60789 
51    216.56720  220.73658 
52    213.60007  216.46502 
53    211.64473  213.55143 
54    210.53603  211.62355 
55    209.19918  210.49703 
56    208.08389  209.18542 
57    205.73013  208.01029 
58    205.36898  205.71993 
59    204.07262  205.35520 
60    196.93443  203.95978 
61    193.49947  196.87752 
62    193.48578  193.49933 
63    193.11416  193.47984 
64    191.28186  193.06689 
65    187.74598  191.23516 
66    183.80790  187.64461 
67    181.68868  183.75767 
68    180.36246  181.64549 
69    177.59453  180.28541 
70    175.93906  177.54454 
71    174.78165  175.88933 
72    172.76506  174.74652 
73    171.98552  172.74006 
74    170.48401  171.95667 
75    169.24058  170.45704 
76    167.97613  169.22401 
77    167.13648  167.95414 
78    166.16718  167.09744 
79    165.12764  166.14885 
80    163.29862  165.08787 
81    162.61737  163.29181 
82    159.75953  162.56616 
83    159.06150  159.74468 
84    158.04546  159.03002 
85    157.79786  158.04291 
86    156.78983  157.78719 
87    155.96890  156.78104 
88    154.35428  155.94623 
89    153.71487  154.34344 
90    153.40765  153.70787 
91    152.69431  153.39897 
92    151.83164  152.68052 
93    151.28975  151.82073 
94    150.99096  151.28195 
95    149.23608  150.97094 
96    148.80246  149.23076 
97    147.97015  148.79252 
98    147.34791  147.95426 
99    146.33954  147.33604 
100   146.33954  146.33954 
101   146.07499  146.33081 
102   145.97694  146.07394 
103   145.83473  145.97552 
104   145.79394  145.83433 
105   145.31702  145.78561 
106   145.31702  145.31702 
107   144.53668  145.30700 
108   144.34749  144.53406 
109   144.34749  144.34749 
110   142.81929  144.32829 
111   142.80965  142.81919 
112   142.25792  142.79656 
113   140.80591  142.22426 
114   140.11473  140.79739 
115   139.49439  140.09920 
116   139.11365  139.48853 
117   138.79449  139.10748 
118   137.61493  138.77090 
119   137.22292  137.60743 
120   136.70612  137.21600 
121   136.70612  136.70612 
122   136.04543  136.69952 
123   133.73703  136.01959 
124   132.98655  133.72417 
125   131.59313  132.96435 
126   131.59313  131.59313 
127   131.41756  131.58962 
128   130.65686  131.40459 
129   129.86752  130.63903 
130   129.14434  129.86029 
131   129.06460  129.14354 
132   129.06460  129.06460 
133   128.86564  129.06062 
134   128.86564  128.86564 
135   126.92784  128.83436 
136   126.32765  126.92184 
137   126.32765  126.32765 
138   126.32765  126.32765 
139   126.03151  126.32247 
140   126.03151  126.03151 
141   125.52643  126.02166 
142   125.33787  125.52455 
143   125.33104  125.33780 
144   123.24841  125.31021 
145   123.24841  123.24841 
146   123.24841  123.24841 
147   121.67402  123.22055 
148   121.45211  121.67181 
149   120.92280  121.44324 
150   119.95849  120.90740 
151   119.38333  119.95274 
152   119.38333  119.38333 
153   119.20132  119.38151 
154   118.84332  119.19774 
155   118.84332  118.84332 
156   118.45588  118.83945 
157   118.33199  118.45465 
158   118.06515  118.32932 
159   117.72957  118.06179 
160   117.72909  117.72957 
161   117.15397  117.71631 
162   117.01757  117.15261 
163   117.01757  117.01757 
164   116.69883  117.01438 
165   115.64684  116.68831 
166   115.55634  115.64593 
167   115.55634  115.55634 
168   115.51665  115.55594 
169   114.78890  115.50937 
170   113.92103  114.78022 
171   113.72847  113.91910 
172   112.87628  113.71511 
173   112.87618  112.87628 
174   112.87618  112.87618 
175   112.87618  112.87618 
176   112.87618  112.87618 
177   111.12290  112.85865 
178   111.12290  111.12290 
179   111.12290  111.12290 
180   111.12290  111.12290 
181   111.11106  111.12278 
182   110.94444  111.10773 
183   110.72034  110.94220 
184   109.95856  110.71272 
185   109.47496  109.95208 
186   108.80276  109.46824 
187   108.28800  108.79761 
188   108.28800  108.28800 
189   107.23966  108.27590 
190   107.23621  107.23963 
191   107.19621  107.23581 
192   107.19621  107.19621 
193   107.19621  107.19621 
194   107.12823  107.19553 
195   107.06386  107.12745 
196   101.53336  107.00853 
197   100.99886  101.52801 
198   100.99886  100.99886 
199   100.33924  100.98849 
200   100.33924  100.33924 
201   99.86782   100.33453 
202   99.48487   99.86144  
203   99.13904   99.48142  
204   99.05247   99.13817  
205   99.05247   99.05247  
206   99.05247   99.05247  
207   97.49747   99.03692  
208   97.49747   97.49747  
209   97.49747   97.49747  
210   97.49747   97.49747  
211   97.49747   97.49747  
212   97.33612   97.49583  
213   96.65266   97.32929  
214   96.65266   96.65266  
215   96.65266   96.65266  
216   96.65266   96.65266  
217   96.65266   96.65266  
218   96.21598   96.64829  
219   95.42631   96.20808  
220   95.17172   95.42376  
221   95.00883   95.17009  
222   95.00883   95.00883  
223   95.00883   95.00883  
224   94.96740   95.00839  
225   94.96740   94.96740  
226   94.96740   94.96740  
227   94.79958   94.96572  
228   94.79958   94.79958  
229   94.79958   94.79958  
230   94.76287   94.79921  
231   94.29874   94.75602  
232   94.29874   94.29874  
233   94.29874   94.29874  
234   94.29874   94.29874  
235   94.29874   94.29874  
236   94.29599   94.29871  
237   94.29599   94.29599  
238   94.29599   94.29599  
239   94.29599   94.29599  
240   94.29599   94.29599  
241   94.29599   94.29599  
242   94.29599   94.29599  
243   94.29599   94.29599  
244   94.20235   94.29505  
245   94.20235   94.20235  
246   94.20235   94.20235  
247   94.13271   94.20165  
248   93.65478   94.12793  
249   93.63666   93.65460  
250   93.20250   93.63232  
251   93.20250   93.20250  
252   93.16964   93.20217  
253   91.20380   93.14998  
254   91.20380   91.20380  
255   91.20380   91.20380  
256   91.20380   91.20380  
257   91.11095   91.20200  
258   91.11095   91.11095  
259   91.11095   91.11095  
260   90.53309   91.10038  
261   90.53309   90.53309  
262   87.92874   90.50705  
263   87.92874   87.92874  
264   87.38198   87.91780  
265   86.90257   87.37240  
266   86.89833   86.90248  
267   86.89833   86.89833  
268   86.89551   86.89827  
269   86.54762   86.89203  
270   86.54762   86.54762  
271   86.54762   86.54762  
272   86.54762   86.54762  
273   86.54762   86.54762  
274   86.54762   86.54762  
275   86.54762   86.54762  
276   86.54762   86.54762  
277   86.27904   86.54493  
278   86.05543   86.27681  
279   86.05543   86.05543  
280   86.05543   86.05543  
281   86.05543   86.05543  
282   86.05543   86.05543  
283   86.05543   86.05543  
284   86.05543   86.05543  
285   86.05543   86.05543  
286   86.05543   86.05543  
287   86.05543   86.05543  
288   85.89185   86.05379  
289   85.89185   85.89185  
290   85.89185   85.89185  
291   85.89185   85.89185  
292   85.89185   85.89185  
293   85.89185   85.89185  
294   85.89185   85.89185  
295   85.89185   85.89185  
296   85.89185   85.89185  
297   85.89185   85.89185  
298   85.89185   85.89185  
299   85.89185   85.89185  
300   85.89185   85.89185  
301   85.89185   85.89185  
302   85.89185   85.89185  
303   85.89185   85.89185  
304   85.89185   85.89185  
305   85.89185   85.89185  
306   85.87400   85.89167  
307   85.82372   85.87349  
308   85.82372   85.82372  
309   85.82372   85.82372  
310   85.82372   85.82372  
311   85.82372   85.82372  
312   85.82372   85.82372  
313   85.82372   85.82372  
314   85.82372   85.82372  
315   85.82372   85.82372  
316   85.82372   85.82372  
317   85.82372   85.82372  
318   85.82372   85.82372  
319   85.32031   85.81868  
320   85.32031   85.32031  
321   85.32031   85.32031  
322   85.32031   85.32031  
323   85.32031   85.32031  
324   85.32031   85.32031  
325   85.32031   85.32031  
326   85.32031   85.32031  
327   85.32031   85.32031  
328   85.32031   85.32031  
329   85.32031   85.32031  
330   85.32031   85.32031  
331   85.11371   85.31825  
332   85.11371   85.11371  
333   85.11371   85.11371  
334   85.11371   85.11371  
335   85.11371   85.11371  
336   85.11371   85.11371  
337   85.11371   85.11371  
338   85.11371   85.11371  
339   85.11371   85.11371  
340   85.11371   85.11371  
341   85.11371   85.11371  
342   85.11371   85.11371  
343   85.11371   85.11371  
344   85.11371   85.11371  
345   83.81829   85.10076  
346   83.81829   83.81829  
347   83.81829   83.81829  
348   83.81829   83.81829  
349   83.81829   83.81829  
350   83.81829   83.81829  
351   83.81829   83.81829  
352   83.81829   83.81829  
353   83.81829   83.81829  
354   83.77268   83.81783  
355   83.77268   83.77268  
356   83.77268   83.77268  
357   83.77268   83.77268  
358   83.77268   83.77268  
359   83.77268   83.77268  
360   83.77268   83.77268  
361   83.77268   83.77268  
362   83.77268   83.77268  
363   83.77268   83.77268  
364   83.77268   83.77268  
365   83.77268   83.77268  
366   83.77268   83.77268  
367   83.77268   83.77268  
368   83.38081   83.76876  
369   83.38081   83.38081  
370   83.38081   83.38081  
371   83.38081   83.38081  
372   83.38081   83.38081  
373   83.38081   83.38081  
374   83.38081   83.38081  
375   83.38081   83.38081  
376   83.38081   83.38081  
377   83.37118   83.38072  
378   83.37118   83.37118  
379   83.37118   83.37118  
380   83.37118   83.37118  
381   83.37118   83.37118  
382   83.37118   83.37118  
383   83.37118   83.37118  
384   83.37118   83.37118  
385   83.37118   83.37118  
386   83.37118   83.37118  
387   83.37118   83.37118  
388   83.37118   83.37118  
389   83.37118   83.37118  
390   83.37118   83.37118  
391   83.37118   83.37118  
392   83.37118   83.37118  
393   83.37118   83.37118  
394   83.37118   83.37118  
395   83.37118   83.37118  
396   83.37118   83.37118  
397   83.37118   83.37118  
398   83.37118   83.37118  
399   83.37118   83.37118  
400   83.37118   83.37118  
401   83.37118   83.37118  
402   83.37118   83.37118  
403   83.37118   83.37118  
404   83.37118   83.37118  
405   83.37118   83.37118  
406   83.37118   83.37118  
407   83.37118   83.37118  
408   83.37118   83.37118  
409   83.37118   83.37118  
410   83.37118   83.37118  
411   83.16149   83.36908  
412   83.16149   83.16149  
413   83.16149   83.16149  
414   83.16149   83.16149  
415   82.65000   83.15181  
416   82.59266   82.64943  
417   82.59266   82.59266  
418   82.59266   82.59266  
419   82.59266   82.59266  
420   82.59266   82.59266  
421   82.59266   82.59266  
422   82.59266   82.59266  
423   82.59266   82.59266  
424   82.59266   82.59266  
425   82.59266   82.59266  
426   82.59266   82.59266  
427   82.59266   82.59266  
428   80.53754   82.57211  
429   80.53754   80.53754  
430   80.43817   80.53655  
431   80.33519   80.43714  
432   80.33519   80.33519  
433   80.33519   80.33519  
434   80.33519   80.33519  
435   80.33519   80.33519  
436   80.21818   80.33402  
437   80.21818   80.21818  
438   80.21818   80.21818  
439   80.21818   80.21818  
440   80.21818   80.21818  
441   80.21818   80.21818  
442   80.21818   80.21818  
443   80.21818   80.21818  
444   80.21818   80.21818  
445   80.21818   80.21818  
446   80.21818   80.21818  
447   80.21818   80.21818  
448   80.21818   80.21818  
449   80.21818   80.21818  
450   80.21818   80.21818  
451   80.21818   80.21818  
452   80.21818   80.21818  
453   79.45133   80.21051  
454   79.45133   79.45133  
455   79.45133   79.45133  
456   79.45133   79.45133  
457   79.45133   79.45133  
458   79.45133   79.45133  
459   79.45133   79.45133  
460   79.45133   79.45133  
461   79.45133   79.45133  
462   79.45133   79.45133  
463   79.45133   79.45133  
464   79.45133   79.45133  
465   79.07567   79.44758  
466   79.07567   79.07567  
467   79.07567   79.07567  
468   79.07567   79.07567  
469   79.07567   79.07567  
470   79.07567   79.07567  
471   79.07567   79.07567  
472   79.07567   79.07567  
473   79.07567   79.07567  
474   79.07567   79.07567  
475   78.81977   79.07311  
476   78.59930   78.81756  
477   78.59930   78.59930  
478   78.59930   78.59930  
479   78.59930   78.59930  
480   78.01333   78.59344  
481   78.01333   78.01333  
482   78.01333   78.01333  
483   78.01333   78.01333  
484   78.01333   78.01333  
485   78.01333   78.01333  
486   78.01333   78.01333  
487   78.01333   78.01333  
488   78.01333   78.01333  
489   78.01333   78.01333  
490   78.01333   78.01333  
491   78.01333   78.01333  
492   78.01333   78.01333  
493   78.01333   78.01333  
494   78.01333   78.01333  
495   78.01333   78.01333  
496   78.01333   78.01333  
497   77.37933   78.00699  
498   77.33097   77.37885  
499   77.26356   77.33029  
