0     455.48389  491.63334 
1     455.48389  491.63334 
2     450.17660  456.18534 
3     442.55367  449.97264 
4     434.28882  442.69092 
5     425.49232  434.18225 
6     408.86788  425.10020 
7     401.77649  411.31157 
8     395.59064  402.74924 
9     388.91253  395.77517 
10    377.73021  389.31409 
11    370.22180  378.84567 
12    367.31377  370.70136 
13    359.27172  367.81965 
14    357.20722  361.48699 
15    353.43047  357.18664 
16    350.31028  353.75157 
17    349.72340  350.87875 
18    345.06699  349.76924 
19    341.52909  345.13922 
20    341.05221  342.05539 
21    336.18952  340.94374 
22    335.28130  336.62655 
23    327.02129  335.02146 
24    320.24756  327.71205 
25    315.20590  321.70263 
26    306.06309  316.13683 
27    303.48373  307.01469 
28    298.61057  303.62595 
29    294.25300  298.65758 
30    290.08674  294.84005 
31    285.12340  290.52374 
32    282.89750  286.00747 
33    277.01546  282.61836 
34    274.81821  277.44428 
35    269.53926  275.01344 
36    267.12822  269.84212 
37    265.10743  267.66848 
38    260.50134  265.29153 
39    258.51823  261.28773 
40    253.12695  258.72186 
41    252.52041  254.18608 
42    249.22320  252.64395 
43    245.46528  249.70915 
44    245.25540  246.03526 
45    243.53747  245.25722 
46    241.44048  243.73053 
47    240.81770  241.73844 
48    235.85244  240.66668 
49    234.47349  236.68196 
50    231.47490  234.86932 
51    230.51775  232.19781 
52    228.50535  230.52420 
53    226.60909  229.11245 
54    225.58682  227.00767 
55    223.68020  225.83490 
56    222.43738  224.28259 
57    219.67796  222.60041 
58    217.32699  220.05444 
59    215.44744  217.46519 
60    214.42518  216.08400 
61    212.51797  214.50925 
62    212.05875  213.28432 
63    207.04989  212.08030 
64    206.62698  209.08015 
65    202.55799  206.71185 
66    201.03641  204.13942 
67    199.02305  201.04930 
68    197.28157  199.86423 
69    197.01149  197.95499 
70    194.40942  196.98657 
71    193.84741  194.89100 
72    192.86300  194.07595 
73    191.90500  193.03695 
74    190.16523  192.18883 
75    190.16523  190.58207 
76    188.94399  190.13908 
77    187.84974  189.24453 
78    186.10845  188.16865 
79    185.79813  186.57943 
80    183.97684  185.85836 
81    183.25592  184.26693 
82    182.34864  183.50388 
83    179.17739  182.54817 
84    178.90409  180.13626 
85    178.30946  178.92220 
86    177.76522  178.38201 
87    177.48693  177.81767 
88    176.74561  177.52529 
89    176.15711  176.87930 
90    174.19396  176.23352 
91    173.86302  174.65981 
92    172.89652  173.95446 
93    172.37866  173.23045 
94    168.26459  172.44420 
95    167.55074  169.52417 
96    166.59158  167.81755 
97    165.56932  166.89938 
98    164.57028  165.75907 
99    163.97696  164.65430 
100   161.59803  164.08479 
101   161.54207  162.03284 
102   158.74174  161.53191 
103   157.77375  159.69331 
104   155.91025  158.08634 
105   155.91025  156.35746 
106   155.30827  155.90249 
107   152.97447  155.47319 
108   152.00648  153.45713 
109   150.54787  152.38095 
110   150.05227  151.18065 
111   148.29362  150.22134 
112   147.46476  148.48876 
113   147.46476  147.69063 
114   146.73767  147.45749 
115   146.39907  147.03564 
116   146.39907  146.54331 
117   145.48425  146.38974 
118   145.20571  145.83669 
119   144.40823  145.31859 
120   143.73064  144.70985 
121   143.09736  143.96010 
122   143.08056  143.29302 
123   141.44821  143.07085 
124   139.30457  142.16261 
125   138.33960  140.25912 
126   138.33960  138.48362 
127   138.23357  138.33781 
128   136.78349  138.24871 
129   136.36535  137.33809 
130   136.36535  136.53640 
131   135.74089  136.35560 
132   134.63063  135.93284 
133   134.59196  134.88801 
134   134.53294  134.60789 
135   134.28599  134.55225 
136   131.95968  134.33951 
137   131.95968  132.86657 
138   131.95968  131.95968 
139   131.12695  131.95135 
140   130.83815  131.46382 
141   130.51338  130.91951 
142   129.71590  130.65027 
143   129.08011  130.06111 
144   129.04351  129.40268 
145   128.91094  129.05926 
146   128.26354  128.94046 
147   128.09438  128.49732 
148   127.72177  128.17420 
149   127.59402  127.85389 
150   127.55261  127.65083 
151   127.19589  127.56944 
152   126.73662  127.35120 
153   126.73662  126.90536 
154   126.43440  126.73349 
155   124.71758  126.56608 
156   124.71758  125.11473 
157   123.04823  124.69407 
158   123.04823  123.61460 
159   122.76488  123.04540 
160   116.59049  122.80213 
161   116.49280  118.61552 
162   116.40003  116.50652 
163   115.95998  116.44016 
164   115.76303  116.12083 
165   115.72099  115.86306 
166   115.38998  115.73290 
167   115.37603  115.46183 
168   115.01215  115.37951 
169   114.26308  115.10075 
170   114.23602  114.39570 
171   113.93482  114.24291 
172   113.67378  114.03650 
173   113.67378  113.76759 
174   113.31311  113.66985 
175   113.28605  113.43477 
176   113.19001  113.29225 
177   113.19001  113.23034 
178   113.10469  113.18851 
179   111.64779  113.10512 
180   111.64779  112.11987 
181   111.01079  111.64142 
182   110.79852  111.31360 
183   110.79852  110.90002 
184   110.19887  110.78818 
185   110.19887  110.37848 
186   109.43723  110.18668 
187   109.39260  109.66934 
188   109.13338  109.40046 
189   109.13338  109.15037 
190   109.13338  109.13338 
191   109.13338  109.13338 
192   109.13338  109.13338 
193   109.13338  109.13338 
194   109.13338  109.13338 
195   109.13338  109.13338 
196   108.91275  109.13117 
197   108.73182  109.01692 
198   108.73182  108.77304 
199   108.73182  108.73182 
200   108.19223  108.72643 
201   108.19223  108.36523 
202   108.19223  108.19223 
203   107.81347  108.18812 
204   107.65782  107.98040 
205   107.65782  107.72787 
206   107.65782  107.65782 
207   107.65782  107.65782 
208   107.65782  107.65782 
209   107.65782  107.65782 
210   107.65782  107.65782 
211   107.35830  107.65358 
212   107.02689  107.45472 
213   107.02689  107.17285 
214   106.99455  107.02657 
215   106.99455  107.00619 
216   106.99455  106.99455 
217   106.99455  106.99455 
218   106.72060  106.99072 
219   106.72060  106.83463 
220   106.10657  106.71446 
221   106.10657  106.37855 
222   106.10657  106.10657 
223   105.87994  106.10430 
224   105.87994  105.98645 
225   105.87994  105.87994 
226   105.24500  105.87326 
227   105.24500  105.43053 
228   105.24500  105.24500 
229   105.24500  105.24500 
230   105.05436  105.24193 
231   105.05436  105.12856 
232   103.53498  105.03129 
233   103.47670  104.07121 
234   102.75132  103.49334 
235   102.75132  102.99934 
236   102.36383  102.74712 
237   102.36383  102.52240 
238   102.33140  102.36351 
239   101.85348  102.33347 
240   101.85348  101.87242 
241   101.43293  101.84811 
242   101.34978  101.54435 
243   101.34978  101.38720 
244   101.23312  101.34861 
245   101.13430  101.27880 
246   100.83099  101.17178 
247   100.83099  100.94960 
248   100.46393  100.82732 
249   100.46393  100.61296 
250   100.01184  100.45941 
251   99.82790   100.20085 
252   99.78014   99.91020  
253   99.59620   99.79454  
254   99.59620   99.68259  
255   99.35665   99.59381  
256   99.35665   99.43416  
257   99.35665   99.35665  
258   99.35665   99.35665  
259   99.35665   99.35665  
260   99.32764   99.35607  
261   99.32764   99.33010  
262   98.69311   99.31891  
263   98.69311   98.90731  
264   97.85366   98.68203  
265   97.85366   98.17018  
266   97.85366   97.85366  
267   97.85366   97.85366  
268   97.58534   97.85097  
269   97.58534   97.70876  
270   97.43086   97.58379  
271   96.69697   97.48854  
272   96.69697   97.01020  
273   96.69697   96.69697  
274   96.54249   96.69510  
275   96.54249   96.61128  
276   96.54249   96.54249  
277   96.48688   96.54193  
278   96.36304   96.50844  
279   95.59523   96.39747  
280   95.59523   95.93487  
281   95.59523   95.59523  
282   95.59523   95.59523  
283   95.59523   95.59523  
284   95.49929   95.59427  
285   95.49929   95.54246  
286   95.49929   95.49929  
287   95.37278   95.49802  
288   95.37278   95.43224  
289   94.97617   95.36881  
290   94.97617   95.17814  
291   94.86976   94.97511  
292   94.83575   94.92229  
293   94.83575   94.85105  
294   94.80332   94.83542  
295   94.80332   94.81661  
296   94.33073   94.79859  
297   94.32927   94.56229  
298   94.27163   94.32931  
299   93.89954   94.29732  
300   93.89954   94.05119  
301   93.89954   93.89954  
302   93.89954   93.89954  
303   93.89954   93.89954  
304   93.89954   93.89954  
305   93.37569   93.89430  
306   93.37569   93.57546  
307   93.37569   93.37569  
308   93.37569   93.37569  
309   93.37569   93.37569  
310   93.18240   93.37375  
311   93.18240   93.28098  
312   92.94215   93.17999  
313   92.94215   93.07909  
314   92.94215   92.94215  
315   92.94215   92.94215  
316   92.94215   92.94215  
317   92.94215   92.94215  
318   92.94215   92.94215  
319   92.94215   92.94215  
320   92.94215   92.94215  
321   92.94215   92.94215  
322   92.94215   92.94215  
323   92.94215   92.94215  
324   92.94215   92.94215  
325   92.94215   92.94215  
326   92.94215   92.94215  
327   92.94215   92.94215  
328   92.85633   92.94129  
329   92.85633   92.90010  
330   92.85633   92.85633  
331   92.85633   92.85633  
332   90.34198   92.82963  
333   90.34198   91.40339  
334   90.34198   90.34198  
335   90.34198   90.34198  
336   90.34198   90.34198  
337   90.34198   90.34198  
338   90.34198   90.34198  
339   89.60407   90.33460  
340   89.60407   89.94706  
341   89.60407   89.60407  
342   89.47110   89.60274  
343   89.18265   89.52716  
344   89.09481   89.31838  
345   89.09481   89.12731  
346   89.09481   89.09481  
347   89.09481   89.09481  
348   89.09481   89.09481  
349   89.09481   89.09481  
350   89.09481   89.09481  
351   89.09481   89.09481  
352   89.09481   89.09481  
353   89.09481   89.09481  
354   88.22344   89.08609  
355   88.22344   88.57994  
356   88.22344   88.22344  
357   88.22344   88.22344  
358   88.22344   88.22344  
359   88.22344   88.22344  
360   88.22344   88.22344  
361   88.22344   88.22344  
362   88.22344   88.22344  
363   87.84648   88.21967  
364   87.84648   88.05758  
365   87.84648   87.84648  
366   87.84648   87.84648  
367   87.75555   87.84557  
368   87.65749   87.79458  
369   87.65749   87.69611  
370   87.64785   87.65740  
371   86.94269   87.64024  
372   86.94269   87.07704  
373   86.42411   86.93751  
374   86.42411   86.67637  
375   86.42411   86.42411  
376   85.38103   86.41368  
377   85.38103   85.82614  
378   85.38103   85.38103  
379   85.38103   85.38103  
380   85.38103   85.38103  
381   84.53158   85.37254  
382   84.52504   84.86497  
383   84.52504   84.52837  
384   84.15611   84.52135  
385   84.15611   84.31536  
386   84.15611   84.15611  
387   84.09877   84.15554  
388   84.09877   84.12285  
389   84.09877   84.09877  
390   83.36684   84.09145  
391   83.36684   83.65179  
392   83.36684   83.36684  
393   83.36684   83.36684  
394   83.36684   83.36684  
395   83.36684   83.36684  
396   83.36684   83.36684  
397   83.36684   83.36684  
398   83.36684   83.36684  
399   83.36684   83.36684  
400   83.36684   83.36684  
401   82.84537   83.36162  
402   82.84537   83.08454  
403   82.84537   82.84537  
404   82.84537   82.84537  
405   82.84537   82.84537  
406   82.84537   82.84537  
407   82.84537   82.84537  
408   82.84537   82.84537  
409   82.84537   82.84537  
410   82.84537   82.84537  
411   82.84537   82.84537  
412   82.84537   82.84537  
413   82.84537   82.84537  
414   82.84537   82.84537  
415   82.84537   82.84537  
416   82.84537   82.84537  
417   82.84537   82.84537  
418   82.84537   82.84537  
419   82.84537   82.84537  
420   82.74240   82.84434  
421   82.74240   82.79080  
422   82.74240   82.74240  
423   82.74240   82.74240  
424   82.74240   82.74240  
425   82.62538   82.74123  
426   82.62538   82.68740  
427   82.62538   82.62538  
428   82.62538   82.62538  
429   82.62538   82.62538  
430   82.62538   82.62538  
431   82.62538   82.62538  
432   82.40135   82.62314  
433   82.40135   82.50748  
434   82.40135   82.40135  
435   82.40135   82.40135  
436   82.40135   82.40135  
437   82.40135   82.40135  
438   82.40135   82.40135  
439   82.40135   82.40135  
440   82.40135   82.40135  
441   82.40135   82.40135  
442   82.40135   82.40135  
443   82.40135   82.40135  
444   82.40135   82.40135  
445   82.40135   82.40135  
446   81.96505   82.39698  
447   81.96505   82.16547  
448   81.96505   81.96505  
449   80.99631   81.95307  
450   80.99631   81.40589  
451   80.99631   80.99631  
452   80.99631   80.99631  
453   80.99631   80.99631  
454   80.68425   80.99318  
455   80.68425   80.84889  
456   80.68425   80.68425  
457   80.68425   80.68425  
458   80.68425   80.68425  
459   80.68425   80.68425  
460   80.68425   80.68425  
461   79.94952   80.67690  
462   79.94952   80.34061  
463   79.94952   79.94952  
464   79.86107   79.94864  
465   79.86107   79.89381  
466   79.86107   79.86107  
467   79.86107   79.86107  
468   79.86107   79.86107  
469   79.86107   79.86107  
470   79.86107   79.86107  
471   79.86107   79.86107  
472   79.86107   79.86107  
473   79.86107   79.86107  
474   79.86107   79.86107  
475   79.86107   79.86107  
476   79.86107   79.86107  
477   79.86107   79.86107  
478   79.86107   79.86107  
479   79.86107   79.86107  
480   79.86107   79.86107  
481   79.86107   79.86107  
482   79.86107   79.86107  
483   79.86107   79.86107  
484   79.86107   79.86107  
485   79.86107   79.86107  
486   79.86107   79.86107  
487   79.86107   79.86107  
488   79.86107   79.86107  
489   79.86107   79.86107  
490   79.86107   79.86107  
491   79.86107   79.86107  
492   79.86107   79.86107  
493   79.86107   79.86107  
494   79.86107   79.86107  
495   79.86107   79.86107  
496   79.86107   79.86107  
497   79.86107   79.86107  
498   79.86107   79.86107  
499   79.86107   79.86107  
