0     455.48389  491.63334 
1     455.48389  491.63334 
2     444.06437  455.13774 
3     434.14217  444.85307 
4     421.29538  434.56233 
5     405.56097  421.21617 
6     397.59631  409.44237 
7     391.34844  397.85997 
8     380.90966  391.28684 
9     371.00973  382.24821 
10    368.90786  373.50390 
11    363.61432  368.92636 
12    362.12869  363.67787 
13    352.59374  361.77030 
14    346.78723  354.20274 
15    339.25011  346.97352 
16    336.95960  341.12859 
17    332.76611  337.04027 
18    326.82215  333.19475 
19    323.25389  328.17413 
20    321.14028  324.19340 
21    319.13363  321.55644 
22    316.84817  319.34650 
23    313.23351  316.74289 
24    307.50408  313.56099 
25    305.38973  309.02839 
26    298.43882  305.61128 
27    289.42760  299.36623 
28    284.25383  293.87643 
29    283.94602  286.12905 
30    281.35483  283.97138 
31    278.64349  281.65186 
32    272.89032  279.05155 
33    272.82051  274.75354 
34    268.03547  272.73167 
35    263.80051  268.68029 
36    261.58283  264.56527 
37    256.35910  261.60505 
38    255.61364  257.59314 
39    252.24047  255.87744 
40    247.04826  252.53768 
41    246.16481  248.62856 
42    244.42567  246.14632 
43    240.55884  244.48371 
44    237.18423  241.77689 
45    234.29629  237.63949 
46    232.52428  235.20625 
47    231.37071  233.29231 
48    231.24549  231.87238 
49    229.35358  231.26089 
50    228.47170  229.64825 
51    227.82949  228.51713 
52    226.97581  228.12670 
53    225.32834  226.98180 
54    225.32474  225.67677 
55    224.24103  225.30673 
56    221.30809  224.41137 
57    220.02592  222.18846 
58    220.02592  220.64772 
59    220.02231  220.02588 
60    218.93261  220.00831 
61    213.79415  219.30222 
62    213.61837  216.13090 
63    211.49453  213.65775 
64    211.49453  212.14371 
65    206.79772  211.41077 
66    206.42699  207.54396 
67    200.28786  206.55655 
68    198.71950  201.92203 
69    198.14934  199.22670 
70    196.27183  198.36039 
71    196.26768  196.48735 
72    193.00089  196.22494 
73    191.47980  193.89613 
74    191.17612  191.98580 
75    189.66356  191.23585 
76    189.31547  190.01454 
77    186.78227  189.41313 
78    186.53491  187.53500 
79    184.33745  186.57693 
80    183.46478  184.66493 
81    183.34746  183.54833 
82    182.19686  183.37106 
83    179.58684  182.69374 
84    176.99300  180.26197 
85    176.21525  177.93729 
86    175.74404  176.35294 
87    173.75920  175.89695 
88    173.32959  174.31391 
89    172.69015  173.49612 
90    172.69015  172.85443 
91    172.09638  172.67719 
92    171.79995  172.13667 
93    170.70799  171.84786 
94    169.98933  171.23510 
95    169.68801  170.32247 
96    169.16001  169.80630 
97    168.59932  169.22035 
98    168.54198  168.72875 
99    167.62148  168.54161 
100   167.62148  167.84210 
101   166.07011  167.57616 
102   163.58982  166.36654 
103   163.56310  164.33842 
104   161.92691  163.55686 
105   161.92691  162.55843 
106   160.89597  161.91422 
107   158.77653  161.26700 
108   158.59602  159.60073 
109   158.06090  158.67589 
110   157.41125  158.19481 
111   157.18851  157.55775 
112   156.85522  157.29898 
113   155.86278  156.98244 
114   154.25544  156.23533 
115   148.77553  154.68484 
116   147.78789  150.57370 
117   146.05004  148.05907 
118   146.05004  146.76345 
119   144.90591  146.03526 
120   144.90591  145.24207 
121   144.15272  144.88791 
122   144.15272  144.30194 
123   143.88655  144.14837 
124   143.27371  143.97894 
125   143.27371  143.58572 
126   143.17711  143.27178 
127   142.88715  143.18617 
128   142.12320  142.88540 
129   141.92756  142.33130 
130   141.08384  142.01326 
131   141.02772  141.24636 
132   140.69443  141.04617 
133   140.15489  140.77234 
134   140.10372  140.30283 
135   140.10372  140.12777 
136   139.97787  140.10030 
137   139.87561  139.98962 
138   139.17223  139.89799 
139   139.06998  139.36368 
140   137.81809  139.09890 
141   137.81809  138.24725 
142   137.81809  137.81809 
143   137.81809  137.81809 
144   135.80732  137.79799 
145   135.80732  136.54258 
146   135.68844  135.80613 
147   135.68844  135.74497 
148   134.21589  135.67371 
149   134.21589  134.81025 
150   134.21589  134.21589 
151   134.21589  134.21589 
152   133.67919  134.21052 
153   133.49438  133.91860 
154   133.47367  133.53375 
155   133.47367  133.48319 
156   133.47367  133.47367 
157   132.84598  133.46739 
158   132.84598  133.15372 
159   132.27569  132.84028 
160   131.97328  132.48543 
161   131.45108  132.03881 
162   131.44454  131.65927 
163   131.08131  131.44342 
164   131.08131  131.22496 
165   130.68520  131.07638 
166   130.53057  130.83612 
167   129.29084  130.56415 
168   128.79258  129.49223 
169   128.79258  128.98415 
170   128.69864  128.79049 
171   127.94277  128.69788 
172   127.94277  128.27113 
173   127.91866  127.94253 
174   127.82475  127.92785 
175   126.36056  127.86416 
176   126.36056  126.80377 
177   126.02716  126.35436 
178   125.75711  126.06700 
179   125.51585  125.88312 
180   125.45470  125.64452 
181   125.18244  125.47640 
182   124.89578  125.21653 
183   124.89578  124.96984 
184   124.69084  124.89373 
185   124.57382  124.77984 
186   124.57382  124.62414 
187   124.57382  124.57382 
188   123.55676  124.56067 
189   123.55676  123.99703 
190   122.74617  123.54865 
191   122.50349  123.09264 
192   122.26973  122.58031 
193   121.68582  122.31201 
194   121.68582  121.88594 
195   121.47488  121.68371 
196   120.54527  121.55500 
197   120.33434  120.87294 
198   120.02354  120.41771 
199   120.02354  120.16897 
200   118.90862  120.01194 
201   118.90862  119.34624 
202   118.90862  118.90862 
203   118.69215  118.90646 
204   118.69215  118.78740 
205   118.69215  118.69215 
206   118.69215  118.69215 
207   118.69215  118.69215 
208   118.69215  118.69215 
209   118.69215  118.69215 
210   118.69215  118.69215 
211   118.69215  118.69215 
212   117.61867  118.68141 
213   117.61867  118.11226 
214   117.39275  117.61641 
215   117.37343  117.48469 
216   117.37343  117.38135 
217   117.03065  117.37000 
218   117.03065  117.17461 
219   116.19250  117.01378 
220   115.86109  116.33311 
221   115.86109  115.93041 
222   115.66824  115.85916 
223   115.14491  115.74702 
224   115.14491  115.28001 
225   114.96159  115.14308 
226   113.84966  115.02024 
227   113.37189  114.07223 
228   113.16047  113.51147 
229   113.16047  113.27996 
230   112.95494  113.15645 
231   112.86795  112.96350 
232   112.86795  112.89839 
233   111.23479  112.84935 
234   111.05146  111.78873 
235   110.84285  111.11988 
236   110.84285  110.93672 
237   110.84285  110.84285 
238   110.65952  110.84102 
239   110.22512  110.71751 
240   110.22512  110.40727 
241   110.22512  110.22512 
242   110.21858  110.22506 
243   110.21858  110.22205 
244   110.21858  110.21858 
245   110.21858  110.21858 
246   109.29820  110.20938 
247   109.29820  109.76679 
248   109.29820  109.29820 
249   109.10116  109.29623 
250   109.00376  109.17212 
251   108.93421  109.01189 
252   108.41353  108.95544 
253   108.41353  108.57200 
254   108.41353  108.41353 
255   108.34842  108.41264 
256   107.61649  108.35955 
257   107.61649  107.78944 
258   107.61649  107.61649 
259   107.41945  107.61452 
260   107.41945  107.51868 
261   107.41945  107.41945 
262   106.95935  107.41485 
263   106.95935  107.23125 
264   106.95935  106.95935 
265   106.95935  106.95935 
266   106.95935  106.95935 
267   106.95935  106.95935 
268   106.95935  106.95935 
269   106.95935  106.95935 
270   106.43638  106.95412 
271   106.43638  106.68594 
272   106.43638  106.43638 
273   105.86127  106.43042 
274   105.86127  106.10055 
275   105.81928  105.86085 
276   105.81928  105.84069 
277   105.79475  105.81903 
278   105.26762  105.80420 
279   105.26762  105.47085 
280   105.26762  105.26762 
281   105.26762  105.26762 
282   105.26762  105.26762 
283   105.22451  105.26719 
284   105.22451  105.24089 
285   105.22451  105.22451 
286   105.22451  105.22451 
287   104.61936  105.21560 
288   104.59815  104.77013 
289   104.59815  104.60876 
290   104.59815  104.59815 
291   104.59815  104.59815 
292   104.57362  104.59791 
293   104.57362  104.58662 
294   104.57362  104.57362 
295   104.57362  104.57362 
296   104.57362  104.57362 
297   104.38077  104.57169 
298   104.38077  104.47334 
299   104.38077  104.38077 
300   103.80844  104.37151 
301   103.02098  103.86366 
302   103.02098  103.30110 
303   101.93930  103.01016 
304   101.93930  102.42643 
305   101.93930  101.93930 
306   101.93930  101.93930 
307   101.93930  101.93930 
308   101.93930  101.93930 
309   101.93930  101.93930 
310   101.93930  101.93930 
311   101.93930  101.93930 
312   101.93930  101.93930 
313   101.93930  101.93930 
314   101.64078  101.93632 
315   101.64078  101.75898 
316   101.57553  101.64013 
317   101.32967  101.60041 
318   101.32967  101.43225 
319   100.47864  101.31100 
320   100.10261  100.69052 
321   100.10261  100.25372 
322   100.03089  100.10189 
323   100.03089  100.05477 
324   100.03089  100.03089 
325   100.03089  100.03089 
326   100.03089  100.03089 
327   100.03089  100.03089 
328   100.03089  100.03089 
329   99.83286   100.02891 
330   99.19852   99.92751  
331   99.19852   99.43505  
332   98.59842   99.19252  
333   98.59842   98.88742  
334   98.30674   98.59551  
335   98.30674   98.46651  
336   98.30674   98.30674  
337   98.30674   98.30674  
338   97.80781   98.30175  
339   97.80781   98.04807  
340   97.80781   97.80781  
341   97.80781   97.80781  
342   97.80781   97.80781  
343   97.80781   97.80781  
344   97.80781   97.80781  
345   97.80781   97.80781  
346   95.49405   97.78453  
347   95.49405   96.30583  
348   91.21603   95.44832  
349   91.21603   92.92164  
350   91.21603   91.21603  
351   89.84570   91.19467  
352   89.84570   90.30959  
353   89.77759   89.84502  
354   89.77759   89.81097  
355   89.77759   89.77759  
356   89.71234   89.77694  
357   89.71234   89.74474  
358   89.05957   89.70581  
359   89.05957   89.32455  
360   89.05957   89.05957  
361   89.05957   89.05957  
362   88.99357   89.05891  
363   88.99357   89.02195  
364   88.99357   88.99357  
365   88.99357   88.99357  
366   88.97545   88.99339  
367   88.73689   88.98122  
368   87.36799   88.83086  
369   87.36799   88.04165  
370   87.36799   87.36799  
371   87.36799   87.36799  
372   86.82169   87.36253  
373   86.59620   87.07000  
374   86.21744   86.66096  
375   86.21744   86.35758  
376   86.21744   86.21744  
377   86.21744   86.21744  
378   86.21744   86.21744  
379   86.21744   86.21744  
380   86.21744   86.21744  
381   85.87263   86.21399  
382   85.29606   86.01513  
383   85.29606   85.55458  
384   85.29606   85.29606  
385   85.29071   85.29601  
386   85.29071   85.29296  
387   85.29071   85.29071  
388   85.29071   85.29071  
389   85.29071   85.29071  
390   85.29071   85.29071  
391   85.29071   85.29071  
392   85.29071   85.29071  
393   85.29071   85.29071  
394   85.29071   85.29071  
395   85.29071   85.29071  
396   85.29071   85.29071  
397   85.29071   85.29071  
398   84.79620   85.28577  
399   84.79620   85.04346  
400   84.79620   84.79620  
401   84.79620   84.79620  
402   84.79620   84.79620  
403   84.79620   84.79620  
404   84.79620   84.79620  
405   84.79620   84.79620  
406   84.79620   84.79620  
407   84.79620   84.79620  
408   84.79620   84.79620  
409   84.79620   84.79620  
410   84.79620   84.79620  
411   84.79620   84.79620  
412   84.79620   84.79620  
413   84.65861   84.79483  
414   84.65861   84.72466  
415   84.65861   84.65861  
416   84.65861   84.65861  
417   84.26263   84.65465  
418   84.26263   84.45181  
419   84.26263   84.26263  
420   84.26263   84.26263  
421   84.24881   84.26249  
422   84.24881   84.25433  
423   84.24881   84.24881  
424   83.38838   84.24020  
425   83.21829   83.73535  
426   83.21829   83.29823  
427   83.21829   83.21829  
428   83.21829   83.21829  
429   83.21829   83.21829  
430   83.21829   83.21829  
431   83.21829   83.21829  
432   83.21829   83.21829  
433   83.21829   83.21829  
434   83.21829   83.21829  
435   83.21829   83.21829  
436   83.21829   83.21829  
437   83.21829   83.21829  
438   83.21829   83.21829  
439   83.21829   83.21829  
440   83.21829   83.21829  
441   83.21829   83.21829  
442   83.21829   83.21829  
443   83.21829   83.21829  
444   83.21829   83.21829  
445   83.21829   83.21829  
446   83.21829   83.21829  
447   83.21829   83.21829  
448   83.21829   83.21829  
449   83.21829   83.21829  
450   83.21829   83.21829  
451   83.21829   83.21829  
452   83.21829   83.21829  
453   83.21829   83.21829  
454   83.21829   83.21829  
455   83.21829   83.21829  
456   83.21829   83.21829  
457   83.21829   83.21829  
458   83.21829   83.21829  
459   83.21829   83.21829  
460   83.21829   83.21829  
461   83.21829   83.21829  
462   83.21829   83.21829  
463   83.21829   83.21829  
464   83.21829   83.21829  
465   83.21829   83.21829  
466   83.21829   83.21829  
467   83.21829   83.21829  
468   83.21829   83.21829  
469   83.21829   83.21829  
470   83.21829   83.21829  
471   83.21829   83.21829  
472   83.21829   83.21829  
473   83.21829   83.21829  
474   83.21829   83.21829  
475   83.21829   83.21829  
476   83.21829   83.21829  
477   83.21829   83.21829  
478   83.21829   83.21829  
479   83.21829   83.21829  
480   83.21829   83.21829  
481   83.21829   83.21829  
482   83.21829   83.21829  
483   83.21829   83.21829  
484   83.21829   83.21829  
485   83.21829   83.21829  
486   83.21829   83.21829  
487   83.21829   83.21829  
488   83.21829   83.21829  
489   83.21829   83.21829  
490   83.21829   83.21829  
491   83.21829   83.21829  
492   83.21829   83.21829  
493   83.21829   83.21829  
494   83.21829   83.21829  
495   83.21829   83.21829  
496   83.21829   83.21829  
497   83.21829   83.21829  
498   82.78849   83.21399  
499   82.70320   82.97133  
