0     455.48389  491.63334 
1     455.48389  491.63334 
2     444.59128  454.83561 
3     435.06681  443.95871 
4     430.91960  434.69586 
5     424.59649  430.51224 
6     413.57427  424.25785 
7     400.81760  413.01291 
8     393.06812  400.48559 
9     387.50991  392.74989 
10    382.92573  387.20423 
11    379.12510  382.73662 
12    374.11649  379.00508 
13    363.48196  373.83452 
14    355.77179  363.07538 
15    344.47353  355.40039 
16    339.40580  344.30902 
17    336.83716  339.25305 
18    334.01595  336.73152 
19    326.85265  333.78501 
20    325.14135  326.79868 
21    320.51145  325.03754 
22    315.78135  320.29905 
23    312.26957  315.55745 
24    307.55252  312.07270 
25    301.21563  307.34563 
26    292.98774  300.91316 
27    288.87712  292.78532 
28    288.66063  288.87172 
29    284.98745  288.51344 
30    278.36363  284.68826 
31    274.39021  278.20751 
32    272.45174  274.30952 
33    269.72039  272.36653 
34    266.31152  269.65348 
35    264.91985  266.25071 
36    262.98238  264.84903 
37    259.87152  262.89396 
38    258.64184  259.84989 
39    254.38041  258.56838 
40    252.65655  254.33364 
41    249.10264  252.57413 
42    245.44211  249.03093 
43    244.66157  245.40722 
44    244.00857  244.63560 
45    241.36830  243.93634 
46    238.14841  241.29056 
47    236.24345  238.08562 
48    232.68807  236.16151 
49    225.57573  232.50626 
50    223.45137  225.52558 
51    222.28490  223.39223 
52    218.99740  222.22788 
53    216.86349  218.93359 
54    215.52087  216.82167 
55    212.35016  215.39602 
56    211.63032  212.32559 
57    210.52360  211.60965 
58    208.91448  210.49493 
59    207.45999  208.86889 
60    201.77336  207.36250 
61    200.34134  201.74056 
62    198.39634  200.26333 
63    194.18214  198.32804 
64    193.26767  194.16259 
65    193.01812  193.26399 
66    188.57792  192.92627 
67    186.84405  188.55154 
68    186.20675  186.82764 
69    185.67984  186.20149 
70    184.68630  185.66016 
71    183.50252  184.66994 
72    182.20233  183.46969 
73    177.70058  182.09036 
74    176.17225  177.67107 
75    175.69313  176.15676 
76    175.35214  175.68882 
77    173.68153  175.32222 
78    170.58727  173.64246 
79    170.30811  170.58282 
80    167.07507  170.24799 
81    166.36965  167.06128 
82    165.85237  166.35948 
83    163.73987  165.79095 
84    162.93506  163.71712 
85    161.76199  162.91007 
86    160.64587  161.73293 
87    159.51598  160.62771 
88    158.51328  159.50596 
89    158.05875  158.50718 
90    157.57823  158.05160 
91    156.92806  157.56616 
92    156.40020  156.91060 
93    154.66331  156.36744 
94    154.20311  154.65618 
95    152.31903  154.17164 
96    152.25234  152.31776 
97    151.87828  152.24715 
98    151.36951  151.86824 
99    150.16037  151.35080 
100   150.07785  150.15954 
101   148.21903  150.05365 
102   148.12429  148.21809 
103   146.87338  148.10888 
104   145.50448  146.84351 
105   144.47486  145.47957 
106   143.65084  144.46278 
107   142.36625  143.62994 
108   139.30231  142.31337 
109   139.30231  139.30231 
110   138.83198  139.29559 
111   138.59009  138.82622 
112   138.56924  138.58988 
113   138.39139  138.56253 
114   138.28496  138.38960 
115   137.59833  138.27810 
116   135.85525  137.58000 
117   134.51640  135.83788 
118   134.48051  134.51604 
119   134.42012  134.47971 
120   133.88744  134.40771 
121   133.28715  133.87598 
122   132.61821  133.27173 
123   132.28677  132.61453 
124   132.28677  132.28677 
125   131.29123  132.27681 
126   131.08994  131.28884 
127   130.41541  131.07627 
128   130.10721  130.40978 
129   129.36976  130.09218 
130   129.14588  129.36752 
131   127.40273  129.12688 
132   127.40273  127.40273 
133   125.53990  127.35906 
134   125.45015  125.53866 
135   125.34286  125.44907 
136   124.80949  125.32931 
137   124.80949  124.80949 
138   123.62950  124.79048 
139   122.94050  123.62153 
140   122.85419  122.93964 
141   122.34421  122.84244 
142   122.12442  122.34174 
143   121.32629  122.11576 
144   121.24949  121.32552 
145   121.13327  121.24818 
146   121.13327  121.13327 
147   120.83264  121.13012 
148   120.83264  120.83264 
149   120.55252  120.82951 
150   119.79390  120.54464 
151   119.14817  119.78716 
152   118.48378  119.14135 
153   117.52660  118.46968 
154   117.51407  117.52648 
155   117.13451  117.51028 
156   117.10153  117.13418 
157   117.10153  117.10153 
158   116.44316  117.09495 
159   115.23558  116.42142 
160   114.25497  115.22375 
161   113.81902  114.24811 
162   113.81902  113.81902 
163   113.79371  113.81877 
164   113.53000  113.79107 
165   112.31914  113.51789 
166   112.13582  112.31731 
167   112.13582  112.13582 
168   112.11770  112.13563 
169   112.07854  112.11731 
170   111.30043  112.06873 
171   111.23198  111.29975 
172   110.80596  111.22772 
173   110.58893  110.80177 
174   109.75304  110.57753 
175   109.55045  109.75101 
176   109.16476  109.54660 
177   108.91495  109.16035 
178   108.91495  108.91495 
179   108.91495  108.91495 
180   108.30930  108.90889 
181   108.30930  108.30930 
182   108.30930  108.30930 
183   108.30930  108.30930 
184   107.38295  108.29482 
185   107.38295  107.38295 
186   107.08610  107.37998 
187   106.97804  107.08394 
188   106.86900  106.97695 
189   106.86900  106.86900 
190   106.81908  106.86850 
191   106.81908  106.81908 
192   106.72427  106.81781 
193   106.72427  106.72427 
194   106.65882  106.72361 
195   106.65882  106.65882 
196   106.65882  106.65882 
197   106.65882  106.65882 
198   106.65882  106.65882 
199   106.65882  106.65882 
200   106.65882  106.65882 
201   106.65882  106.65882 
202   106.65882  106.65882 
203   106.65882  106.65882 
204   106.44474  106.65668 
205   106.44474  106.44474 
206   106.44474  106.44474 
207   106.44474  106.44474 
208   106.44474  106.44474 
209   106.44474  106.44474 
210   106.44474  106.44474 
211   106.44474  106.44474 
212   106.44474  106.44474 
213   106.44474  106.44474 
214   106.44474  106.44474 
215   106.23534  106.44265 
216   106.23534  106.23534 
217   106.23534  106.23534 
218   106.23534  106.23534 
219   106.23534  106.23534 
220   106.23534  106.23534 
221   106.23534  106.23534 
222   106.18625  106.23485 
223   106.18625  106.18625 
224   106.18625  106.18625 
225   106.18625  106.18625 
226   106.18625  106.18625 
227   105.76581  106.18205 
228   105.76581  105.76581 
229   105.38167  105.76197 
230   105.38167  105.38167 
231   105.38167  105.38167 
232   105.38167  105.38167 
233   105.38167  105.38167 
234   105.38167  105.38167 
235   105.38167  105.38167 
236   104.89573  105.37681 
237   97.72441   104.82401 
238   97.72441   97.72441  
239   97.33570   97.72052  
240   97.33570   97.33570  
241   97.33570   97.33570  
242   97.20398   97.33345  
243   96.71836   97.19773  
244   96.71836   96.71836  
245   96.71836   96.71836  
246   96.67770   96.71796  
247   96.67770   96.67770  
248   96.67770   96.67770  
249   96.67770   96.67770  
250   96.67770   96.67770  
251   96.61101   96.67703  
252   96.61101   96.61101  
253   95.58831   96.59324  
254   95.58831   95.58831  
255   95.58831   95.58831  
256   95.10890   95.58320  
257   95.07737   95.10858  
258   95.07737   95.07737  
259   95.07084   95.07731  
260   95.07084   95.07084  
261   95.07084   95.07084  
262   95.00311   95.07016  
263   94.32527   94.99633  
264   94.32527   94.32527  
265   94.32527   94.32527  
266   94.16390   94.32315  
267   94.16390   94.16390  
268   94.16390   94.16390  
269   94.16390   94.16390  
270   92.85254   94.15079  
271   92.85254   92.85254  
272   90.45502   92.82856  
273   90.45502   90.45502  
274   90.45502   90.45502  
275   90.45502   90.45502  
276   89.72464   90.44771  
277   89.70193   89.72442  
278   89.70193   89.70193  
279   89.70193   89.70193  
280   89.70193   89.70193  
281   89.70193   89.70193  
282   89.70193   89.70193  
283   89.70193   89.70193  
284   89.70193   89.70193  
285   89.70193   89.70193  
286   89.68862   89.70180  
287   89.05993   89.68233  
288   89.05993   89.05993  
289   89.05993   89.05993  
290   89.05993   89.05993  
291   89.05993   89.05993  
292   89.05993   89.05993  
293   88.94158   89.05874  
294   88.94158   88.94158  
295   88.94158   88.94158  
296   88.24332   88.93440  
297   87.76507   88.23703  
298   87.76507   87.76507  
299   87.76507   87.76507  
300   87.75958   87.76501  
301   87.48049   87.75679  
302   87.48049   87.48049  
303   87.48049   87.48049  
304   87.48049   87.48049  
305   87.30614   87.47875  
306   87.30614   87.30614  
307   87.26607   87.30574  
308   87.26607   87.26607  
309   87.26607   87.26607  
310   87.26607   87.26607  
311   86.72742   87.26069  
312   86.72742   86.72742  
313   86.66230   86.72676  
314   86.66230   86.66230  
315   86.66230   86.66230  
316   86.66230   86.66230  
317   86.66230   86.66230  
318   86.44690   86.66015  
319   86.44690   86.44690  
320   86.44690   86.44690  
321   86.44690   86.44690  
322   84.75397   86.42875  
323   84.12112   84.74316  
324   84.12112   84.12112  
325   84.12112   84.12112  
326   84.12112   84.12112  
327   84.12112   84.12112  
328   82.90544   84.10896  
329   82.90544   82.90544  
330   82.90544   82.90544  
331   82.90544   82.90544  
332   82.90544   82.90544  
333   82.90544   82.90544  
334   82.76413   82.90391  
335   82.76413   82.76413  
336   82.00249   82.75652  
337   82.00249   82.00249  
338   82.00249   82.00249  
339   82.00249   82.00249  
340   82.00249   82.00249  
341   82.00249   82.00249  
342   81.99160   82.00238  
343   81.99160   81.99160  
344   81.61284   81.98782  
345   81.61284   81.61284  
346   81.61284   81.61284  
347   81.61284   81.61284  
348   81.61284   81.61284  
349   81.61284   81.61284  
350   81.61284   81.61284  
351   81.61284   81.61284  
352   81.13485   81.60806  
353   81.13485   81.13485  
354   81.13485   81.13485  
355   81.13485   81.13485  
356   81.13485   81.13485  
357   81.13485   81.13485  
358   81.13485   81.13485  
359   81.13485   81.13485  
360   81.13485   81.13485  
361   81.13485   81.13485  
362   81.13485   81.13485  
363   80.78330   81.13133  
364   80.78330   80.78330  
365   80.78330   80.78330  
366   80.57464   80.78122  
367   79.95771   80.56847  
368   79.95771   79.95771  
369   79.51971   79.95333  
370   79.35111   79.51803  
371   79.35111   79.35111  
372   79.35111   79.35111  
373   79.35111   79.35111  
374   79.35111   79.35111  
375   79.35111   79.35111  
376   79.35111   79.35111  
377   79.35111   79.35111  
378   79.08638   79.34846  
379   79.08638   79.08638  
380   79.08638   79.08638  
381   79.08638   79.08638  
382   79.08638   79.08638  
383   79.08638   79.08638  
384   79.08638   79.08638  
385   79.08638   79.08638  
386   79.08638   79.08638  
387   79.08638   79.08638  
388   79.08638   79.08638  
389   79.08638   79.08638  
390   79.08638   79.08638  
391   79.08638   79.08638  
392   79.08638   79.08638  
393   79.08638   79.08638  
394   79.08638   79.08638  
395   79.08638   79.08638  
396   79.08638   79.08638  
397   79.08638   79.08638  
398   79.08638   79.08638  
399   79.08638   79.08638  
400   79.08638   79.08638  
401   79.08638   79.08638  
402   79.08638   79.08638  
403   79.08638   79.08638  
404   79.08638   79.08638  
405   79.08638   79.08638  
406   79.08638   79.08638  
407   79.08638   79.08638  
408   79.08638   79.08638  
409   79.08638   79.08638  
410   79.08638   79.08638  
411   79.08638   79.08638  
412   79.08638   79.08638  
413   79.08638   79.08638  
414   79.08638   79.08638  
415   79.08638   79.08638  
416   79.08638   79.08638  
417   79.08638   79.08638  
418   79.08638   79.08638  
419   79.08638   79.08638  
420   79.08638   79.08638  
421   79.08638   79.08638  
422   79.08638   79.08638  
423   78.66706   79.08218  
424   78.66706   78.66706  
425   78.66706   78.66706  
426   78.66706   78.66706  
427   78.66706   78.66706  
428   78.24105   78.66280  
429   78.24105   78.24105  
430   78.24105   78.24105  
431   77.49639   78.23360  
432   77.49639   77.49639  
433   77.37448   77.49517  
434   77.37448   77.37448  
435   77.37448   77.37448  
436   77.37448   77.37448  
437   77.37448   77.37448  
438   76.71042   77.36784  
439   76.46696   76.70682  
440   76.46696   76.46696  
441   76.46696   76.46696  
442   76.46696   76.46696  
443   76.46696   76.46696  
444   76.20841   76.46437  
445   76.20841   76.20841  
446   76.20841   76.20841  
447   76.20841   76.20841  
448   76.20841   76.20841  
449   76.20841   76.20841  
450   75.67301   76.20305  
451   75.67301   75.67301  
452   75.67301   75.67301  
453   75.67301   75.67301  
454   75.67301   75.67301  
455   75.67301   75.67301  
456   75.67301   75.67301  
457   75.67301   75.67301  
458   75.67301   75.67301  
459   75.67301   75.67301  
460   75.67301   75.67301  
461   75.67301   75.67301  
462   75.67301   75.67301  
463   75.67301   75.67301  
464   75.67301   75.67301  
465   75.67301   75.67301  
466   75.67301   75.67301  
467   75.67301   75.67301  
468   75.67301   75.67301  
469   75.67301   75.67301  
470   75.67301   75.67301  
471   75.34628   75.66974  
472   75.09672   75.34378  
473   75.09672   75.09672  
474   75.09672   75.09672  
475   75.09672   75.09672  
476   74.94948   75.09525  
477   74.94948   74.94948  
478   74.94948   74.94948  
479   74.94948   74.94948  
480   74.94948   74.94948  
481   74.87362   74.94873  
482   74.87362   74.87362  
483   74.87362   74.87362  
484   74.87362   74.87362  
485   74.87061   74.87359  
486   74.87061   74.87061  
487   74.87061   74.87061  
488   74.32911   74.86519  
489   74.32911   74.32911  
490   74.32911   74.32911  
491   74.32911   74.32911  
492   74.32911   74.32911  
493   74.32911   74.32911  
494   74.32911   74.32911  
495   74.32911   74.32911  
496   74.32911   74.32911  
497   74.32911   74.32911  
498   74.32911   74.32911  
499   74.32911   74.32911  
