0     455.48389  491.63334 
1     455.48389  491.63334 
2     446.17304  454.73299 
3     430.39103  445.41057 
4     420.37932  429.73366 
5     410.95725  419.80080 
6     401.27388  410.44545 
7     393.51224  400.91968 
8     382.74704  393.10137 
9     375.36318  382.46872 
10    369.70092  375.15359 
11    360.73855  369.48548 
12    355.42481  360.42441 
13    347.55633  355.03530 
14    344.93168  347.44685 
15    341.15991  344.83344 
16    339.71168  341.09989 
17    331.39073  339.34541 
18    324.89875  331.16100 
19    320.28672  324.74709 
20    315.79589  320.17134 
21    313.09487  315.70515 
22    307.28760  312.92550 
23    301.70593  307.14472 
24    297.90597  301.61904 
25    291.62073  297.73572 
26    289.84553  291.56028 
27    289.53594  289.84158 
28    284.84329  289.39771 
29    280.89954  284.73309 
30    275.52190  280.79180 
31    273.37346  275.41431 
32    267.64403  273.21477 
33    265.15278  267.54786 
34    263.41293  265.10330 
35    260.90837  263.30865 
36    259.09546  260.82563 
37    251.62783  258.94545 
38    246.59725  251.49864 
39    245.08052  246.54881 
40    241.91802  245.00817 
41    240.29141  241.87267 
42    238.42926  240.23080 
43    236.42367  238.33764 
44    234.83009  236.36071 
45    231.77614  234.79468 
46    229.75293  231.69202 
47    226.02264  229.64759 
48    223.60240  225.93706 
49    222.12340  223.56316 
50    217.25599  221.97947 
51    216.30339  217.21799 
52    214.45284  216.23544 
53    213.18676  214.42336 
54    212.12528  213.13792 
55    210.73035  212.08338 
56    209.48697  210.68560 
57    207.75823  209.45592 
58    206.01239  207.73342 
59    205.94839  206.01120 
60    204.01885  205.88383 
61    203.43276  204.00313 
62    201.49123  203.35941 
63    198.53805  201.42411 
64    198.29786  198.53457 
65    197.78688  198.27776 
66    197.09274  197.75444 
67    196.30960  197.07683 
68    195.63906  196.29619 
69    193.84956  195.62116 
70    192.95815  193.82317 
71    192.19776  192.94506 
72    191.17421  192.18349 
73    190.75498  191.16026 
74    190.38918  190.74867 
75    189.97127  190.38500 
76    183.65956  189.90625 
77    183.65956  183.65956 
78    182.03403  183.61894 
79    180.02505  182.01394 
80    179.24073  180.01693 
81    174.59039  179.18832 
82    174.22421  174.57648 
83    174.06696  174.22236 
84    172.07754  174.02931 
85    171.13213  172.05346 
86    169.91015  171.11766 
87    168.59455  169.88739 
88    167.53470  168.56785 
89    167.21613  167.52654 
90    165.18630  167.16861 
91    163.94382  165.17045 
92    162.89890  163.93071 
93    162.12721  162.88617 
94    160.62874  162.10839 
95    159.72991  160.61428 
96    159.63487  159.72793 
97    155.49708  159.58993 
98    155.13593  155.49127 
99    154.68317  155.12660 
100   154.54519  154.68152 
101   154.14514  154.53961 
102   153.22208  154.12563 
103   152.22891  153.20688 
104   152.00541  152.22633 
105   151.18289  151.99341 
106   150.04228  151.17142 
107   149.69082  150.03717 
108   149.24326  149.68195 
109   149.11072  149.24013 
110   148.96272  149.10924 
111   148.05500  148.95221 
112   147.52839  148.04566 
113   144.72622  147.47879 
114   142.71300  144.70609 
115   141.82389  142.69522 
116   140.15848  141.80724 
117   139.77874  140.15412 
118   139.11784  139.76829 
119   136.96011  139.07446 
120   135.55287  136.93254 
121   134.28297  135.54017 
122   132.68663  134.24264 
123   131.67155  132.66617 
124   130.71960  131.66153 
125   129.74201  130.70002 
126   129.20595  129.73648 
127   127.89500  129.18069 
128   127.40276  127.89007 
129   126.20932  127.38936 
130   126.12562  126.20848 
131   125.89627  126.12333 
132   125.51906  125.89205 
133   125.10856  125.51320 
134   124.05764  125.09575 
135   122.72907  124.02030 
136   122.27385  122.72452 
137   121.25371  122.26013 
138   121.10712  121.25116 
139   121.06097  121.10666 
140   120.96780  121.05996 
141   120.91752  120.96730 
142   120.91752  120.91752 
143   120.27482  120.90791 
144   119.61523  120.26822 
145   119.61523  119.61523 
146   119.61523  119.61523 
147   119.61523  119.61523 
148   119.61523  119.61523 
149   119.53917  119.61447 
150   119.53917  119.53917 
151   119.09960  119.53470 
152   118.80585  119.09666 
153   118.80585  118.80585 
154   117.78813  118.77392 
155   117.64423  117.78669 
156   117.46866  117.64247 
157   117.06475  117.46462 
158   117.06475  117.06475 
159   117.06475  117.06475 
160   116.71277  117.05807 
161   116.45739  116.71022 
162   116.27224  116.45554 
163   116.11419  116.27066 
164   116.11419  116.11419 
165   116.10691  116.11412 
166   116.10691  116.10691 
167   116.10691  116.10691 
168   115.70581  116.10133 
169   115.45791  115.70277 
170   115.03067  115.45364 
171   114.63232  115.02669 
172   113.79125  114.62390 
173   113.79125  113.79125 
174   113.33744  113.78671 
175   113.19828  113.33604 
176   113.19828  113.19828 
177   113.19828  113.19828 
178   113.19828  113.19828 
179   113.19080  113.19821 
180   113.19080  113.19080 
181   112.43382  113.18059 
182   112.27572  112.43224 
183   111.88266  112.26969 
184   111.41081  111.87795 
185   111.41081  111.41081 
186   110.84799  111.40462 
187   110.84799  110.84799 
188   110.59573  110.84547 
189   110.56025  110.59538 
190   110.56025  110.56025 
191   109.10487  110.54570 
192   108.32557  109.09253 
193   107.73411  108.31567 
194   107.67269  107.73350 
195   107.67269  107.67269 
196   106.11819  107.65715 
197   106.11819  106.11819 
198   106.11819  106.11819 
199   106.11819  106.11819 
200   106.06194  106.11763 
201   106.06194  106.06194 
202   106.06194  106.06194 
203   105.36513  106.05497 
204   105.36513  105.36513 
205   105.36513  105.36513 
206   104.18921  105.34368 
207   103.54762  104.18280 
208   101.77859  103.52993 
209   101.67784  101.77658 
210   101.67784  101.67784 
211   101.67784  101.67784 
212   101.67784  101.67784 
213   101.67784  101.67784 
214   101.67784  101.67784 
215   101.67784  101.67784 
216   101.67784  101.67784 
217   101.59690  101.67703 
218   100.59100  101.58677 
219   100.59100  100.59100 
220   100.59100  100.59100 
221   99.97658   100.58222 
222   99.97658   99.97658  
223   99.97658   99.97658  
224   99.97658   99.97658  
225   99.97658   99.97658  
226   99.71262   99.97394  
227   99.71262   99.71262  
228   99.71262   99.71262  
229   99.71262   99.71262  
230   99.61456   99.71156  
231   99.61456   99.61456  
232   99.45870   99.61300  
233   99.45106   99.45863  
234   99.15777   99.44531  
235   99.03398   99.15653  
236   97.71274   99.02077  
237   97.71274   97.71274  
238   97.71274   97.71274  
239   96.52807   97.68626  
240   96.52807   96.52807  
241   96.52807   96.52807  
242   96.52807   96.52807  
243   96.52153   96.52801  
244   96.52153   96.52153  
245   95.58245   96.51214  
246   95.58245   95.58245  
247   95.58245   95.58245  
248   93.68764   95.55299  
249   93.51609   93.68593  
250   92.25082   93.50344  
251   92.25082   92.25082  
252   92.24533   92.25076  
253   92.03114   92.24319  
254   92.03114   92.03114  
255   92.03114   92.03114  
256   92.03114   92.03114  
257   92.03114   92.03114  
258   92.03114   92.03114  
259   92.03114   92.03114  
260   92.03114   92.03114  
261   92.03114   92.03114  
262   92.03114   92.03114  
263   92.03114   92.03114  
264   92.03114   92.03114  
265   92.03114   92.03114  
266   92.03114   92.03114  
267   92.03114   92.03114  
268   92.03114   92.03114  
269   92.01448   92.03098  
270   92.01448   92.01448  
271   91.87266   92.01195  
272   91.87266   91.87266  
273   91.87266   91.87266  
274   91.68353   91.87077  
275   91.68353   91.68353  
276   91.68353   91.68353  
277   91.68353   91.68353  
278   91.39272   91.68062  
279   91.17396   91.39053  
280   91.17396   91.17396  
281   91.17396   91.17396  
282   91.05694   91.17279  
283   90.55365   91.05190  
284   90.50244   90.55314  
285   90.50244   90.50244  
286   90.50244   90.50244  
287   90.50244   90.50244  
288   90.50244   90.50244  
289   90.50244   90.50244  
290   90.22798   90.49969  
291   90.22798   90.22798  
292   90.22798   90.22798  
293   89.86045   90.22430  
294   89.86045   89.86045  
295   89.86045   89.86045  
296   89.86045   89.86045  
297   89.86045   89.86045  
298   89.86045   89.86045  
299   89.86045   89.86045  
300   89.86045   89.86045  
301   89.86045   89.86045  
302   89.86045   89.86045  
303   89.86045   89.86045  
304   89.86045   89.86045  
305   89.62349   89.85808  
306   89.62349   89.62349  
307   89.62349   89.62349  
308   89.62349   89.62349  
309   89.62349   89.62349  
310   89.62349   89.62349  
311   89.33439   89.62060  
312   89.33439   89.33439  
313   89.33439   89.33439  
314   89.33439   89.33439  
315   89.33439   89.33439  
316   89.33439   89.33439  
317   89.33439   89.33439  
318   89.33439   89.33439  
319   89.33439   89.33439  
320   89.33439   89.33439  
321   89.33439   89.33439  
322   89.33439   89.33439  
323   89.33439   89.33439  
324   89.33439   89.33439  
325   89.33439   89.33439  
326   89.32252   89.33427  
327   89.32252   89.32252  
328   89.32252   89.32252  
329   89.32252   89.32252  
330   89.32252   89.32252  
331   89.32252   89.32252  
332   89.32252   89.32252  
333   89.32252   89.32252  
334   89.32252   89.32252  
335   89.32252   89.32252  
336   89.32252   89.32252  
337   88.80305   89.31733  
338   88.80305   88.80305  
339   88.80305   88.80305  
340   88.80305   88.80305  
341   88.53564   88.80037  
342   88.53564   88.53564  
343   88.31053   88.53114  
344   88.31053   88.31053  
345   87.36881   88.30111  
346   87.28403   87.36797  
347   87.27956   87.28398  
348   87.27956   87.27956  
349   87.27956   87.27956  
350   87.27956   87.27956  
351   86.73454   87.27411  
352   86.73454   86.73454  
353   86.49440   86.73214  
354   86.49440   86.49440  
355   85.83216   86.48778  
356   85.83216   85.83216  
357   85.83216   85.83216  
358   85.83216   85.83216  
359   85.83216   85.83216  
360   85.83216   85.83216  
361   85.83216   85.83216  
362   85.83216   85.83216  
363   85.83216   85.83216  
364   85.67698   85.83061  
365   84.88669   85.65599  
366   84.88669   84.88669  
367   84.45616   84.88238  
368   84.45616   84.45616  
369   84.04637   84.45206  
370   84.04637   84.04637  
371   84.04637   84.04637  
372   84.04637   84.04637  
373   84.04637   84.04637  
374   84.04637   84.04637  
375   84.04637   84.04637  
376   84.04637   84.04637  
377   84.04637   84.04637  
378   84.04637   84.04637  
379   84.04637   84.04637  
380   84.04637   84.04637  
381   84.04637   84.04637  
382   84.04637   84.04637  
383   83.87558   84.04466  
384   83.87558   83.87558  
385   83.87558   83.87558  
386   83.87558   83.87558  
387   83.87558   83.87558  
388   83.87558   83.87558  
389   83.87558   83.87558  
390   83.87558   83.87558  
391   83.87558   83.87558  
392   83.87558   83.87558  
393   83.87558   83.87558  
394   83.71212   83.87395  
395   83.71212   83.71212  
396   83.45653   83.70956  
397   83.02420   83.45221  
398   82.59932   83.01570  
399   82.59932   82.59932  
400   82.59932   82.59932  
401   82.59932   82.59932  
402   82.59932   82.59932  
403   82.59932   82.59932  
404   82.59932   82.59932  
405   82.33828   82.59671  
406   82.33828   82.33828  
407   82.33828   82.33828  
408   81.21644   82.32707  
409   81.21644   81.21644  
410   80.94609   81.21373  
411   80.94609   80.94609  
412   80.94609   80.94609  
413   80.94609   80.94609  
414   80.94609   80.94609  
415   80.94609   80.94609  
416   80.94609   80.94609  
417   80.94609   80.94609  
418   80.94609   80.94609  
419   80.94609   80.94609  
420   80.94609   80.94609  
421   80.94609   80.94609  
422   80.94609   80.94609  
423   80.94609   80.94609  
424   80.94609   80.94609  
425   80.94609   80.94609  
426   80.94609   80.94609  
427   80.94609   80.94609  
428   80.94609   80.94609  
429   80.94609   80.94609  
430   80.94609   80.94609  
431   80.94609   80.94609  
432   80.94609   80.94609  
433   80.94609   80.94609  
434   80.94609   80.94609  
435   80.94609   80.94609  
436   80.94609   80.94609  
437   80.94609   80.94609  
438   80.94609   80.94609  
439   80.94609   80.94609  
440   80.94609   80.94609  
441   80.94609   80.94609  
442   80.94609   80.94609  
443   80.94609   80.94609  
444   80.94609   80.94609  
445   80.94609   80.94609  
446   80.94609   80.94609  
447   80.94609   80.94609  
448   80.94609   80.94609  
449   80.94609   80.94609  
450   80.94609   80.94609  
451   80.94609   80.94609  
452   80.94609   80.94609  
453   80.94609   80.94609  
454   80.94609   80.94609  
455   80.94609   80.94609  
456   80.94609   80.94609  
457   80.94609   80.94609  
458   80.94609   80.94609  
459   80.94609   80.94609  
460   80.94609   80.94609  
461   80.94609   80.94609  
462   80.74233   80.94406  
463   80.74233   80.74233  
464   80.74233   80.74233  
465   80.13078   80.73622  
466   80.13078   80.13078  
467   80.13078   80.13078  
468   79.72549   80.12267  
469   79.72549   79.72549  
470   79.60375   79.72427  
471   79.60375   79.60375  
472   79.60375   79.60375  
473   79.60375   79.60375  
474   79.60375   79.60375  
475   79.60375   79.60375  
476   79.60375   79.60375  
477   79.60375   79.60375  
478   79.60375   79.60375  
479   79.60375   79.60375  
480   79.60375   79.60375  
481   79.60375   79.60375  
482   79.60375   79.60375  
483   79.60375   79.60375  
484   79.60375   79.60375  
485   79.60375   79.60375  
486   79.60375   79.60375  
487   79.60375   79.60375  
488   79.60375   79.60375  
489   79.60375   79.60375  
490   79.60375   79.60375  
491   79.60375   79.60375  
492   79.60375   79.60375  
493   79.60375   79.60375  
494   79.60375   79.60375  
495   79.60375   79.60375  
496   79.60375   79.60375  
497   79.60375   79.60375  
498   79.60375   79.60375  
499   79.60375   79.60375  
