0     33.53818   40.28408  
1     33.53818   40.28408  
2     31.29084   33.84672  
3     30.17527   31.85501  
4     27.44582   30.11733  
5     27.18018   27.74345  
6     26.14529   27.19365  
7     24.67404   26.33882  
8     22.91159   24.92525  
9     21.86556   23.39407  
10    21.07030   22.13949  
11    20.51915   21.13023  
12    20.51239   20.68200  
13    19.24030   20.49683  
14    18.04075   19.51099  
15    18.03076   18.35356  
16    17.53596   18.02124  
17    17.35256   17.58706  
18    17.17979   17.41947  
19    14.83547   17.19640  
20    14.70423   15.62578  
21    14.39256   14.74031  
22    14.39256   14.46962  
23    13.93036   14.38771  
24    13.56450   14.06979  
25    12.53479   13.63284  
26    12.42557   12.79120  
27    12.42170   12.47011  
28    12.42085   12.42290  
29    12.41966   12.42119  
30    12.09350   12.41400  
31    12.07642   12.17677  
32    11.86445   12.08003  
33    11.86445   11.97790  
34    11.61089   11.85997  
35    11.06431   11.67116  
36    11.05309   11.24509  
37    11.03131   11.05764  
38    10.78303   11.03245  
39    10.78303   10.85505  
40    10.28946   10.77768  
41    10.27809   10.43592  
42    10.23952   10.28254  
43    10.23952   10.24961  
44    9.96703    10.23680  
45    9.90200    10.02684  
46    9.73369    9.91603   
47    9.73299    9.78421   
48    9.73061    9.73318   
49    9.73061    9.73168   
50    9.72496    9.73055   
51    9.72496    9.72651   
52    9.11138    9.71269   
53    8.91092    9.27807   
54    8.91092    8.97393   
55    8.90857    8.91089   
56    8.90857    8.90951   
57    8.90857    8.90857   
58    8.81066    8.90759   
59    8.81066    8.84472   
60    8.41404    8.80669   
61    8.40647    8.54855   
62    8.14628    8.40652   
63    7.86209    8.24822   
64    7.86209    7.94563   
65    7.86209    7.86209   
66    7.84041    7.86187   
67    7.84041    7.84865   
68    7.84041    7.84041   
69    7.84041    7.84041   
70    7.84041    7.84041   
71    7.57937    7.83746   
72    7.57937    7.69755   
73    7.57937    7.57937   
74    7.57937    7.57937   
75    7.54531    7.57903   
76    7.54531    7.55927   
77    7.54531    7.54531   
78    7.54531    7.54531   
79    7.54531    7.54531   
80    7.54531    7.54531   
81    7.54531    7.54531   
82    7.54531    7.54531   
83    7.54531    7.54531   
84    7.54531    7.54531   
85    7.54531    7.54531   
86    7.54531    7.54531   
87    7.54531    7.54531   
88    7.54531    7.54531   
89    7.54531    7.54531   
90    7.54531    7.54531   
91    7.54531    7.54531   
92    7.54531    7.54531   
93    7.54531    7.54531   
94    7.54531    7.54531   
95    7.54531    7.54531   
96    7.54531    7.54531   
97    7.54531    7.54531   
98    7.54531    7.54531   
99    7.54531    7.54531   
100   7.54531    7.54531   
101   7.54531    7.54531   
102   7.54531    7.54531   
103   7.54531    7.54531   
104   7.54531    7.54531   
105   7.54531    7.54531   
106   7.54531    7.54531   
107   7.54531    7.54531   
108   7.54531    7.54531   
109   7.54531    7.54531   
110   7.54531    7.54531   
111   7.54531    7.54531   
112   7.54531    7.54531   
113   7.54531    7.54531   
114   7.54531    7.54531   
115   7.54531    7.54531   
116   7.54531    7.54531   
117   7.54531    7.54531   
118   7.54531    7.54531   
119   7.54531    7.54531   
120   7.54531    7.54531   
121   7.54531    7.54531   
122   7.54531    7.54531   
123   7.53760    7.54524   
124   7.53760    7.54084   
125   7.53760    7.53760   
126   7.53760    7.53760   
127   7.53760    7.53760   
128   7.53760    7.53760   
129   7.53760    7.53760   
130   7.53760    7.53760   
131   7.53760    7.53760   
132   7.53760    7.53760   
133   7.53760    7.53760   
134   7.53760    7.53760   
135   7.53760    7.53760   
136   7.53760    7.53760   
137   7.53760    7.53760   
138   7.53760    7.53760   
139   7.53760    7.53760   
140   7.53760    7.53760   
141   7.53760    7.53760   
142   7.53760    7.53760   
143   7.53760    7.53760   
144   7.53760    7.53760   
145   7.53760    7.53760   
146   7.53760    7.53760   
147   7.53760    7.53760   
148   7.53760    7.53760   
149   7.53760    7.53760   
150   7.53760    7.53760   
151   7.53760    7.53760   
152   7.53760    7.53760   
153   7.53760    7.53760   
154   7.53760    7.53760   
155   7.53760    7.53760   
156   7.53760    7.53760   
157   7.53760    7.53760   
158   7.53760    7.53760   
159   7.53760    7.53760   
160   7.53760    7.53760   
161   7.53760    7.53760   
162   7.53760    7.53760   
163   7.53760    7.53760   
164   7.53760    7.53760   
165   7.53760    7.53760   
166   7.53760    7.53760   
167   7.53760    7.53760   
168   7.53760    7.53760   
169   7.53760    7.53760   
170   7.53760    7.53760   
171   7.53760    7.53760   
172   7.53760    7.53760   
173   7.53760    7.53760   
174   7.53760    7.53760   
175   7.53760    7.53760   
176   7.53760    7.53760   
177   7.53760    7.53760   
178   7.53760    7.53760   
179   7.53760    7.53760   
180   7.53760    7.53760   
181   7.53760    7.53760   
182   7.53760    7.53760   
183   7.53760    7.53760   
184   7.53760    7.53760   
185   7.53760    7.53760   
186   7.53760    7.53760   
187   7.53760    7.53760   
188   7.53760    7.53760   
189   7.53760    7.53760   
190   7.53760    7.53760   
191   7.53760    7.53760   
192   7.53760    7.53760   
193   7.53760    7.53760   
194   7.53760    7.53760   
195   7.53760    7.53760   
196   7.53760    7.53760   
197   7.53760    7.53760   
198   7.53760    7.53760   
199   7.53760    7.53760   
200   7.53760    7.53760   
201   7.53760    7.53760   
202   7.53760    7.53760   
203   7.53760    7.53760   
204   7.53760    7.53760   
205   7.53760    7.53760   
206   7.53760    7.53760   
207   7.53760    7.53760   
208   7.53760    7.53760   
209   7.53760    7.53760   
210   7.53760    7.53760   
211   6.24306    7.52465   
212   6.24306    6.67070   
213   6.24306    6.24306   
214   6.24306    6.24306   
215   6.24306    6.24306   
216   6.24306    6.24306   
217   6.24306    6.24306   
218   6.24306    6.24306   
219   6.24306    6.24306   
220   6.24306    6.24306   
221   6.24306    6.24306   
222   6.24306    6.24306   
223   6.24306    6.24306   
224   6.24306    6.24306   
225   6.24306    6.24306   
226   6.24306    6.24306   
227   6.24306    6.24306   
228   6.24306    6.24306   
229   6.24306    6.24306   
230   6.24306    6.24306   
231   6.24306    6.24306   
232   6.24306    6.24306   
233   6.24306    6.24306   
234   6.24306    6.24306   
235   6.24306    6.24306   
236   6.24306    6.24306   
237   6.24306    6.24306   
238   6.24306    6.24306   
239   6.24306    6.24306   
240   6.24306    6.24306   
241   6.24306    6.24306   
242   6.24306    6.24306   
243   6.24306    6.24306   
244   6.24306    6.24306   
245   6.24306    6.24306   
246   6.24306    6.24306   
247   6.24306    6.24306   
248   6.24306    6.24306   
249   6.24306    6.24306   
250   6.24306    6.24306   
251   6.24306    6.24306   
252   6.24306    6.24306   
253   6.24306    6.24306   
254   6.24306    6.24306   
255   6.24306    6.24306   
256   6.24306    6.24306   
257   6.24306    6.24306   
258   6.24306    6.24306   
259   6.24306    6.24306   
260   6.24306    6.24306   
261   6.24306    6.24306   
262   6.24306    6.24306   
263   6.24306    6.24306   
264   6.24306    6.24306   
265   6.24306    6.24306   
266   6.24306    6.24306   
267   6.24306    6.24306   
268   6.24306    6.24306   
269   6.24306    6.24306   
270   6.24306    6.24306   
271   6.24306    6.24306   
272   6.24306    6.24306   
273   6.24306    6.24306   
274   6.24306    6.24306   
275   6.24306    6.24306   
276   6.24306    6.24306   
277   6.24306    6.24306   
278   6.24306    6.24306   
279   6.24306    6.24306   
280   6.24306    6.24306   
281   6.24306    6.24306   
282   6.24306    6.24306   
283   6.24306    6.24306   
284   6.24306    6.24306   
285   6.24306    6.24306   
286   6.24306    6.24306   
287   6.24306    6.24306   
288   6.24306    6.24306   
289   6.24306    6.24306   
290   6.24306    6.24306   
291   6.24306    6.24306   
292   6.24306    6.24306   
293   6.24306    6.24306   
294   6.24306    6.24306   
295   6.24306    6.24306   
296   6.24306    6.24306   
297   6.24306    6.24306   
298   6.24306    6.24306   
299   6.24306    6.24306   
300   6.24306    6.24306   
301   6.24306    6.24306   
302   6.24306    6.24306   
303   6.24306    6.24306   
304   6.24306    6.24306   
305   6.24306    6.24306   
306   6.24306    6.24306   
307   6.24306    6.24306   
308   6.24306    6.24306   
309   6.24306    6.24306   
310   6.24306    6.24306   
311   6.24306    6.24306   
312   6.24306    6.24306   
313   6.24306    6.24306   
314   6.24306    6.24306   
315   6.24306    6.24306   
316   6.24306    6.24306   
317   6.24306    6.24306   
318   6.24306    6.24306   
319   6.24306    6.24306   
320   6.24306    6.24306   
321   6.24306    6.24306   
322   6.24306    6.24306   
323   6.24306    6.24306   
324   6.24306    6.24306   
325   6.24306    6.24306   
326   6.24306    6.24306   
327   6.24306    6.24306   
328   6.24306    6.24306   
329   6.24306    6.24306   
330   6.24306    6.24306   
331   6.24306    6.24306   
332   6.24306    6.24306   
333   6.24306    6.24306   
334   6.24306    6.24306   
335   6.24306    6.24306   
336   6.24306    6.24306   
337   6.24306    6.24306   
338   6.24306    6.24306   
339   6.24306    6.24306   
340   6.24306    6.24306   
341   6.24306    6.24306   
342   6.24306    6.24306   
343   6.24306    6.24306   
344   6.24306    6.24306   
345   6.24306    6.24306   
346   6.24306    6.24306   
347   6.24306    6.24306   
348   6.24306    6.24306   
349   6.24306    6.24306   
350   6.24306    6.24306   
351   6.24306    6.24306   
352   6.24306    6.24306   
353   6.24306    6.24306   
354   6.24306    6.24306   
355   6.24306    6.24306   
356   6.24306    6.24306   
357   6.24306    6.24306   
358   6.24306    6.24306   
359   6.24306    6.24306   
360   6.24306    6.24306   
361   6.24306    6.24306   
362   6.24306    6.24306   
363   6.24306    6.24306   
364   6.24306    6.24306   
365   6.24306    6.24306   
366   6.24306    6.24306   
367   6.24306    6.24306   
368   6.24306    6.24306   
369   6.24306    6.24306   
370   6.24306    6.24306   
371   6.24306    6.24306   
372   6.24306    6.24306   
373   6.24306    6.24306   
374   6.24306    6.24306   
375   6.24306    6.24306   
376   6.24306    6.24306   
377   6.24306    6.24306   
378   6.24306    6.24306   
379   6.24306    6.24306   
380   6.24306    6.24306   
381   6.24306    6.24306   
382   6.24306    6.24306   
383   6.24306    6.24306   
384   6.24306    6.24306   
385   6.24306    6.24306   
386   6.24306    6.24306   
387   6.24306    6.24306   
388   6.24306    6.24306   
389   6.24306    6.24306   
390   6.24306    6.24306   
391   6.24306    6.24306   
392   6.24306    6.24306   
393   6.24306    6.24306   
394   6.24306    6.24306   
395   6.24306    6.24306   
396   6.24306    6.24306   
397   6.24306    6.24306   
398   6.24306    6.24306   
399   6.24306    6.24306   
400   6.24306    6.24306   
401   6.24306    6.24306   
402   6.24306    6.24306   
403   6.24306    6.24306   
404   6.24306    6.24306   
405   6.24306    6.24306   
406   6.24306    6.24306   
407   6.24306    6.24306   
408   6.24306    6.24306   
409   6.24306    6.24306   
410   6.24306    6.24306   
411   6.24306    6.24306   
412   6.24306    6.24306   
413   6.24306    6.24306   
414   6.24306    6.24306   
415   6.24306    6.24306   
416   6.24306    6.24306   
417   6.24306    6.24306   
418   6.24306    6.24306   
419   6.24306    6.24306   
420   6.24306    6.24306   
421   6.24306    6.24306   
422   6.24306    6.24306   
423   6.24306    6.24306   
424   6.24306    6.24306   
425   6.24306    6.24306   
426   6.24306    6.24306   
427   6.24306    6.24306   
428   6.24306    6.24306   
429   6.24306    6.24306   
430   6.24306    6.24306   
431   6.24306    6.24306   
432   6.24306    6.24306   
433   6.24306    6.24306   
434   6.24306    6.24306   
435   6.24306    6.24306   
436   6.24306    6.24306   
437   6.24306    6.24306   
438   6.24306    6.24306   
439   6.24306    6.24306   
440   6.24306    6.24306   
441   6.24306    6.24306   
442   6.24306    6.24306   
443   6.24306    6.24306   
444   6.24306    6.24306   
445   6.24306    6.24306   
446   6.24306    6.24306   
447   6.24306    6.24306   
448   6.24306    6.24306   
449   6.24306    6.24306   
450   6.24306    6.24306   
451   6.24306    6.24306   
452   6.24306    6.24306   
453   6.24306    6.24306   
454   6.24306    6.24306   
455   6.24306    6.24306   
456   6.24306    6.24306   
457   6.24306    6.24306   
458   6.24306    6.24306   
459   6.24306    6.24306   
460   6.24306    6.24306   
461   6.24306    6.24306   
462   6.24306    6.24306   
463   6.24306    6.24306   
464   6.24306    6.24306   
465   6.24306    6.24306   
466   6.24306    6.24306   
467   6.24306    6.24306   
468   6.24306    6.24306   
469   6.24306    6.24306   
470   6.24306    6.24306   
471   6.24306    6.24306   
472   6.24306    6.24306   
473   6.24306    6.24306   
474   6.24306    6.24306   
475   6.24306    6.24306   
476   6.24306    6.24306   
477   6.24306    6.24306   
478   6.24306    6.24306   
479   6.24306    6.24306   
480   6.24306    6.24306   
481   6.24306    6.24306   
482   6.24306    6.24306   
483   6.24306    6.24306   
484   6.24306    6.24306   
485   6.24306    6.24306   
486   6.24306    6.24306   
487   6.24306    6.24306   
488   6.24306    6.24306   
489   6.24306    6.24306   
490   6.24306    6.24306   
491   6.24306    6.24306   
492   6.24306    6.24306   
493   6.24306    6.24306   
494   6.24306    6.24306   
495   6.24306    6.24306   
496   6.24306    6.24306   
497   6.24306    6.24306   
498   6.24306    6.24306   
499   6.24306    6.24306   
