0     455.48389  491.63334 
1     455.48389  491.63334 
2     442.91971  455.10522 
3     431.97497  443.99868 
4     427.57142  432.05732 
5     423.00101  427.62741 
6     410.88065  423.05065 
7     404.27874  411.73533 
8     393.20844  403.90179 
9     386.61355  393.72249 
10    381.91824  386.86681 
11    376.34972  382.95779 
12    367.15167  376.34082 
13    363.41951  368.78476 
14    360.96793  364.03376 
15    356.29553  360.83995 
16    351.67308  357.03568 
17    346.50084  352.06878 
18    343.09542  346.84810 
19    341.16761  343.53117 
20    331.04048  341.24663 
21    331.03192  333.10556 
22    321.09477  330.72400 
23    318.67025  323.12836 
24    311.42554  318.77479 
25    309.14791  311.55828 
26    306.57505  309.84113 
27    304.16851  306.58591 
28    302.61091  304.39020 
29    301.12567  302.61736 
30    299.54946  301.55692 
31    296.59794  299.89537 
32    294.47731  296.66714 
33    292.61759  294.73032 
34    287.24366  292.68217 
35    281.99273  288.36992 
36    275.85994  282.30620 
37    274.00775  276.76328 
38    272.86251  274.16247 
39    266.58796  273.04177 
40    265.86972  268.16673 
41    261.09853  265.96266 
42    259.33350  262.57957 
43    257.75263  259.56726 
44    255.79110  257.76283 
45    254.39077  255.82300 
46    253.65064  254.67539 
47    252.77385  253.78435 
48    251.72257  252.92603 
49    251.53517  251.90876 
50    249.86833  251.50412 
51    248.23349  250.12950 
52    247.19334  248.41778 
53    245.54456  247.23558 
54    245.19079  245.88171 
55    244.99443  245.36737 
56    244.26539  245.05639 
57    242.34682  244.50149 
58    241.91793  242.53337 
59    240.06574  241.92364 
60    237.32076  240.37825 
61    235.45979  238.11608 
62    234.57811  235.99643 
63    231.18535  234.53694 
64    225.56410  231.52073 
65    225.40586  227.41879 
66    221.91256  225.39488 
67    221.72089  222.78417 
68    216.96226  221.68108 
69    216.65914  218.39413 
70    215.70487  216.72489 
71    209.77341  215.73595 
72    209.16153  210.77538 
73    207.96484  209.31921 
74    207.96484  208.29158 
75    207.20989  207.94008 
76    206.87834  207.26511 
77    205.60455  206.96365 
78    204.17674  205.58805 
79    203.60726  204.57823 
80    202.99224  203.68308 
81    202.14777  203.16196 
82    201.42458  202.54896 
83    198.40890  201.49352 
84    197.70499  199.11811 
85    197.70499  198.04991 
86    194.52506  197.63440 
87    191.24004  195.26315 
88    189.84738  192.38658 
89    188.37971  190.12444 
90    187.74538  189.03371 
91    185.36439  187.98260 
92    184.62350  185.75400 
93    184.62276  184.77012 
94    183.59864  184.61286 
95    182.92158  183.90748 
96    181.67574  183.06777 
97    181.67574  182.24336 
98    181.13285  181.66526 
99    179.53369  181.10152 
100   177.71210  179.62367 
101   175.17925  177.87992 
102   173.89177  175.69458 
103   173.69305  174.23132 
104   171.58875  173.70557 
105   170.52144  172.22991 
106   170.31901  170.66171 
107   169.08079  170.39058 
108   165.88482  169.26823 
109   165.06205  166.95977 
110   164.13413  165.35971 
111   163.56799  164.38235 
112   163.56799  163.72027 
113   161.57688  163.53249 
114   161.08940  162.03747 
115   160.36621  161.25943 
116   159.87668  160.63926 
117   159.76645  159.89321 
118   158.76031  159.79746 
119   157.12554  159.02789 
120   156.55137  157.58461 
121   155.87938  156.75118 
122   155.46245  156.03999 
123   155.46245  155.61539 
124   154.04672  155.44265 
125   153.49418  154.29218 
126   152.34311  153.67721 
127   151.41519  152.68811 
128   151.41519  151.66293 
129   150.77503  151.39399 
130   150.40553  150.82231 
131   150.24722  150.51357 
132   150.11904  150.31935 
133   149.60707  150.16776 
134   148.01451  149.75813 
135   146.98949  148.75600 
136   145.38445  147.24903 
137   145.38445  146.02587 
138   145.38445  145.38445 
139   144.85313  145.37914 
140   143.31993  145.01013 
141   140.66725  143.76206 
142   140.35341  141.53800 
143   139.85394  140.48946 
144   139.57620  139.91766 
145   139.57620  139.73174 
146   139.36122  139.57377 
147   135.41618  139.38987 
148   135.41618  136.04854 
149   135.16541  135.41105 
150   134.62744  135.21087 
151   134.17606  134.85868 
152   134.17606  134.33350 
153   134.05763  134.17487 
154   134.05763  134.11684 
155   134.05763  134.05763 
156   133.82368  134.05529 
157   133.82368  133.92428 
158   133.73889  133.82199 
159   133.73889  133.75305 
160   133.31732  133.73467 
161   133.01043  133.52045 
162   133.01043  133.14239 
163   132.05170  132.99822 
164   132.05170  132.47910 
165   132.05170  132.05170 
166   131.61282  132.04731 
167   131.61282  131.83016 
168   129.87404  131.58609 
169   129.70101  130.31222 
170   129.51698  129.77703 
171   129.25913  129.59538 
172   128.26131  129.38324 
173   128.26131  128.74513 
174   128.22498  128.26095 
175   128.22498  128.23842 
176   124.39793  128.18671 
177   123.26883  125.78470 
178   123.09338  123.82161 
179   122.89393  123.16531 
180   122.26264  122.93748 
181   122.00997  122.42687 
182   122.00997  122.11104 
183   121.45603  121.99984 
184   121.45603  121.56941 
185   120.56576  121.44712 
186   120.56576  121.00412 
187   120.38170  120.56392 
188   120.05450  120.44725 
189   118.44004  120.10976 
190   118.37900  119.32773 
191   117.98675  118.39309 
192   115.73184  118.00150 
193   115.73184  116.33795 
194   115.71515  115.73167 
195   115.71515  115.72199 
196   115.11505  115.70820 
197   114.27584  115.30090 
198   113.35629  114.50609 
199   113.35629  113.45164 
200   113.35629  113.35629 
201   113.35629  113.35629 
202   112.84504  113.34632 
203   112.49323  112.96495 
204   112.49323  112.58212 
205   112.43220  112.49237 
206   112.16927  112.44384 
207   111.76880  112.17548 
208   111.67399  111.93827 
209   111.67399  111.71760 
210   111.07389  111.66799 
211   111.07389  111.29788 
212   110.56263  111.06366 
213   110.47269  110.65720 
214   110.47269  110.50876 
215   110.44704  110.47243 
216   110.44704  110.45833 
217   109.10798  110.43290 
218   109.10798  109.70395 
219   109.10798  109.10798 
220   108.00465  109.08995 
221   108.00465  108.26445 
222   108.00465  108.00465 
223   108.00465  108.00465 
224   107.74188  108.00202 
225   107.74188  107.85876 
226   106.77322  107.72471 
227   106.77322  106.98049 
228   106.77322  106.77322 
229   106.77322  106.77322 
230   106.77322  106.77322 
231   106.72689  106.77252 
232   106.72689  106.73745 
233   106.59896  106.72561 
234   106.59131  106.66533 
235   106.05591  106.58922 
236   105.40222  106.27181 
237   105.39914  105.68806 
238   105.39914  105.40086 
239   105.39914  105.39914 
240   105.39914  105.39914 
241   105.39914  105.39914 
242   105.39914  105.39914 
243   104.74897  105.38643 
244   104.04761  104.86214 
245   103.34460  104.28222 
246   102.13916  103.64661 
247   102.13916  102.60665 
248   100.99726  102.12624 
249   100.99726  101.47626 
250   100.99726  100.99726 
251   100.99726  100.99726 
252   98.74556   100.97474 
253   97.89269   99.59570  
254   97.89269   98.28501  
255   97.71221   97.89038  
256   95.21284   97.73276  
257   95.21284   96.21833  
258   95.16256   95.21234  
259   95.16256   95.18669  
260   94.20097   95.14929  
261   93.62794   94.52330  
262   93.62794   93.74851  
263   93.62794   93.62794  
264   93.62794   93.62794  
265   92.97777   93.61972  
266   92.97777   93.20209  
267   92.95114   92.97750  
268   92.76956   92.96068  
269   92.76956   92.85308  
270   92.61508   92.76801  
271   92.61508   92.70313  
272   91.57018   92.60463  
273   91.57018   92.01788  
274   91.57018   91.57018  
275   91.57018   91.57018  
276   90.73346   91.55598  
277   90.62002   91.03075  
278   90.62002   90.66918  
279   90.34096   90.61723  
280   90.00697   90.46039  
281   89.41529   90.17444  
282   89.41529   89.69081  
283   89.13249   89.41246  
284   89.13249   89.23552  
285   89.13249   89.13249  
286   87.80925   89.11312  
287   87.80925   88.14425  
288   87.80925   87.80925  
289   87.19620   87.79852  
290   86.85467   87.38318  
291   86.53976   86.90076  
292   86.53976   86.63540  
293   86.53976   86.53976  
294   86.53976   86.53976  
295   86.53976   86.53976  
296   85.68934   86.53125  
297   85.68934   86.05826  
298   85.57100   85.68816  
299   85.57100   85.62089  
300   84.89142   85.56421  
301   84.41450   85.25937  
302   84.41450   84.58142  
303   84.41450   84.41450  
304   84.41450   84.41450  
305   83.70714   84.40743  
306   82.47395   83.94294  
307   82.47395   82.94835  
308   82.47395   82.47395  
309   82.47395   82.47395  
310   82.47395   82.47395  
311   82.47395   82.47395  
312   82.14918   82.47070  
313   82.14918   82.27258  
314   81.52847   82.14298  
315   81.48890   81.79219  
316   81.48890   81.50948  
317   81.48890   81.48890  
318   81.48890   81.48890  
319   80.94179   81.47796  
320   80.94179   81.01847  
321   80.94179   80.94179  
322   80.94179   80.94179  
323   80.93184   80.94169  
324   80.93184   80.93651  
325   79.82265   80.92075  
326   79.82265   80.23007  
327   79.82265   79.82265  
328   79.82265   79.82265  
329   79.82265   79.82265  
330   79.82265   79.82265  
331   79.82265   79.82265  
332   79.68449   79.82117  
333   79.68449   79.74833  
334   79.67413   79.68439  
335   79.67413   79.67981  
336   79.67413   79.67413  
337   79.67413   79.67413  
338   79.67413   79.67413  
339   79.67413   79.67413  
340   79.67413   79.67413  
341   79.67413   79.67413  
342   79.67413   79.67413  
343   79.67413   79.67413  
344   79.67413   79.67413  
345   79.67413   79.67413  
346   79.67413   79.67413  
347   79.67413   79.67413  
348   79.67413   79.67413  
349   79.67413   79.67413  
350   79.66966   79.67409  
351   79.66966   79.67181  
352   79.66966   79.66966  
353   79.66966   79.66966  
354   79.66966   79.66966  
355   79.66966   79.66966  
356   79.66966   79.66966  
357   79.66966   79.66966  
358   79.66966   79.66966  
359   79.66966   79.66966  
360   79.66966   79.66966  
361   79.66966   79.66966  
362   79.63648   79.66933  
363   79.18038   79.64827  
364   79.18038   79.38211  
365   79.10511   79.17963  
366   79.10511   79.14124  
367   79.10511   79.10511  
368   79.10511   79.10511  
369   79.10511   79.10511  
370   79.10511   79.10511  
371   78.87789   79.10284  
372   78.87789   78.97559  
373   78.87789   78.87789  
374   78.49469   78.87405  
375   78.49469   78.67702  
376   78.33406   78.49308  
377   77.77967   78.40080  
378   77.77967   77.95858  
379   77.77967   77.77967  
380   77.77967   77.77967  
381   77.77967   77.77967  
382   77.61904   77.77806  
383   77.43143   77.70230  
384   77.43143   77.52524  
385   77.43143   77.43143  
386   77.43143   77.43143  
387   77.43143   77.43143  
388   77.43143   77.43143  
389   77.43143   77.43143  
390   77.43143   77.43143  
391   77.43143   77.43143  
392   77.43143   77.43143  
393   77.43143   77.43143  
394   77.43143   77.43143  
395   76.97822   77.42690  
396   76.97822   77.17384  
397   76.97822   76.97822  
398   76.97822   76.97822  
399   76.87533   76.97719  
400   76.47499   76.90745  
401   76.47499   76.55054  
402   76.01769   76.47042  
403   76.01769   76.25049  
404   76.01769   76.01769  
405   76.01769   76.01769  
406   76.01769   76.01769  
407   76.01769   76.01769  
408   76.01769   76.01769  
409   76.01769   76.01769  
410   76.01769   76.01769  
411   76.01769   76.01769  
412   75.96101   76.01712  
413   75.85811   75.98662  
414   75.85811   75.90236  
415   75.85811   75.85811  
416   75.85811   75.85811  
417   75.85811   75.85811  
418   75.85811   75.85811  
419   75.85811   75.85811  
420   75.85811   75.85811  
421   75.85811   75.85811  
422   75.85811   75.85811  
423   75.85811   75.85811  
424   75.85811   75.85811  
425   75.85811   75.85811  
426   75.85811   75.85811  
427   75.85811   75.85811  
428   75.85811   75.85811  
429   75.85811   75.85811  
430   75.85811   75.85811  
431   75.85811   75.85811  
432   75.85811   75.85811  
433   75.85811   75.85811  
434   75.85811   75.85811  
435   75.85811   75.85811  
436   75.85811   75.85811  
437   75.71941   75.85673  
438   75.71941   75.77073  
439   75.71941   75.71941  
440   75.71941   75.71941  
441   75.71941   75.71941  
442   75.71941   75.71941  
443   75.71941   75.71941  
444   75.71941   75.71941  
445   75.71941   75.71941  
446   75.71941   75.71941  
447   75.71941   75.71941  
448   75.71941   75.71941  
449   75.71941   75.71941  
450   75.71941   75.71941  
451   75.71941   75.71941  
452   75.71941   75.71941  
453   75.71941   75.71941  
454   75.71941   75.71941  
455   75.71941   75.71941  
456   75.71941   75.71941  
457   75.71941   75.71941  
458   75.71941   75.71941  
459   75.71941   75.71941  
460   75.71941   75.71941  
461   75.71941   75.71941  
462   75.71941   75.71941  
463   75.71941   75.71941  
464   75.71941   75.71941  
465   75.71941   75.71941  
466   75.71941   75.71941  
467   75.71941   75.71941  
468   75.71941   75.71941  
469   75.71941   75.71941  
470   75.71941   75.71941  
471   75.71941   75.71941  
472   75.71941   75.71941  
473   75.71941   75.71941  
474   75.71941   75.71941  
475   75.71941   75.71941  
476   75.71941   75.71941  
477   75.71941   75.71941  
478   75.71941   75.71941  
479   75.71941   75.71941  
480   75.71941   75.71941  
481   75.71941   75.71941  
482   75.71941   75.71941  
483   75.71941   75.71941  
484   75.71941   75.71941  
485   75.71941   75.71941  
486   75.71941   75.71941  
487   75.71941   75.71941  
488   75.71941   75.71941  
489   75.71941   75.71941  
490   75.71941   75.71941  
491   75.71941   75.71941  
492   75.71941   75.71941  
493   75.71941   75.71941  
494   75.71941   75.71941  
495   75.71941   75.71941  
496   75.71941   75.71941  
497   75.71941   75.71941  
498   75.71941   75.71941  
499   75.71941   75.71941  
