0     455.48389  491.63334 
1     455.48389  491.63334 
2     443.85726  454.83501 
3     435.39000  443.48847 
4     429.50094  435.05724 
5     420.34479  428.72158 
6     417.51719  420.20026 
7     412.18987  417.14776 
8     398.69647  411.40325 
9     391.61603  398.21899 
10    378.12499  391.02283 
11    370.52079  377.92914 
12    362.41464  370.32997 
13    351.06863  362.04923 
14    345.11879  350.92038 
15    339.28848  344.82697 
16    336.33649  339.10539 
17    330.79879  336.15182 
18    326.82905  330.62181 
19    324.80335  326.69535 
20    322.68407  324.69520 
21    320.35768  322.56796 
22    316.24598  320.22389 
23    312.57503  316.07695 
24    310.42757  312.43933 
25    306.42194  310.11634 
26    303.76220  306.21248 
27    293.98760  303.46960 
28    290.64158  293.84576 
29    286.84188  290.50283 
30    281.30768  286.64287 
31    275.44915  281.04722 
32    270.94301  275.21947 
33    269.61327  270.84873 
34    267.00544  269.48267 
35    262.91756  266.85114 
36    259.50145  262.79234 
37    257.28606  259.41856 
38    249.96088  257.10957 
39    247.21978  249.87726 
40    246.01841  247.17770 
41    243.40933  245.96159 
42    242.10656  243.36850 
43    237.81699  242.03797 
44    232.33773  237.61120 
45    229.89100  232.23979 
46    227.14675  229.81443 
47    225.77315  227.10931 
48    217.13303  225.64956 
49    215.24026  217.06030 
50    209.91994  215.08912 
51    205.36266  209.86388 
52    202.98019  205.29627 
53    201.34060  202.93411 
54    199.54868  201.29199 
55    198.35603  199.51453 
56    197.39758  198.33769 
57    194.69173  197.30224 
58    190.25559  194.61164 
59    188.83021  190.21306 
60    187.97348  188.81899 
61    186.72092  187.94345 
62    186.15179  186.70978 
63    185.46904  186.12452 
64    183.43937  185.41178 
65    183.09479  183.43353 
66    182.72166  183.08551 
67    180.90534  182.69145 
68    179.43175  180.85720 
69    178.17593  179.39536 
70    176.08382  178.14882 
71    175.33119  176.06661 
72    174.58741  175.31247 
73    174.11524  174.57846 
74    173.66301  174.10511 
75    173.30859  173.65577 
76    169.51037  173.26819 
77    168.75200  169.49399 
78    168.68804  168.75102 
79    167.09571  168.66672 
80    166.64909  167.08694 
81    163.90483  166.60838 
82    162.46717  163.87056 
83    162.46717  162.46717 
84    161.03426  162.44031 
85    159.67375  161.00323 
86    159.05371  159.66006 
87    157.44092  159.02112 
88    156.87110  157.42434 
89    156.87110  156.87110 
90    156.10620  156.85909 
91    156.10620  156.10620 
92    155.46961  156.09298 
93    154.66812  155.45548 
94    154.34565  154.66359 
95    153.20714  154.33246 
96    152.73884  153.19777 
97    151.47387  152.71866 
98    150.37431  151.45956 
99    150.37431  150.37431 
100   149.60864  150.36410 
101   149.50597  149.60735 
102   149.32634  149.50266 
103   147.55864  149.30392 
104   145.24860  147.53288 
105   137.00864  145.15548 
106   133.79578  136.96183 
107   132.95602  133.78422 
108   131.98824  132.94148 
109   130.64056  131.97326 
110   129.90168  130.62852 
111   129.09026  129.89131 
112   129.09026  129.09026 
113   128.66137  129.08485 
114   127.68289  128.65159 
115   125.76690  127.64851 
116   125.76690  125.76690 
117   125.76690  125.76690 
118   125.76690  125.76690 
119   125.36220  125.75988 
120   124.29121  125.34385 
121   123.86699  124.28624 
122   123.86699  123.86699 
123   123.52370  123.86313 
124   123.41220  123.52251 
125   123.24893  123.40856 
126   122.83956  123.24483 
127   122.59931  122.83716 
128   122.55702  122.59889 
129   122.55702  122.55702 
130   120.85068  122.53736 
131   120.32637  120.83909 
132   120.32637  120.32637 
133   120.19149  120.32502 
134   119.82405  120.18509 
135   119.56444  119.82139 
136   119.56444  119.56444 
137   119.02363  119.55678 
138   118.67276  119.02012 
139   118.07803  118.66674 
140   117.85291  118.07571 
141   117.65225  117.85091 
142   117.65225  117.65225 
143   117.15399  117.64727 
144   117.15399  117.15399 
145   117.15399  117.15399 
146   112.32676  117.10572 
147   111.98704  112.32274 
148   111.98704  111.98704 
149   110.31434  111.96847 
150   110.31434  110.31434 
151   110.31434  110.31434 
152   110.31434  110.31434 
153   109.82790  110.30650 
154   108.85573  109.81318 
155   108.85573  108.85573 
156   108.85573  108.85573 
157   108.08890  108.84806 
158   108.07078  108.08872 
159   107.57033  108.06578 
160   107.50831  107.56971 
161   107.50831  107.50831 
162   107.50831  107.50831 
163   107.50831  107.50831 
164   107.50831  107.50831 
165   107.50831  107.50831 
166   106.80898  107.50131 
167   106.80898  106.80898 
168   106.25746  106.80196 
169   105.84897  106.25242 
170   104.72117  105.83326 
171   104.72117  104.72117 
172   104.67773  104.72073 
173   104.66059  104.67756 
174   104.29108  104.65690 
175   103.89266  104.28710 
176   103.89266  103.89266 
177   103.60460  103.88978 
178   103.11426  103.59970 
179   103.11426  103.11426 
180   103.04061  103.11352 
181   102.77187  103.03792 
182   101.98525  102.75613 
183   101.98525  101.98525 
184   101.96316  101.98503 
185   101.96316  101.96316 
186   101.59417  101.95947 
187   101.59417  101.59417 
188   101.52029  101.59343 
189   100.25801  101.50767 
190   100.25801  100.25801 
191   100.25801  100.25801 
192   100.25801  100.25801 
193   100.25801  100.25801 
194   100.25801  100.25801 
195   100.25801  100.25801 
196   99.85914   100.25402 
197   99.36299   99.84804  
198   98.48570   99.35009  
199   98.06292   98.48147  
200   98.06292   98.06292  
201   97.52636   98.05755  
202   97.47287   97.52583  
203   97.37686   97.47191  
204   97.37686   97.37686  
205   96.89279   97.37201  
206   96.53115   96.88764  
207   96.11323   96.52237  
208   96.11323   96.11323  
209   96.11323   96.11323  
210   96.06351   96.11273  
211   95.75767   96.05944  
212   93.71548   95.73724  
213   92.93553   93.70768  
214   92.89163   92.93509  
215   92.89163   92.89163  
216   92.56580   92.88837  
217   92.46463   92.56478  
218   91.64328   92.45115  
219   91.64328   91.64328  
220   91.28128   91.63647  
221   90.49500   91.27342  
222   90.04333   90.48429  
223   89.72475   90.03933  
224   89.54919   89.72300  
225   89.46825   89.54838  
226   89.46825   89.46825  
227   89.41912   89.46776  
228   89.23046   89.41723  
229   89.23046   89.23046  
230   89.23046   89.23046  
231   89.22997   89.23046  
232   89.22997   89.22997  
233   89.22997   89.22997  
234   89.13692   89.22863  
235   89.09517   89.13650  
236   88.33417   89.07906  
237   88.31133   88.33394  
238   88.12001   88.30942  
239   88.12001   88.12001  
240   88.12001   88.12001  
241   88.12001   88.12001  
242   88.12001   88.12001  
243   88.07858   88.11960  
244   87.09608   88.06875  
245   87.09608   87.09608  
246   87.09608   87.09608  
247   86.99929   87.09512  
248   86.99929   86.99929  
249   86.99929   86.99929  
250   86.99929   86.99929  
251   86.99929   86.99929  
252   86.82048   86.99750  
253   86.64949   86.81877  
254   86.64949   86.64949  
255   86.64949   86.64949  
256   86.64304   86.64943  
257   86.64304   86.64304  
258   86.64304   86.64304  
259   86.51289   86.64174  
260   86.51289   86.51289  
261   86.51289   86.51289  
262   86.51289   86.51289  
263   86.51289   86.51289  
264   86.41202   86.51188  
265   86.41202   86.41202  
266   85.54290   86.40318  
267   85.54290   85.54290  
268   85.32091   85.54068  
269   85.02643   85.31502  
270   85.02643   85.02643  
271   84.65095   85.01933  
272   84.65095   84.65095  
273   84.65095   84.65095  
274   84.65095   84.65095  
275   84.24051   84.64685  
276   84.01237   84.23822  
277   84.01237   84.01237  
278   84.01237   84.01237  
279   84.01237   84.01237  
280   84.01237   84.01237  
281   84.01237   84.01237  
282   83.80363   84.01029  
283   83.80363   83.80363  
284   83.80363   83.80363  
285   83.80363   83.80363  
286   83.80363   83.80363  
287   83.80363   83.80363  
288   83.80363   83.80363  
289   83.80363   83.80363  
290   83.80363   83.80363  
291   83.80363   83.80363  
292   83.80363   83.80363  
293   83.80363   83.80363  
294   83.70752   83.80267  
295   83.07319   83.70118  
296   83.07319   83.07319  
297   83.07319   83.07319  
298   83.07319   83.07319  
299   83.07319   83.07319  
300   83.07319   83.07319  
301   83.07319   83.07319  
302   83.07319   83.07319  
303   83.07319   83.07319  
304   82.73835   83.06984  
305   82.63375   82.73731  
306   82.63375   82.63375  
307   82.59369   82.63335  
308   82.33361   82.59109  
309   82.33361   82.33361  
310   82.33361   82.33361  
311   82.20132   82.33229  
312   82.19262   82.20123  
313   82.19262   82.19262  
314   82.19262   82.19262  
315   82.19262   82.19262  
316   82.19262   82.19262  
317   82.19262   82.19262  
318   82.19262   82.19262  
319   82.19262   82.19262  
320   82.19262   82.19262  
321   82.19262   82.19262  
322   82.19262   82.19262  
323   82.19262   82.19262  
324   82.19262   82.19262  
325   82.19262   82.19262  
326   82.19262   82.19262  
327   82.19262   82.19262  
328   82.19262   82.19262  
329   82.19262   82.19262  
330   82.19262   82.19262  
331   82.19262   82.19262  
332   82.19262   82.19262  
333   82.19262   82.19262  
334   82.19262   82.19262  
335   82.19262   82.19262  
336   82.19262   82.19262  
337   82.19262   82.19262  
338   82.19262   82.19262  
339   82.19262   82.19262  
340   82.19262   82.19262  
341   82.19262   82.19262  
342   82.19262   82.19262  
343   82.19262   82.19262  
344   82.19262   82.19262  
345   82.19262   82.19262  
346   82.19262   82.19262  
347   82.19262   82.19262  
348   82.19262   82.19262  
349   82.19262   82.19262  
350   82.19262   82.19262  
351   82.19262   82.19262  
352   82.19262   82.19262  
353   82.19262   82.19262  
354   82.19262   82.19262  
355   82.19262   82.19262  
356   82.19262   82.19262  
357   82.19262   82.19262  
358   82.19262   82.19262  
359   82.19262   82.19262  
360   82.19262   82.19262  
361   82.19262   82.19262  
362   82.19262   82.19262  
363   82.19262   82.19262  
364   82.19262   82.19262  
365   82.19262   82.19262  
366   82.19262   82.19262  
367   82.19262   82.19262  
368   82.19262   82.19262  
369   82.19262   82.19262  
370   82.19262   82.19262  
371   82.19262   82.19262  
372   82.19262   82.19262  
373   82.19262   82.19262  
374   82.19262   82.19262  
375   82.19262   82.19262  
376   82.19262   82.19262  
377   82.19262   82.19262  
378   82.19262   82.19262  
379   82.19262   82.19262  
380   82.19262   82.19262  
381   82.19262   82.19262  
382   82.19262   82.19262  
383   82.19262   82.19262  
384   82.19262   82.19262  
385   82.19262   82.19262  
386   82.19262   82.19262  
387   82.19262   82.19262  
388   82.19262   82.19262  
389   82.19262   82.19262  
390   82.19262   82.19262  
391   82.19262   82.19262  
392   81.92013   82.18989  
393   81.45780   81.91551  
394   81.30301   81.45625  
395   81.30301   81.30301  
396   81.30301   81.30301  
397   81.30301   81.30301  
398   81.30301   81.30301  
399   81.30301   81.30301  
400   81.30301   81.30301  
401   81.30301   81.30301  
402   80.99220   81.29990  
403   80.99220   80.99220  
404   80.99220   80.99220  
405   80.99220   80.99220  
406   80.99220   80.99220  
407   80.99220   80.99220  
408   80.99220   80.99220  
409   80.99220   80.99220  
410   80.99220   80.99220  
411   80.63221   80.98860  
412   80.63221   80.63221  
413   80.63221   80.63221  
414   80.63221   80.63221  
415   80.63221   80.63221  
416   80.60821   80.63197  
417   80.60821   80.60821  
418   80.60821   80.60821  
419   80.60821   80.60821  
420   80.60821   80.60821  
421   80.60821   80.60821  
422   80.60821   80.60821  
423   80.60821   80.60821  
424   80.60821   80.60821  
425   80.60821   80.60821  
426   80.60821   80.60821  
427   80.60821   80.60821  
428   80.60821   80.60821  
429   80.60821   80.60821  
430   80.60821   80.60821  
431   80.60821   80.60821  
432   80.60821   80.60821  
433   80.60821   80.60821  
434   80.60821   80.60821  
435   80.60821   80.60821  
436   80.41117   80.60624  
437   80.41117   80.41117  
438   80.41117   80.41117  
439   80.41117   80.41117  
440   80.27862   80.40985  
441   79.89986   80.27484  
442   79.33664   79.89423  
443   79.33664   79.33664  
444   79.33664   79.33664  
445   79.33664   79.33664  
446   79.33664   79.33664  
447   79.33664   79.33664  
448   79.33664   79.33664  
449   79.33664   79.33664  
450   79.33664   79.33664  
451   79.33664   79.33664  
452   79.33664   79.33664  
453   79.33664   79.33664  
454   79.33664   79.33664  
455   79.33664   79.33664  
456   79.33664   79.33664  
457   79.33664   79.33664  
458   79.33664   79.33664  
459   79.33664   79.33664  
460   79.33664   79.33664  
461   79.33664   79.33664  
462   79.28038   79.33607  
463   79.28038   79.28038  
464   79.28038   79.28038  
465   79.28038   79.28038  
466   79.28038   79.28038  
467   79.28038   79.28038  
468   79.28038   79.28038  
469   79.28038   79.28038  
470   79.28038   79.28038  
471   79.28038   79.28038  
472   79.28038   79.28038  
473   79.28038   79.28038  
474   79.28038   79.28038  
475   79.28038   79.28038  
476   79.28038   79.28038  
477   79.28038   79.28038  
478   79.28038   79.28038  
479   79.28038   79.28038  
480   79.28038   79.28038  
481   79.28038   79.28038  
482   79.28038   79.28038  
483   79.28038   79.28038  
484   79.28038   79.28038  
485   79.28038   79.28038  
486   79.28038   79.28038  
487   79.28038   79.28038  
488   79.28038   79.28038  
489   79.28038   79.28038  
490   79.28038   79.28038  
491   79.28038   79.28038  
492   79.28038   79.28038  
493   79.28038   79.28038  
494   79.28038   79.28038  
495   79.28038   79.28038  
496   79.28038   79.28038  
497   79.28038   79.28038  
498   79.28038   79.28038  
499   79.28038   79.28038  
