0     455.48389  491.63334 
1     455.48389  491.63334 
2     440.22145  454.84773 
3     432.38613  440.59014 
4     428.04588  433.67916 
5     416.53344  428.10724 
6     411.65642  418.37175 
7     404.04829  412.00284 
8     394.34045  405.20093 
9     392.04025  394.56154 
10    386.91458  391.90727 
11    384.98677  386.92571 
12    380.08701  384.73796 
13    374.97944  380.04116 
14    368.53903  375.56294 
15    364.19259  369.41837 
16    356.79322  365.04953 
17    355.04125  357.86936 
18    349.83370  355.09306 
19    341.15253  350.64937 
20    339.45360  341.78713 
21    333.12829  339.69846 
22    330.77461  335.32099 
23    329.24033  331.19427 
24    325.55207  329.40775 
25    320.38482  325.85979 
26    319.73524  320.88581 
27    317.08152  319.67506 
28    304.41784  316.97072 
29    302.58036  307.53381 
30    296.56210  302.90524 
31    294.32732  297.15278 
32    292.85688  294.66944 
33    289.49070  292.97946 
34    287.84191  290.14035 
35    284.44604  288.06838 
36    283.07973  285.09788 
37    278.04915  283.29897 
38    275.65840  279.18390 
39    270.25447  276.02755 
40    267.52445  271.84627 
41    263.19974  267.82449 
42    257.38384  263.69478 
43    253.47446  258.31569 
44    248.82081  253.72907 
45    248.31032  250.21365 
46    246.90947  248.27556 
47    240.90004  246.99147 
48    239.24297  243.19381 
49    237.11491  239.40532 
50    232.11386  237.40542 
51    232.11386  233.19224 
52    231.45271  232.09512 
53    229.52490  231.49655 
54    226.93127  230.02728 
55    226.01231  227.76333 
56    219.95724  226.31038 
57    219.15472  221.83593 
58    218.83077  219.39458 
59    217.73384  218.90408 
60    212.66370  217.87107 
61    211.54867  213.54534 
62    210.18981  211.98922 
63    208.58654  210.35438 
64    205.95801  208.86103 
65    204.77602  206.93953 
66    202.76846  204.84779 
67    202.76846  203.29197 
68    201.29923  202.72858 
69    200.08046  201.38674 
70    198.94945  200.42057 
71    197.05889  199.26409 
72    196.72874  197.49594 
73    195.08671  196.78213 
74    195.08671  195.75232 
75    188.91392  195.02297 
76    188.91392  191.62756 
77    188.10529  188.90561 
78    187.40141  188.46401 
79    187.28266  187.69981 
80    186.81970  187.31345 
81    186.79829  186.94722 
82    186.50331  186.80006 
83    185.30834  186.51650 
84    183.10579  185.27928 
85    182.82131  183.80182 
86    182.20956  182.85314 
87    181.69009  182.33675 
88    180.60834  181.85803 
89    180.19294  181.07415 
90    179.79808  180.35368 
91    179.63671  179.97485 
92    178.64485  179.68998 
93    176.93549  178.75676 
94    176.20845  177.27737 
95    174.80690  176.45590 
96    174.24861  174.85608 
97    172.95255  174.46991 
98    172.95255  173.29464 
99    172.34080  172.94311 
100   171.76099  172.53406 
101   171.76099  171.99871 
102   169.70686  171.72623 
103   168.67989  170.38101 
104   167.73849  168.95949 
105   166.95646  168.00024 
106   166.13513  167.27288 
107   164.73727  166.44068 
108   164.25775  165.41283 
109   163.91594  164.46942 
110   163.43642  164.02198 
111   163.41186  163.54695 
112   162.73825  163.40972 
113   161.83081  162.85766 
114   161.83081  161.95795 
115   158.72878  161.79787 
116   157.82066  159.73628 
117   157.23357  158.25931 
118   156.70092  157.33831 
119   156.12018  156.84396 
120   156.12018  156.36791 
121   153.74099  156.09090 
122   151.36084  154.48476 
123   148.92778  152.21420 
124   148.69981  149.75730 
125   147.72379  148.71699 
126   145.42990  147.92485 
127   145.23686  145.79509 
128   144.30015  145.29715 
129   143.39751  144.56148 
130   143.36457  143.56519 
131   142.00259  143.36019 
132   142.00259  142.50874 
133   141.64614  141.99469 
134   141.31396  141.65031 
135   141.02392  141.43495 
136   138.68055  141.12183 
137   138.23077  139.49807 
138   137.43746  138.33902 
139   133.93120  137.53755 
140   133.93120  135.23336 
141   133.14165  133.92016 
142   133.14165  133.41914 
143   131.74009  133.11869 
144   131.73850  132.08844 
145   131.71720  131.73888 
146   131.28872  131.71786 
147   130.95128  131.45794 
148   130.95128  131.07395 
149   129.83789  130.93981 
150   129.69272  130.29650 
151   129.60843  129.76045 
152   129.46326  129.64997 
153   128.77075  129.51436 
154   125.41878  128.99096 
155   125.29492  126.55685 
156   125.29492  125.34694 
157   124.24276  125.28255 
158   124.20982  124.64360 
159   124.16479  124.22386 
160   123.85054  124.18133 
161   123.85054  123.95802 
162   122.91187  123.82463 
163   122.89462  123.08210 
164   121.61397  122.86650 
165   121.61397  121.87118 
166   120.23367  121.59214 
167   119.95055  120.67656 
168   119.30722  120.05539 
169   118.65873  119.40817 
170   117.91074  118.91523 
171   117.26224  118.10014 
172   117.17381  117.54106 
173   115.46726  117.19255 
174   115.46726  116.08518 
175   115.46726  115.46726 
176   115.14751  115.46397 
177   115.14751  115.26502 
178   115.14751  115.14751 
179   114.97331  115.14577 
180   113.87644  115.03889 
181   113.87644  114.29344 
182   113.86688  113.87629 
183   113.31780  113.86371 
184   113.31174  113.52436 
185   113.30871  113.31455 
186   113.21024  113.30921 
187   112.79449  113.25630 
188   112.41573  112.92718 
189   110.58929  112.46077 
190   110.58929  111.26264 
191   110.07507  110.58414 
192   110.07507  110.25489 
193   109.88287  110.07197 
194   109.72962  109.93263 
195   109.72962  109.76265 
196   109.35086  109.72559 
197   109.35086  109.52132 
198   109.14450  109.34874 
199   109.07673  109.23491 
200   109.07673  109.10519 
201   108.29987  109.06887 
202   108.29987  108.70943 
203   108.23909  108.29926 
204   108.23909  108.26401 
205   107.85507  108.23308 
206   107.85507  107.93376 
207   107.84543  107.85498 
208   107.84543  107.84890 
209   107.84543  107.84543 
210   107.45803  107.84052 
211   107.45803  107.61798 
212   107.45803  107.45803 
213   107.41284  107.45758 
214   107.41284  107.43181 
215   106.39010  107.40261 
216   105.96437  106.90186 
217   105.96437  106.07644 
218   105.71584  105.96092 
219   105.71584  105.81572 
220   105.13772  105.70976 
221   105.13772  105.41251 
222   104.95758  105.13592 
223   104.95758  105.04528 
224   104.86081  104.95604 
225   104.86081  104.88601 
226   104.86081  104.86081 
227   104.52799  104.85689 
228   104.52633  104.61728 
229   104.27893  104.52455 
230   104.26472  104.39022 
231   103.98485  104.26339 
232   103.98485  104.00243 
233   103.84229  103.98341 
234   102.62966  103.88797 
235   102.62966  103.03983 
236   102.61287  102.62950 
237   101.78951  102.61104 
238   101.78951  101.97250 
239   101.30311  101.78464 
240   101.30311  101.44673 
241   100.76440  101.29630 
242   100.76440  100.93936 
243   100.08414  100.75760 
244   99.94158   100.41635 
245   99.94158   99.99867  
246   99.94158   99.94158  
247   99.88424   99.94101  
248   99.11653   99.89810  
249   99.11653   99.35070  
250   99.11653   99.11653  
251   99.11653   99.11653  
252   98.71765   99.11087  
253   98.66048   98.81661  
254   98.55027   98.66967  
255   98.22057   98.61310  
256   98.22057   98.33665  
257   98.21232   98.22049  
258   97.90515   98.21001  
259   97.45316   97.94821  
260   97.45316   97.67445  
261   97.45316   97.45316  
262   97.45316   97.45316  
263   97.36300   97.45168  
264   97.36300   97.37399  
265   97.03171   97.35638  
266   97.03171   97.11454  
267   96.66055   97.02693  
268   95.88078   96.78818  
269   95.88078   96.06712  
270   95.86398   95.88061  
271   95.82344   95.86912  
272   95.82344   95.83925  
273   95.82344   95.82344  
274   95.11586   95.81330  
275   95.00863   95.39866  
276   94.99183   95.04599  
277   94.99183   94.99922  
278   94.69534   94.98472  
279   93.94914   94.72618  
280   93.94914   94.08228  
281   93.94914   93.94914  
282   93.94914   93.94914  
283   93.89907   93.94864  
284   93.77190   93.92334  
285   93.77190   93.82233  
286   93.77190   93.77190  
287   93.35760   93.76776  
288   93.35760   93.53558  
289   93.35760   93.35760  
290   93.21243   93.35615  
291   92.95684   93.26919  
292   92.16825   93.02479  
293   92.16825   92.42611  
294   91.76977   92.16426  
295   91.76977   91.94413  
296   91.56839   91.76493  
297   91.56839   91.59799  
298   91.56839   91.56839  
299   91.56839   91.56839  
300   91.56839   91.56839  
301   91.56839   91.56839  
302   91.42708   91.56698  
303   91.42708   91.48643  
304   91.42708   91.42708  
305   91.42708   91.42708  
306   91.21178   91.42492  
307   91.21178   91.28498  
308   91.21178   91.21178  
309   90.57077   91.20537  
310   90.57077   90.82558  
311   90.57077   90.57077  
312   90.29585   90.56802  
313   90.29585   90.39311  
314   90.29585   90.29585  
315   90.29585   90.29585  
316   89.85408   90.29143  
317   89.85408   90.01294  
318   89.85408   89.85408  
319   89.12172   89.84676  
320   88.82022   89.48562  
321   88.82022   88.95456  
322   88.82022   88.82022  
323   88.82022   88.82022  
324   88.82022   88.82022  
325   88.58906   88.81791  
326   88.58906   88.68152  
327   88.38221   88.58699  
328   88.38221   88.47322  
329   88.38221   88.38221  
330   88.38221   88.38221  
331   88.38221   88.38221  
332   88.38221   88.38221  
333   88.38221   88.38221  
334   88.38221   88.38221  
335   87.72576   88.37565  
336   87.72576   88.05091  
337   87.72576   87.72576  
338   87.72576   87.72576  
339   87.23055   87.72081  
340   87.23055   87.44597  
341   87.18422   87.23009  
342   86.66511   87.19942  
343   86.66511   86.90638  
344   86.66511   86.66511  
345   86.66511   86.66511  
346   86.66511   86.66511  
347   86.66511   86.66511  
348   86.56090   86.66406  
349   86.56090   86.60154  
350   86.56090   86.56090  
351   86.56090   86.56090  
352   86.56090   86.56090  
353   86.56090   86.56090  
354   86.56090   86.56090  
355   86.56090   86.56090  
356   86.56090   86.56090  
357   86.56090   86.56090  
358   86.56090   86.56090  
359   85.62201   86.54707  
360   85.62201   85.93730  
361   84.91965   85.61247  
362   84.70965   85.16774  
363   84.70965   84.81045  
364   84.70965   84.70965  
365   84.00729   84.70263  
366   84.00729   84.35105  
367   84.00729   84.00729  
368   84.00729   84.00729  
369   83.96096   84.00683  
370   83.33025   83.97319  
371   83.33025   83.62354  
372   83.33025   83.33025  
373   83.33025   83.33025  
374   82.67379   83.32054  
375   82.67379   82.86008  
376   82.67379   82.67379  
377   82.67379   82.67379  
378   82.67379   82.67379  
379   82.67379   82.67379  
380   82.67379   82.67379  
381   82.67379   82.67379  
382   82.67379   82.67379  
383   82.67379   82.67379  
384   82.67379   82.67379  
385   82.67379   82.67379  
386   82.20920   82.66914  
387   82.01064   82.38657  
388   82.01064   82.10652  
389   81.60031   82.00654  
390   81.60031   81.78969  
391   81.60031   81.60031  
392   81.60031   81.60031  
393   81.60031   81.60031  
394   81.60031   81.60031  
395   81.60031   81.60031  
396   81.46226   81.59893  
397   81.46226   81.52439  
398   81.43445   81.46199  
399   81.43445   81.44558  
400   81.43445   81.43445  
401   81.43445   81.43445  
402   81.43445   81.43445  
403   81.43445   81.43445  
404   81.43445   81.43445  
405   81.43445   81.43445  
406   81.43445   81.43445  
407   81.43445   81.43445  
408   81.43445   81.43445  
409   81.31611   81.43327  
410   81.31611   81.37410  
411   80.95109   81.31118  
412   80.95109   81.08257  
413   80.95109   80.95109  
414   80.95109   80.95109  
415   80.95109   80.95109  
416   80.95109   80.95109  
417   80.60273   80.94761  
418   80.60273   80.76104  
419   80.60273   80.60273  
420   80.28828   80.59716  
421   80.28828   80.32475  
422   80.28828   80.28828  
423   80.28828   80.28828  
424   80.28828   80.28828  
425   80.28828   80.28828  
426   80.28828   80.28828  
427   80.28828   80.28828  
428   80.28828   80.28828  
429   80.28828   80.28828  
430   80.28828   80.28828  
431   79.84728   80.28387  
432   79.84728   80.06736  
433   79.84728   79.84728  
434   79.84728   79.84728  
435   79.59857   79.84480  
436   79.59857   79.72044  
437   79.59857   79.59857  
438   79.59857   79.59857  
439   79.59857   79.59857  
440   79.22974   79.59488  
441   79.22974   79.42849  
442   79.22974   79.22974  
443   79.22974   79.22974  
444   79.22974   79.22974  
445   79.22974   79.22974  
446   79.22974   79.22974  
447   79.22974   79.22974  
448   79.22974   79.22974  
449   79.22974   79.22974  
450   79.22974   79.22974  
451   79.22974   79.22974  
452   79.22974   79.22974  
453   79.22974   79.22974  
454   79.22974   79.22974  
455   79.22974   79.22974  
456   79.22974   79.22974  
457   79.22974   79.22974  
458   79.22974   79.22974  
459   79.22974   79.22974  
460   79.22974   79.22974  
461   79.22974   79.22974  
462   79.22974   79.22974  
463   79.22974   79.22974  
464   79.22974   79.22974  
465   79.22974   79.22974  
466   79.22974   79.22974  
467   79.22974   79.22974  
468   79.22974   79.22974  
469   79.22974   79.22974  
470   79.22974   79.22974  
471   79.22974   79.22974  
472   79.22974   79.22974  
473   79.22974   79.22974  
474   79.22974   79.22974  
475   79.22974   79.22974  
476   79.22974   79.22974  
477   79.22974   79.22974  
478   79.22974   79.22974  
479   79.22974   79.22974  
480   79.22974   79.22974  
481   79.22974   79.22974  
482   79.22974   79.22974  
483   79.22974   79.22974  
484   79.22974   79.22974  
485   79.22974   79.22974  
486   79.22974   79.22974  
487   79.22974   79.22974  
488   79.22974   79.22974  
489   79.22974   79.22974  
490   79.22974   79.22974  
491   79.22974   79.22974  
492   79.22974   79.22974  
493   79.22974   79.22974  
494   79.22974   79.22974  
495   79.22974   79.22974  
496   79.22974   79.22974  
497   79.22974   79.22974  
498   79.22974   79.22974  
499   78.75146   79.22496  
