0     455.48389  491.63334 
1     455.48389  491.63334 
2     442.78099  455.28436 
3     438.38756  444.67652 
4     431.42491  438.08429 
5     417.52425  431.04494 
6     408.96868  418.96405 
7     403.49763  408.86983 
8     399.78038  403.60949 
9     393.41521  400.16177 
10    385.63008  394.09687 
11    382.86734  387.04893 
12    377.67607  382.66848 
13    371.57018  378.18352 
14    367.29896  372.29992 
15    361.61331  367.48915 
16    357.10747  361.63712 
17    353.30878  357.08101 
18    350.63780  353.55079 
19    347.09897  350.71771 
20    344.14081  347.57920 
21    337.67955  344.31456 
22    333.89992  338.00711 
23    327.50026  334.24989 
24    324.74256  327.78751 
25    323.78023  325.43041 
26    320.49117  323.78404 
27    318.47911  321.09989 
28    315.53802  318.97373 
29    314.53567  315.96216 
30    311.26172  314.64433 
31    305.62723  311.64721 
32    301.42764  307.13923 
33    294.57046  302.56413 
34    290.31479  295.85239 
35    285.35436  290.72323 
36    281.97555  285.44611 
37    280.90889  282.37344 
38    272.16236  280.88758 
39    270.95993  273.95733 
40    270.17319  271.25167 
41    266.15354  270.12154 
42    263.90523  266.85225 
43    262.79092  264.68603 
44    259.00914  262.89578 
45    256.94250  259.67065 
46    254.91116  257.66934 
47    254.75687  255.17271 
48    251.95170  254.75332 
49    248.42174  252.10249 
50    247.91681  249.43715 
51    245.40119  248.05484 
52    243.94442  245.73679 
53    241.55704  244.09463 
54    240.37635  241.97664 
55    238.05721  240.39851 
56    237.94662  238.24022 
57    235.91527  237.93017 
58    229.70793  236.34129 
59    229.24479  231.18926 
60    228.29739  229.42852 
61    222.18503  228.55256 
62    221.67609  224.12183 
63    220.92602  221.67468 
64    220.48311  221.10999 
65    218.91938  220.68319 
66    218.36056  219.57970 
67    214.78041  218.49123 
68    214.54936  215.76307 
69    211.04624  214.53918 
70    210.36492  211.33329 
71    206.88133  210.60306 
72    205.59343  207.73362 
73    205.06294  205.80207 
74    203.60739  205.22495 
75    203.42292  203.88220 
76    199.18474  203.44965 
77    199.18474  200.54373 
78    197.15339  199.14111 
79    196.44568  197.33220 
80    196.44568  196.59512 
81    193.27007  196.36186 
82    190.95509  193.91796 
83    190.80383  191.36827 
84    190.32606  190.82020 
85    188.48885  190.50100 
86    186.14009  189.08230 
87    185.01197  186.68462 
88    181.38855  185.28717 
89    181.14836  182.65990 
90    179.63321  181.19187 
91    179.41644  179.91709 
92    178.64677  179.50515 
93    175.90707  178.90103 
94    173.59820  177.06504 
95    173.59820  174.48708 
96    172.76837  173.57691 
97    172.25805  172.77764 
98    172.20240  172.32756 
99    171.85670  172.21774 
100   170.93260  171.99284 
101   170.64673  171.18566 
102   169.60732  170.73948 
103   169.21739  169.76981 
104   168.08556  169.21334 
105   167.99409  168.55945 
106   166.86225  167.98466 
107   166.86225  166.98885 
108   166.39416  166.84795 
109   165.06126  166.43080 
110   164.08842  165.39742 
111   163.98360  164.48845 
112   163.47723  164.01142 
113   162.78361  163.54793 
114   161.99935  162.88667 
115   161.26583  162.29048 
116   157.40591  161.33783 
117   157.40591  158.91355 
118   157.00404  157.39838 
119   155.90063  157.06046 
120   155.90063  156.08487 
121   155.23728  155.88797 
122   154.79910  155.36965 
123   154.03547  154.84776 
124   152.69392  154.19595 
125   152.69392  153.10763 
126   152.24867  152.68589 
127   152.24867  152.30336 
128   151.81505  152.24433 
129   150.57985  152.00236 
130   149.30284  151.13452 
131   149.22629  149.89547 
132   147.96079  149.23985 
133   147.96079  148.46076 
134   147.82922  147.95947 
135   147.39795  147.85599 
136   147.39795  147.51108 
137   146.21679  147.38019 
138   145.80477  146.45118 
139   144.69911  145.95505 
140   143.78425  144.83963 
141   143.78425  144.13080 
142   142.75358  143.77004 
143   141.57430  143.10234 
144   140.12116  141.93683 
145   140.12116  140.78511 
146   139.74736  140.10574 
147   139.43889  139.75075 
148   137.99937  139.43964 
149   136.78469  138.52194 
150   136.78469  137.40771 
151   136.11184  136.76678 
152   133.71151  136.10376 
153   133.63931  134.39223 
154   131.54290  133.64927 
155   131.54290  132.28317 
156   131.18174  131.53567 
157   130.93007  131.24859 
158   130.77278  131.02622 
159   129.50223  130.79938 
160   129.05687  130.02167 
161   128.64465  129.23743 
162   127.74528  128.67632 
163   125.54270  128.14940 
164   125.54270  126.67171 
165   124.74385  125.53471 
166   124.29848  125.05813 
167   123.45099  124.49435 
168   123.45099  123.66077 
169   123.29370  123.44942 
170   122.91002  123.35104 
171   122.29979  122.99728 
172   122.25528  122.53505 
173   122.25528  122.27665 
174   121.78018  122.24761 
175   121.78018  121.91480 
176   121.25690  121.77066 
177   120.28329  121.29133 
178   119.96564  120.50098 
179   119.53766  120.11049 
180   119.21031  119.72856 
181   119.21031  119.37726 
182   118.92168  119.20743 
183   118.76486  119.05409 
184   118.09787  118.82456 
185   117.79035  118.31942 
186   117.79035  117.94805 
187   116.84190  117.78087 
188   116.39654  117.29683 
189   116.39654  116.62487 
190   116.35675  116.39614 
191   115.27337  116.33525 
192   114.26486  115.32794 
193   112.69643  114.62499 
194   112.69643  112.84718 
195   111.85591  112.68136 
196   111.53825  112.02496 
197   110.86073  111.57913 
198   110.86073  111.15108 
199   109.62171  110.84164 
200   109.62171  110.08513 
201   108.58302  109.60416 
202   108.58302  108.85047 
203   108.42574  108.57988 
204   106.74411  108.41795 
205   106.74411  107.22329 
206   106.40689  106.73876 
207   106.40689  106.48578 
208   105.75105  106.39684 
209   105.43459  105.91628 
210   105.43223  105.57503 
211   105.35597  105.43218 
212   104.68897  105.36710 
213   103.92890  104.83834 
214   103.92890  104.21585 
215   103.92890  103.92890 
216   103.92890  103.92890 
217   103.92890  103.92890 
218   103.92607  103.92888 
219   103.92607  103.92749 
220   103.92607  103.92607 
221   103.92607  103.92607 
222   103.39092  103.92072 
223   103.04290  103.65283 
224   102.01079  103.17200 
225   102.01079  102.37716 
226   102.01079  102.01079 
227   102.01079  102.01079 
228   102.01079  102.01079 
229   100.49983  101.98002 
230   100.32885  100.87044 
231   100.32885  100.39724 
232   100.24792  100.32804 
233   100.24792  100.28221 
234   99.81198   100.23629 
235   99.09115   99.82867  
236   98.54914   99.24034  
237   98.54914   98.75696  
238   98.13778   98.54503  
239   98.13778   98.34198  
240   98.13778   98.13778  
241   97.95446   98.13539  
242   97.95446   98.00710  
243   97.87444   97.95286  
244   97.87444   97.89364  
245   97.81894   97.87388  
246   97.81894   97.84719  
247   97.81894   97.81894  
248   97.81894   97.81894  
249   97.50039   97.81575  
250   97.50039   97.69406  
251   97.33554   97.49874  
252   97.29954   97.41635  
253   96.98752   97.31586  
254   96.95153   97.11197  
255   96.95153   96.96556  
256   96.92350   96.95124  
257   96.92350   96.93468  
258   96.53848   96.91965  
259   96.53848   96.73131  
260   96.53848   96.53848  
261   96.45822   96.53757  
262   96.45822   96.48096  
263   96.45822   96.45822  
264   96.33226   96.45696  
265   96.33226   96.38807  
266   96.11912   96.33002  
267   96.11912   96.22483  
268   96.11912   96.11912  
269   96.11446   96.11907  
270   96.11446   96.11642  
271   96.04477   96.11376  
272   95.78549   96.06727  
273   95.78549   95.90971  
274   95.20082   95.77938  
275   95.17668   95.44238  
276   94.21878   95.17579  
277   94.21878   94.68845  
278   93.46940   94.21083  
279   93.43856   93.82245  
280   92.83928   93.44342  
281   92.83928   93.06577  
282   92.83928   92.83928  
283   92.30388   92.83392  
284   92.30388   92.52385  
285   92.30388   92.30388  
286   91.53640   92.29620  
287   91.53640   91.89113  
288   91.06337   91.53111  
289   91.05913   91.26786  
290   91.05913   91.06108  
291   91.04886   91.05903  
292   90.47745   91.04720  
293   90.47745   90.70263  
294   90.46718   90.47735  
295   90.46718   90.47087  
296   89.88588   90.46136  
297   89.88588   90.09710  
298   89.88588   89.88588  
299   89.87454   89.88577  
300   89.82964   89.87889  
301   89.13990   89.84160  
302   89.13990   89.41375  
303   88.91268   89.13624  
304   88.91268   88.94664  
305   88.91268   88.91268  
306   88.91268   88.91268  
307   88.78433   88.91139  
308   88.69832   88.83994  
309   88.69832   88.74223  
310   88.69832   88.69832  
311   88.55912   88.69692  
312   88.55912   88.62315  
313   88.55912   88.55912  
314   88.55912   88.55912  
315   88.37177   88.55668  
316   88.37177   88.41897  
317   88.37177   88.37177  
318   88.37177   88.37177  
319   88.37177   88.37177  
320   88.31009   88.37096  
321   87.39940   88.32031  
322   87.39940   87.90781  
323   87.39940   87.39940  
324   87.39940   87.39940  
325   87.09623   87.39637  
326   87.09623   87.21416  
327   87.09623   87.09623  
328   87.08437   87.09612  
329   86.66275   87.08608  
330   86.66275   86.86091  
331   86.66084   86.66273  
332   86.57109   86.66077  
333   86.57109   86.60687  
334   86.57109   86.57109  
335   86.55923   86.57097  
336   86.55923   86.56504  
337   86.55923   86.55923  
338   86.55923   86.55923  
339   86.28528   86.55649  
340   86.28528   86.40582  
341   86.28528   86.28528  
342   86.28528   86.28528  
343   85.99199   86.28231  
344   85.78324   86.10354  
345   85.78133   85.86672  
346   85.78133   85.78227  
347   85.35460   85.77706  
348   85.35460   85.55090  
349   85.35460   85.35460  
350   85.12536   85.35230  
351   85.12536   85.23998  
352   85.12536   85.12536  
353   85.12536   85.12536  
354   85.12536   85.12536  
355   85.12536   85.12536  
356   85.12536   85.12536  
357   85.04058   85.12452  
358   85.04058   85.07534  
359   84.70690   85.03724  
360   84.70690   84.85118  
361   84.70690   84.70690  
362   84.70690   84.70690  
363   84.06211   84.70046  
364   84.06211   84.34255  
365   84.06211   84.06211  
366   84.01570   84.06165  
367   84.01570   84.03937  
368   84.01570   84.01570  
369   84.01570   84.01570  
370   83.90122   84.01455  
371   83.90122   83.96234  
372   83.90122   83.90122  
373   83.89829   83.90119  
374   83.89829   83.89969  
375   83.89829   83.89829  
376   83.89829   83.89829  
377   83.89829   83.89829  
378   83.89829   83.89829  
379   83.89829   83.89829  
380   83.89829   83.89829  
381   83.89829   83.89829  
382   83.89829   83.89829  
383   83.89829   83.89829  
384   83.89829   83.89829  
385   83.89829   83.89829  
386   82.84908   83.88780  
387   82.84908   83.26678  
388   82.70491   82.84764  
389   82.70491   82.77169  
390   82.70491   82.70491  
391   82.46365   82.70250  
392   82.46365   82.55533  
393   81.85250   82.45753  
394   81.85250   82.15697  
395   81.85250   81.85250  
396   81.85250   81.85250  
397   81.68272   81.85080  
398   81.68272   81.76252  
399   81.44247   81.68032  
400   81.44247   81.54896  
401   81.44247   81.44247  
402   81.44247   81.44247  
403   81.44247   81.44247  
404   81.44247   81.44247  
405   81.44247   81.44247  
406   81.44247   81.44247  
407   81.38527   81.44187  
408   81.38527   81.41211  
409   80.79236   81.37931  
410   80.79236   81.07090  
411   80.79236   80.79236  
412   80.79236   80.79236  
413   80.78978   80.79234  
414   80.74336   80.79014  
415   80.74336   80.74888  
416   80.74336   80.74336  
417   80.74336   80.74336  
418   80.74336   80.74336  
419   80.74336   80.74336  
420   80.74336   80.74336  
421   80.74336   80.74336  
422   80.74336   80.74336  
423   80.74336   80.74336  
424   80.74336   80.74336  
425   80.74336   80.74336  
426   80.74336   80.74336  
427   80.74336   80.74336  
428   80.74336   80.74336  
429   80.74336   80.74336  
430   80.74336   80.74336  
431   80.59679   80.74190  
432   80.59679   80.65548  
433   80.59679   80.59679  
434   80.59679   80.59679  
435   80.59679   80.59679  
436   80.46394   80.59547  
437   80.46394   80.52020  
438   80.46394   80.46394  
439   80.46394   80.46394  
440   80.46394   80.46394  
441   80.46394   80.46394  
442   80.46394   80.46394  
443   80.04545   80.45976  
444   80.04545   80.22108  
445   80.04545   80.04545  
446   80.04545   80.04545  
447   80.04545   80.04545  
448   80.04545   80.04545  
449   80.04545   80.04545  
450   80.04545   80.04545  
451   80.04545   80.04545  
452   80.04545   80.04545  
453   80.04545   80.04545  
454   80.04545   80.04545  
455   80.04545   80.04545  
456   80.04545   80.04545  
457   79.67652   80.04176  
458   79.67652   79.85683  
459   79.67652   79.67652  
460   79.67652   79.67652  
461   79.67652   79.67652  
462   79.67652   79.67652  
463   79.67652   79.67652  
464   79.67652   79.67652  
465   79.67652   79.67652  
466   79.67652   79.67652  
467   79.67652   79.67652  
468   79.67652   79.67652  
469   79.67652   79.67652  
470   79.67652   79.67652  
471   79.67652   79.67652  
472   79.67652   79.67652  
473   79.67652   79.67652  
474   79.67652   79.67652  
475   79.67652   79.67652  
476   79.67652   79.67652  
477   79.01173   79.66988  
478   79.01173   79.32031  
479   79.01173   79.01173  
480   79.01173   79.01173  
481   79.01173   79.01173  
482   79.01173   79.01173  
483   79.01173   79.01173  
484   79.01173   79.01173  
485   79.01173   79.01173  
486   79.01173   79.01173  
487   79.01173   79.01173  
488   78.68218   79.00843  
489   78.68218   78.84036  
490   78.68218   78.68218  
491   78.68218   78.68218  
492   78.68218   78.68218  
493   78.62706   78.68163  
494   78.62706   78.64746  
495   78.62706   78.62706  
496   78.62706   78.62706  
497   78.62706   78.62706  
498   78.44826   78.62528  
499   78.44826   78.52214  
