0     33.53818   40.28408  
1     33.53818   40.28408  
2     31.29084   33.45258  
3     29.01213   31.20024  
4     26.09765   28.91688  
5     24.58532   26.04560  
6     23.27542   24.52597  
7     20.99267   23.21672  
8     19.95504   20.94839  
9     19.23302   19.93100  
10    18.78106   19.22459  
11    18.11872   18.75858  
12    17.34459   18.09671  
13    16.91342   17.33829  
14    16.81294   16.91111  
15    14.76952   16.79131  
16    14.74796   14.76923  
17    13.02056   14.72438  
18    12.95553   13.01886  
19    12.94796   12.95539  
20    12.47595   12.94274  
21    12.21536   12.47158  
22    12.18266   12.21503  
23    11.54614   12.17453  
24    10.71985   11.53763  
25    10.71985   10.71985  
26    9.74705    10.70239  
27    9.18590    9.73967   
28    9.18590    9.18590   
29    9.18185    9.18586   
30    9.18185    9.18185   
31    9.18185    9.18185   
32    9.18168    9.18185   
33    9.18168    9.18168   
34    9.18168    9.18168   
35    9.18168    9.18168   
36    9.18168    9.18168   
37    9.18168    9.18168   
38    9.18168    9.18168   
39    9.18168    9.18168   
40    8.72182    9.17708   
41    8.72182    8.72182   
42    8.72182    8.72182   
43    8.72182    8.72182   
44    8.72182    8.72182   
45    8.15695    8.71617   
46    8.15695    8.15695   
47    7.52852    8.15066   
48    7.52852    7.52852   
49    7.52852    7.52852   
50    7.52852    7.52852   
51    7.52800    7.52851   
52    7.25586    7.52518   
53    7.06753    7.25333   
54    7.04786    7.06714   
55    7.04495    7.04783   
56    7.04154    7.04492   
57    7.04154    7.04154   
58    7.04154    7.04154   
59    7.04154    7.04154   
60    7.04154    7.04154   
61    7.04154    7.04154   
62    7.04154    7.04154   
63    7.04154    7.04154   
64    7.04154    7.04154   
65    7.04154    7.04154   
66    7.04154    7.04154   
67    7.04154    7.04154   
68    7.04154    7.04154   
69    7.04154    7.04154   
70    7.04154    7.04154   
71    7.04154    7.04154   
72    7.04154    7.04154   
73    7.04154    7.04154   
74    7.04154    7.04154   
75    7.04154    7.04154   
76    7.04154    7.04154   
77    7.04154    7.04154   
78    7.04154    7.04154   
79    7.04154    7.04154   
80    7.04154    7.04154   
81    7.04154    7.04154   
82    7.04154    7.04154   
83    7.04154    7.04154   
84    7.04154    7.04154   
85    7.04154    7.04154   
86    7.04154    7.04154   
87    7.04154    7.04154   
88    7.04154    7.04154   
89    7.04154    7.04154   
90    7.04154    7.04154   
91    7.04154    7.04154   
92    7.04154    7.04154   
93    7.04154    7.04154   
94    7.04154    7.04154   
95    7.04154    7.04154   
96    7.04154    7.04154   
97    7.04154    7.04154   
98    7.04154    7.04154   
99    7.04154    7.04154   
100   7.04154    7.04154   
101   7.04154    7.04154   
102   7.04154    7.04154   
103   7.04154    7.04154   
104   7.04154    7.04154   
105   7.04154    7.04154   
106   7.04154    7.04154   
107   7.04154    7.04154   
108   7.04154    7.04154   
109   7.04154    7.04154   
110   7.04154    7.04154   
111   7.04154    7.04154   
112   7.04154    7.04154   
113   7.04154    7.04154   
114   7.04154    7.04154   
115   7.04154    7.04154   
116   7.04154    7.04154   
117   7.04154    7.04154   
118   7.04154    7.04154   
119   7.04154    7.04154   
120   7.04154    7.04154   
121   7.04154    7.04154   
122   7.04154    7.04154   
123   7.04154    7.04154   
124   7.04154    7.04154   
125   7.04154    7.04154   
126   7.04154    7.04154   
127   7.04154    7.04154   
128   7.04154    7.04154   
129   7.04154    7.04154   
130   7.04154    7.04154   
131   7.04154    7.04154   
132   7.04154    7.04154   
133   7.04154    7.04154   
134   7.04154    7.04154   
135   7.04154    7.04154   
136   7.04154    7.04154   
137   7.04154    7.04154   
138   7.04154    7.04154   
139   7.04154    7.04154   
140   7.04154    7.04154   
141   7.04154    7.04154   
142   7.04154    7.04154   
143   7.04154    7.04154   
144   7.04154    7.04154   
145   7.04154    7.04154   
146   7.04154    7.04154   
147   7.04154    7.04154   
148   7.04154    7.04154   
149   7.04154    7.04154   
150   7.04154    7.04154   
151   7.04154    7.04154   
152   7.04154    7.04154   
153   7.04154    7.04154   
154   7.04154    7.04154   
155   7.04154    7.04154   
156   7.04154    7.04154   
157   7.04154    7.04154   
158   7.04154    7.04154   
159   7.04154    7.04154   
160   7.04154    7.04154   
161   7.04154    7.04154   
162   7.04154    7.04154   
163   7.04154    7.04154   
164   7.04154    7.04154   
165   7.04154    7.04154   
166   7.04154    7.04154   
167   7.04154    7.04154   
168   7.04154    7.04154   
169   7.04154    7.04154   
170   7.04154    7.04154   
171   7.04154    7.04154   
172   7.04154    7.04154   
173   7.04154    7.04154   
174   7.04154    7.04154   
175   7.04154    7.04154   
176   6.26052    7.03373   
177   6.24306    6.26017   
178   6.24306    6.24306   
179   6.24306    6.24306   
180   6.24306    6.24306   
181   6.24306    6.24306   
182   6.24306    6.24306   
183   6.24306    6.24306   
184   6.24306    6.24306   
185   6.24306    6.24306   
186   6.24306    6.24306   
187   6.24306    6.24306   
188   6.24306    6.24306   
189   6.24306    6.24306   
190   6.24306    6.24306   
191   6.24306    6.24306   
192   6.24306    6.24306   
193   6.24306    6.24306   
194   6.24306    6.24306   
195   6.24306    6.24306   
196   6.24306    6.24306   
197   6.24306    6.24306   
198   6.24306    6.24306   
199   6.24306    6.24306   
200   6.24306    6.24306   
201   6.24306    6.24306   
202   6.24306    6.24306   
203   6.24306    6.24306   
204   6.24306    6.24306   
205   6.24306    6.24306   
206   6.24306    6.24306   
207   6.24306    6.24306   
208   6.24306    6.24306   
209   6.24306    6.24306   
210   6.24306    6.24306   
211   6.24306    6.24306   
212   6.24306    6.24306   
213   6.24306    6.24306   
214   6.24306    6.24306   
215   6.24306    6.24306   
216   6.24306    6.24306   
217   6.24306    6.24306   
218   6.24306    6.24306   
219   6.24306    6.24306   
220   6.24306    6.24306   
221   6.24306    6.24306   
222   6.24306    6.24306   
223   6.24306    6.24306   
224   6.24306    6.24306   
225   6.24306    6.24306   
226   6.24306    6.24306   
227   6.24306    6.24306   
228   6.24306    6.24306   
229   6.24306    6.24306   
230   6.24306    6.24306   
231   6.24306    6.24306   
232   6.24306    6.24306   
233   6.24306    6.24306   
234   6.24306    6.24306   
235   6.24306    6.24306   
236   6.24306    6.24306   
237   6.24306    6.24306   
238   6.24306    6.24306   
239   6.24306    6.24306   
240   6.24306    6.24306   
241   6.24306    6.24306   
242   6.24306    6.24306   
243   6.24306    6.24306   
244   6.24306    6.24306   
245   6.24306    6.24306   
246   6.24306    6.24306   
247   6.24306    6.24306   
248   6.24306    6.24306   
249   6.24306    6.24306   
250   6.24306    6.24306   
251   6.24306    6.24306   
252   6.24306    6.24306   
253   6.24306    6.24306   
254   6.24306    6.24306   
255   6.24306    6.24306   
256   6.24306    6.24306   
257   6.24306    6.24306   
258   6.24306    6.24306   
259   6.24306    6.24306   
260   6.24306    6.24306   
261   6.24306    6.24306   
262   6.24306    6.24306   
263   6.24306    6.24306   
264   6.24306    6.24306   
265   6.24306    6.24306   
266   6.24306    6.24306   
267   6.24306    6.24306   
268   6.24306    6.24306   
269   6.24306    6.24306   
270   6.24306    6.24306   
271   6.24306    6.24306   
272   6.24306    6.24306   
273   6.24306    6.24306   
274   6.24306    6.24306   
275   6.24306    6.24306   
276   6.24306    6.24306   
277   6.24306    6.24306   
278   6.24306    6.24306   
279   6.24306    6.24306   
280   6.24306    6.24306   
281   6.24306    6.24306   
282   6.24306    6.24306   
283   6.24306    6.24306   
284   6.24306    6.24306   
285   6.24306    6.24306   
286   6.24306    6.24306   
287   6.24306    6.24306   
288   6.24306    6.24306   
289   6.24306    6.24306   
290   6.24306    6.24306   
291   6.24306    6.24306   
292   6.24306    6.24306   
293   6.24306    6.24306   
294   6.24306    6.24306   
295   6.24306    6.24306   
296   6.24306    6.24306   
297   6.24306    6.24306   
298   6.24306    6.24306   
299   6.24306    6.24306   
300   6.24306    6.24306   
301   6.24306    6.24306   
302   6.24306    6.24306   
303   6.24306    6.24306   
304   6.24306    6.24306   
305   6.24306    6.24306   
306   6.24306    6.24306   
307   6.24306    6.24306   
308   6.24306    6.24306   
309   6.24306    6.24306   
310   6.24306    6.24306   
311   6.24306    6.24306   
312   6.24306    6.24306   
313   6.24306    6.24306   
314   6.24306    6.24306   
315   6.24306    6.24306   
316   6.24306    6.24306   
317   6.24306    6.24306   
318   6.24306    6.24306   
319   6.24306    6.24306   
320   6.24306    6.24306   
321   6.24306    6.24306   
322   6.24306    6.24306   
323   6.24306    6.24306   
324   6.24306    6.24306   
325   6.24306    6.24306   
326   6.24306    6.24306   
327   6.24306    6.24306   
328   6.24306    6.24306   
329   6.24306    6.24306   
330   6.24306    6.24306   
331   6.24306    6.24306   
332   6.24306    6.24306   
333   6.24306    6.24306   
334   6.24306    6.24306   
335   6.24306    6.24306   
336   6.24306    6.24306   
337   6.24306    6.24306   
338   6.24306    6.24306   
339   6.24306    6.24306   
340   6.24306    6.24306   
341   6.24306    6.24306   
342   6.24306    6.24306   
343   6.24306    6.24306   
344   6.24306    6.24306   
345   6.24306    6.24306   
346   6.24306    6.24306   
347   6.24306    6.24306   
348   6.24306    6.24306   
349   6.24306    6.24306   
350   6.24306    6.24306   
351   6.24306    6.24306   
352   6.24306    6.24306   
353   6.24306    6.24306   
354   6.24306    6.24306   
355   6.24306    6.24306   
356   6.24306    6.24306   
357   6.24306    6.24306   
358   6.24306    6.24306   
359   6.24306    6.24306   
360   6.24306    6.24306   
361   6.24306    6.24306   
362   6.24306    6.24306   
363   6.24306    6.24306   
364   6.24306    6.24306   
365   6.24306    6.24306   
366   6.24306    6.24306   
367   6.24306    6.24306   
368   6.24306    6.24306   
369   6.24306    6.24306   
370   6.24306    6.24306   
371   6.24306    6.24306   
372   6.24306    6.24306   
373   6.24306    6.24306   
374   6.24306    6.24306   
375   6.24306    6.24306   
376   6.24306    6.24306   
377   6.24306    6.24306   
378   6.24306    6.24306   
379   6.24306    6.24306   
380   6.24306    6.24306   
381   6.24306    6.24306   
382   6.24306    6.24306   
383   6.24306    6.24306   
384   6.24306    6.24306   
385   6.24306    6.24306   
386   6.24306    6.24306   
387   6.24306    6.24306   
388   6.24306    6.24306   
389   6.24306    6.24306   
390   6.24306    6.24306   
391   6.24306    6.24306   
392   6.24306    6.24306   
393   6.24306    6.24306   
394   6.24306    6.24306   
395   6.24306    6.24306   
396   6.24306    6.24306   
397   6.24306    6.24306   
398   6.24306    6.24306   
399   6.24306    6.24306   
400   6.24306    6.24306   
401   6.24306    6.24306   
402   6.24306    6.24306   
403   6.24306    6.24306   
404   6.24306    6.24306   
405   6.24306    6.24306   
406   6.24306    6.24306   
407   6.24306    6.24306   
408   6.24306    6.24306   
409   6.24306    6.24306   
410   6.24306    6.24306   
411   6.24306    6.24306   
412   6.24306    6.24306   
413   6.24306    6.24306   
414   6.24306    6.24306   
415   6.24306    6.24306   
416   6.24306    6.24306   
417   6.24306    6.24306   
418   6.24306    6.24306   
419   6.24306    6.24306   
420   6.24306    6.24306   
421   6.24306    6.24306   
422   6.24306    6.24306   
423   6.24306    6.24306   
424   6.24306    6.24306   
425   6.24306    6.24306   
426   6.24306    6.24306   
427   6.24306    6.24306   
428   6.24306    6.24306   
429   6.24306    6.24306   
430   6.24306    6.24306   
431   6.24306    6.24306   
432   6.24306    6.24306   
433   6.24306    6.24306   
434   6.24306    6.24306   
435   6.24306    6.24306   
436   6.24306    6.24306   
437   6.24306    6.24306   
438   6.24306    6.24306   
439   6.24306    6.24306   
440   6.24306    6.24306   
441   6.24306    6.24306   
442   6.24306    6.24306   
443   6.24306    6.24306   
444   6.24306    6.24306   
445   6.24306    6.24306   
446   6.24306    6.24306   
447   6.24306    6.24306   
448   6.24306    6.24306   
449   6.24306    6.24306   
450   6.24306    6.24306   
451   6.24306    6.24306   
452   6.24306    6.24306   
453   6.24306    6.24306   
454   6.24306    6.24306   
455   6.24306    6.24306   
456   6.24306    6.24306   
457   6.24306    6.24306   
458   6.24306    6.24306   
459   6.24306    6.24306   
460   6.24306    6.24306   
461   6.24306    6.24306   
462   6.24306    6.24306   
463   6.24306    6.24306   
464   6.24306    6.24306   
465   6.24306    6.24306   
466   6.24306    6.24306   
467   6.24306    6.24306   
468   6.24306    6.24306   
469   6.24306    6.24306   
470   6.24306    6.24306   
471   6.24306    6.24306   
472   6.24306    6.24306   
473   6.24306    6.24306   
474   6.24306    6.24306   
475   6.24306    6.24306   
476   6.24306    6.24306   
477   6.24306    6.24306   
478   6.24306    6.24306   
479   6.24306    6.24306   
480   6.24306    6.24306   
481   6.24306    6.24306   
482   6.24306    6.24306   
483   6.24306    6.24306   
484   6.24306    6.24306   
485   6.24306    6.24306   
486   6.24306    6.24306   
487   6.24306    6.24306   
488   6.24306    6.24306   
489   6.24306    6.24306   
490   6.24306    6.24306   
491   6.24306    6.24306   
492   6.24306    6.24306   
493   6.24306    6.24306   
494   6.24306    6.24306   
495   6.24306    6.24306   
496   6.24306    6.24306   
497   6.24306    6.24306   
498   6.24306    6.24306   
499   6.24306    6.24306   
