0     455.48389  491.63334 
1     455.48389  491.63334 
2     446.43947  457.11437 
3     437.42824  446.71506 
4     431.54728  437.85456 
5     425.86677  432.72002 
6     415.89675  425.86645 
7     414.06155  418.12060 
8     409.37446  414.00534 
9     401.61277  409.35805 
10    396.36948  402.41793 
11    393.89299  397.27547 
12    386.11698  394.33542 
13    381.51433  387.14911 
14    379.90453  382.15838 
15    374.19969  380.32829 
16    370.02454  374.83676 
17    369.19203  370.69442 
18    363.60166  369.23561 
19    358.35795  364.59013 
20    357.10728  358.78151 
21    322.81021  356.96149 
22    312.23139  331.22321 
23    309.22540  313.42122 
24    304.13722  309.76526 
25    299.80467  305.23074 
26    292.90036  300.42915 
27    291.33798  294.80837 
28    290.14542  291.81261 
29    286.93866  290.32529 
30    282.16988  287.14337 
31    282.10735  283.81317 
32    279.65329  282.09208 
33    277.64125  280.06715 
34    273.53253  277.83811 
35    269.23713  274.32116 
36    266.40224  269.92652 
37    262.85309  266.83476 
38    261.45131  263.64915 
39    260.42109  261.74293 
40    254.84063  260.59163 
41    254.69600  256.33419 
42    253.35478  254.70964 
43    250.42335  253.46843 
44    249.76070  251.20400 
45    244.29308  249.89897 
46    243.94057  245.59792 
47    238.97900  243.95229 
48    237.54436  240.36120 
49    235.82547  238.03445 
50    231.84480  236.06614 
51    230.77514  232.65028 
52    229.00617  230.97532 
53    228.97861  229.76240 
54    226.75258  228.93629 
55    221.51547  227.44405 
56    220.29758  222.27171 
57    218.67606  220.44282 
58    213.91641  219.03342 
59    212.82701  214.60793 
60    212.58129  213.11690 
61    207.65269  212.62202 
62    206.81898  209.12731 
63    204.78588  206.98774 
64    203.21413  205.46817 
65    200.55331  203.51749 
66    198.94820  201.32637 
67    196.98928  199.49334 
68    196.27360  197.68718 
69    195.74492  196.52178 
70    194.88068  195.79126 
71    193.97914  194.96030 
72    193.88533  194.15315 
73    190.61601  193.83511 
74    189.26707  190.89075 
75    188.51560  189.72690 
76    188.51560  188.66381 
77    187.89632  188.50620 
78    184.23247  188.01659 
79    183.79606  185.17364 
80    182.22168  183.80416 
81    180.78688  182.63742 
82    180.57194  181.16049 
83    179.67149  180.62172 
84    176.28881  179.93650 
85    175.89502  176.77185 
86    175.39129  176.01194 
87    174.59909  175.55025 
88    173.19978  174.81714 
89    171.64334  173.53245 
90    169.74182  171.95919 
91    169.74182  170.24478 
92    168.90754  169.71002 
93    168.77720  169.10024 
94    167.38403  168.79388 
95    164.84703  167.73142 
96    164.69931  165.24136 
97    164.53391  164.74668 
98    164.39935  164.59409 
99    163.44961  164.41540 
100   162.67561  163.70699 
101   162.56160  162.85307 
102   161.78883  162.57466 
103   160.49376  161.88383 
104   159.08961  160.90386 
105   158.51973  159.41961 
106   157.15609  158.72760 
107   157.06945  157.45540 
108   156.51521  157.09398 
109   155.68093  156.65644 
110   155.53343  155.91135 
111   151.64319  155.53246 
112   149.66170  152.97251 
113   148.93602  150.13415 
114   148.16354  149.05895 
115   147.64016  148.46067 
116   146.90210  147.80819 
117   146.68686  147.16261 
118   146.18692  146.76796 
119   145.90652  146.37838 
120   145.01370  145.97216 
121   144.19076  145.15324 
122   143.71282  144.42680 
123   143.50950  143.93212 
124   143.50238  143.57314 
125   143.29202  143.50270 
126   143.18946  143.36470 
127   142.44627  143.22350 
128   142.24937  142.70842 
129   140.87375  142.29350 
130   140.72625  141.35888 
131   135.30444  140.72575 
132   135.30444  136.54450 
133   134.04563  135.29063 
134   133.59110  134.43430 
135   132.87349  133.69464 
136   132.77921  133.17031 
137   132.41374  132.80082 
138   132.38218  132.59614 
139   131.60186  132.38447 
140   131.60186  131.83639 
141   125.42946  131.54013 
142   125.42946  128.09863 
143   122.90470  125.40367 
144   120.94804  123.65540 
145   120.94804  121.43842 
146   120.17571  120.94032 
147   120.17571  120.49144 
148   120.17571  120.17571 
149   119.94107  120.17219 
150   119.75560  119.98935 
151   119.54961  119.82393 
152   119.54961  119.62225 
153   119.25247  119.54427 
154   119.01479  119.31579 
155   118.89777  119.13008 
156   118.85770  118.93831 
157   118.15124  118.86531 
158   118.15124  118.45351 
159   118.03423  118.15007 
160   116.63391  118.06144 
161   116.37059  117.15247 
162   116.07463  116.42293 
163   116.07463  116.12790 
164   116.06574  116.07445 
165   115.96499  116.06591 
166   115.70134  115.99071 
167   114.75160  115.72883 
168   114.64519  115.07711 
169   114.53555  114.68939 
170   114.33282  114.56392 
171   111.63232  114.35255 
172   111.44715  112.66121 
173   111.44715  111.50946 
174   110.91263  111.44042 
175   110.91263  111.07459 
176   109.85961  110.90210 
177   109.72042  110.14091 
178   109.72042  109.77053 
179   109.72042  109.72042 
180   109.72042  109.72042 
181   109.42761  109.71674 
182   109.40770  109.50139 
183   109.40770  109.41248 
184   109.40770  109.40770 
185   109.01395  109.39909 
186   108.93422  109.14960 
187   108.51582  108.96352 
188   108.19037  108.65201 
189   107.70916  108.30631 
190   106.96531  107.89859 
191   106.96531  107.28295 
192   106.49035  106.95310 
193   106.48739  106.63816 
194   106.48739  106.48863 
195   106.48739  106.48739 
196   106.48739  106.48739 
197   106.48739  106.48739 
198   106.11685  106.48368 
199   106.11685  106.25738 
200   106.11685  106.11685 
201   105.65048  106.11219 
202   105.65048  105.87023 
203   105.45016  105.64439 
204   105.45016  105.51755 
205   104.72062  105.44006 
206   104.72062  105.05645 
207   104.52527  104.71866 
208   104.52527  104.57785 
209   104.37317  104.52374 
210   102.63541  104.41253 
211   101.56152  103.29201 
212   101.56152  101.98407 
213   101.56152  101.56152 
214   101.41486  101.55961 
215   101.16978  101.47409 
216   100.61006  101.25325 
217   100.61006  100.77416 
218   100.53251  100.60928 
219   100.30350  100.56745 
220   100.24721  100.38105 
221   98.69883   100.24790 
222   98.55217   99.13545  
223   98.26373   98.59264  
224   98.20639   98.34303  
225   98.20639   98.22355  
226   97.35668   98.19748  
227   97.35668   97.65832  
228   97.35668   97.35668  
229   97.26612   97.35572  
230   97.26612   97.30484  
231   97.26612   97.26612  
232   97.00509   97.26305  
233   96.89267   97.07784  
234   96.49619   96.93664  
235   96.49070   96.67417  
236   96.49070   96.49273  
237   96.48685   96.49062  
238   96.44629   96.48772  
239   96.44629   96.46129  
240   96.44629   96.44629  
241   96.44629   96.44629  
242   96.20121   96.44383  
243   96.20121   96.28815  
244   96.20121   96.20121  
245   96.20121   96.20121  
246   96.20121   96.20121  
247   96.17819   96.20098  
248   96.17819   96.19154  
249   96.17819   96.17819  
250   93.60679   96.15248  
251   92.43410   94.20890  
252   92.39353   92.91401  
253   91.84664   92.40398  
254   91.84664   92.06390  
255   91.84664   91.84664  
256   91.84558   91.84663  
257   91.41034   91.84027  
258   91.41034   91.59039  
259   91.41034   91.41034  
260   91.41034   91.41034  
261   91.41034   91.41034  
262   91.41034   91.41034  
263   91.41034   91.41034  
264   91.41034   91.41034  
265   91.41034   91.41034  
266   91.41034   91.41034  
267   90.82337   91.40447  
268   90.82337   91.06000  
269   90.18262   90.81532  
270   90.18262   90.36983  
271   90.18262   90.18262  
272   90.18262   90.18262  
273   90.10051   90.18180  
274   88.94047   90.11231  
275   88.94047   89.31274  
276   88.94047   88.94047  
277   88.69976   88.93806  
278   88.69976   88.80344  
279   88.69976   88.69976  
280   88.39830   88.69674  
281   88.39830   88.47204  
282   88.39830   88.39830  
283   88.39830   88.39830  
284   88.39830   88.39830  
285   88.39830   88.39830  
286   88.39830   88.39830  
287   88.39830   88.39830  
288   88.39830   88.39830  
289   88.39830   88.39830  
290   88.37620   88.39808  
291   85.23969   88.35257  
292   85.23969   86.90332  
293   85.23969   85.23969  
294   85.23969   85.23969  
295   84.90469   85.23634  
296   84.80736   85.05921  
297   84.80736   84.84337  
298   84.80736   84.80736  
299   84.80736   84.80736  
300   84.80736   84.80736  
301   84.80736   84.80736  
302   84.80736   84.80736  
303   84.80736   84.80736  
304   84.80736   84.80736  
305   84.80736   84.80736  
306   84.80736   84.80736  
307   84.80736   84.80736  
308   84.80736   84.80736  
309   84.80736   84.80736  
310   84.34793   84.80276  
311   81.01612   84.50713  
312   81.01612   82.41434  
313   81.01612   81.01612  
314   81.01612   81.01612  
315   80.30735   81.00846  
316   80.30735   80.53644  
317   79.45447   80.29882  
318   78.27491   79.74618  
319   78.27491   78.79271  
320   78.27491   78.27491  
321   78.27491   78.27491  
322   78.27491   78.27491  
323   78.27491   78.27491  
324   78.27491   78.27491  
325   78.27491   78.27491  
326   78.27491   78.27491  
327   78.27491   78.27491  
328   78.26010   78.27462  
329   78.26010   78.26484  
330   78.26010   78.26010  
331   78.26010   78.26010  
332   78.26010   78.26010  
333   78.26010   78.26010  
334   78.26010   78.26010  
335   78.26010   78.26010  
336   78.20323   78.25953  
337   78.20323   78.22086  
338   78.20323   78.20323  
339   78.20323   78.20323  
340   78.03774   78.20158  
341   78.03774   78.10212  
342   78.03774   78.03774  
343   78.03774   78.03774  
344   77.84239   78.03579  
345   77.84239   77.94202  
346   77.84239   77.84239  
347   77.84239   77.84239  
348   77.84239   77.84239  
349   77.84239   77.84239  
350   77.84239   77.84239  
351   77.84239   77.84239  
352   77.84239   77.84239  
353   77.84239   77.84239  
354   77.84239   77.84239  
355   77.84239   77.84239  
356   77.84239   77.84239  
357   77.84239   77.84239  
358   77.84239   77.84239  
359   77.84239   77.84239  
360   77.84239   77.84239  
361   77.84239   77.84239  
362   77.84239   77.84239  
363   77.84239   77.84239  
364   77.84239   77.84239  
365   77.84239   77.84239  
366   77.84239   77.84239  
367   77.84239   77.84239  
368   77.84239   77.84239  
369   77.84239   77.84239  
370   77.84239   77.84239  
371   77.84239   77.84239  
372   77.84239   77.84239  
373   77.84239   77.84239  
374   77.84239   77.84239  
375   77.84239   77.84239  
376   77.84239   77.84239  
377   77.84239   77.84239  
378   77.84239   77.84239  
379   77.84239   77.84239  
380   77.84239   77.84239  
381   74.86276   77.81260  
382   74.86276   75.55717  
383   74.86276   74.86276  
384   74.86276   74.86276  
385   74.86276   74.86276  
386   74.86276   74.86276  
387   74.86276   74.86276  
388   74.86276   74.86276  
389   74.86276   74.86276  
390   74.86276   74.86276  
391   74.86276   74.86276  
392   74.86276   74.86276  
393   74.86276   74.86276  
394   74.86276   74.86276  
395   74.86276   74.86276  
396   74.86276   74.86276  
397   74.86276   74.86276  
398   74.86276   74.86276  
399   74.86276   74.86276  
400   74.86276   74.86276  
401   74.86276   74.86276  
402   74.86276   74.86276  
403   74.86276   74.86276  
404   74.86276   74.86276  
405   74.86276   74.86276  
406   74.86276   74.86276  
407   74.86276   74.86276  
408   74.86276   74.86276  
409   74.86276   74.86276  
410   74.86276   74.86276  
411   74.17199   74.85586  
412   74.17199   74.45394  
413   74.17199   74.17199  
414   74.17199   74.17199  
415   74.17199   74.17199  
416   74.17199   74.17199  
417   74.17199   74.17199  
418   74.17199   74.17199  
419   74.17199   74.17199  
420   74.17199   74.17199  
421   74.17199   74.17199  
422   74.17199   74.17199  
423   74.17199   74.17199  
424   74.17199   74.17199  
425   74.17199   74.17199  
426   74.17199   74.17199  
427   74.17199   74.17199  
428   74.17199   74.17199  
429   74.17199   74.17199  
430   74.17199   74.17199  
431   74.17199   74.17199  
432   74.17199   74.17199  
433   74.17199   74.17199  
434   74.17199   74.17199  
435   74.17199   74.17199  
436   74.17199   74.17199  
437   74.17199   74.17199  
438   74.17199   74.17199  
439   74.17199   74.17199  
440   74.17199   74.17199  
441   74.08415   74.17111  
442   74.08415   74.12280  
443   74.08415   74.08415  
444   74.08415   74.08415  
445   74.08415   74.08415  
446   74.08415   74.08415  
447   74.08415   74.08415  
448   74.08415   74.08415  
449   74.08415   74.08415  
450   74.08415   74.08415  
451   74.08415   74.08415  
452   74.08415   74.08415  
453   74.08415   74.08415  
454   74.08415   74.08415  
455   73.70651   74.08038  
456   73.70651   73.87957  
457   73.70651   73.70651  
458   73.70651   73.70651  
459   73.70651   73.70651  
460   73.66775   73.70612  
461   73.61168   73.68580  
462   73.61168   73.63355  
463   73.61168   73.61168  
464   73.61168   73.61168  
465   73.61168   73.61168  
466   73.61168   73.61168  
467   73.61168   73.61168  
468   73.61168   73.61168  
469   73.61168   73.61168  
470   73.61168   73.61168  
471   73.61168   73.61168  
472   73.61168   73.61168  
473   73.61168   73.61168  
474   73.61168   73.61168  
475   73.61168   73.61168  
476   73.61168   73.61168  
477   73.61168   73.61168  
478   73.56350   73.61120  
479   73.56350   73.57892  
480   73.56350   73.56350  
481   73.56350   73.56350  
482   73.56350   73.56350  
483   73.56350   73.56350  
484   73.56350   73.56350  
485   73.56350   73.56350  
486   73.56350   73.56350  
487   73.56350   73.56350  
488   73.56350   73.56350  
489   73.56350   73.56350  
490   73.56350   73.56350  
491   73.56350   73.56350  
492   73.56350   73.56350  
493   73.56350   73.56350  
494   73.56350   73.56350  
495   73.56350   73.56350  
496   73.56350   73.56350  
497   73.56350   73.56350  
498   73.56350   73.56350  
499   72.98501   73.55771  
