0     455.48389  491.63334 
1     455.48389  491.63334 
2     446.59338  455.26272 
3     435.56566  447.43989 
4     424.73694  436.36621 
5     414.24579  424.94312 
6     405.99589  415.09965 
7     399.29905  407.04670 
8     393.28477  400.12936 
9     386.19184  393.93736 
10    381.88550  386.70577 
11    380.22118  381.87788 
12    376.26130  380.15992 
13    373.38061  376.63834 
14    371.07400  373.39825 
15    365.94543  370.94746 
16    359.96270  366.30006 
17    352.98603  361.44630 
18    345.74430  353.45050 
19    343.27757  346.51087 
20    338.69351  343.44293 
21    313.44519  338.66048 
22    312.83865  318.41183 
23    307.93070  312.85287 
24    298.95859  308.47948 
25    296.38995  301.53986 
26    287.22228  296.38617 
27    286.33773  288.89663 
28    285.22671  286.50096 
29    280.71237  285.49814 
30    280.62248  281.38522 
31    278.70324  280.60620 
32    276.68246  279.14145 
33    275.96792  277.20350 
34    269.39109  275.84716 
35    264.85428  270.22814 
36    259.81142  265.82512 
37    256.99157  260.76681 
38    253.42809  257.87729 
39    251.90788  254.15862 
40    248.98485  251.99131 
41    248.60753  249.70953 
42    248.48737  248.76349 
43    247.44265  248.48676 
44    245.43979  247.40819 
45    244.72907  245.49396 
46    243.97649  244.97279 
47    242.63047  243.99218 
48    240.66648  242.98931 
49    238.90280  240.95166 
50    237.67048  239.32161 
51    231.16890  238.14313 
52    229.88166  232.67833 
53    229.72177  230.36378 
54    229.71950  229.76717 
55    224.12999  229.58306 
56    222.67575  225.55472 
57    222.39672  222.92330 
58    219.08485  222.42149 
59    219.07448  219.42843 
60    217.27733  219.00713 
61    213.34437  217.30107 
62    211.46144  214.65579 
63    204.37001  211.72032 
64    203.89918  207.28307 
65    203.32637  204.00792 
66    202.75272  203.57716 
67    202.11411  202.86772 
68    200.94257  202.13102 
69    198.42131  201.03280 
70    197.76696  199.19548 
71    193.36972  197.96599 
72    193.10452  194.82708 
73    191.55873  193.10048 
74    190.49561  191.89196 
75    189.88905  190.77430 
76    187.46955  190.06342 
77    187.46390  188.40419 
78    184.42324  187.41917 
79    182.53682  185.30300 
80    181.86921  183.21717 
81    179.58276  182.02364 
82    178.94656  179.99881 
83    177.07235  179.16737 
84    176.21151  177.63255 
85    175.17075  176.52916 
86    174.01932  175.36418 
87    173.45392  174.31484 
88    172.43587  173.52708 
89    172.43587  172.91738 
90    172.43587  172.43587 
91    171.98744  172.43136 
92    171.61746  172.17617 
93    171.61480  171.79699 
94    169.33969  171.58483 
95    169.27269  170.03654 
96    168.28066  169.27935 
97    168.28066  168.45548 
98    167.94276  168.27229 
99    167.54627  168.00200 
100   166.90200  167.67314 
101   163.23664  166.96591 
102   163.23664  164.34042 
103   162.07280  163.18869 
104   160.04327  162.13940 
105   159.61852  160.72784 
106   157.36882  159.63560 
107   156.84998  157.86866 
108   156.06329  156.94450 
109   154.81288  156.27526 
110   154.76903  155.21128 
111   150.62800  154.73042 
112   150.30482  151.55037 
113   150.21555  150.41619 
114   149.95192  150.24660 
115   149.47926  150.07128 
116   147.69102  149.62897 
117   147.69102  148.33230 
118   145.84287  147.66237 
119   145.00911  146.26892 
120   144.95147  145.19744 
121   144.92411  144.96841 
122   144.55969  144.93086 
123   144.55969  144.73245 
124   144.55969  144.55969 
125   144.07148  144.55359 
126   143.63341  144.24272 
127   143.25793  143.78835 
128   142.26911  143.32207 
129   141.80221  142.58608 
130   140.05064  141.94845 
131   132.98142  140.73113 
132   132.25922  135.45167 
133   131.68237  132.40269 
134   130.95821  131.88382 
135   130.54512  131.05822 
136   129.37436  130.67007 
137   128.56606  129.93124 
138   128.55271  128.70317 
139   127.47726  128.54030 
140   127.47726  127.59318 
141   127.43580  127.47684 
142   127.39797  127.45328 
143   127.33288  127.41406 
144   127.33288  127.36542 
145   127.33288  127.33288 
146   126.60730  127.32513 
147   126.40698  126.87441 
148   125.92265  126.48343 
149   125.70472  126.12156 
150   125.70472  125.74853 
151   124.56115  125.69149 
152   122.65251  124.92726 
153   121.66946  123.34710 
154   120.16321  122.15497 
155   120.16321  120.88759 
156   120.09321  120.16251 
157   120.09321  120.12681 
158   118.32316  120.07427 
159   118.19987  119.27671 
160   117.45809  118.24668 
161   117.45809  117.77312 
162   116.75653  117.44509 
163   116.52537  116.89378 
164   116.50923  116.60769 
165   116.50923  116.51650 
166   115.86894  116.50283 
167   114.55815  116.10444 
168   114.44192  115.03884 
169   112.35337  114.45606 
170   112.35337  112.89516 
171   112.32902  112.35313 
172   112.05779  112.33556 
173   111.83056  112.18823 
174   109.31829  111.90958 
175   109.31829  110.54430 
176   109.31829  109.31829 
177   109.31829  109.31829 
178   109.31829  109.31829 
179   108.55992  109.31071 
180   108.55992  108.92619 
181   108.48838  108.55908 
182   108.04325  108.51242 
183   108.04325  108.25335 
184   108.04325  108.04325 
185   108.01890  108.04301 
186   108.01890  108.03156 
187   108.01890  108.01890 
188   108.01890  108.01890 
189   108.01890  108.01890 
190   108.01890  108.01890 
191   105.78734  107.99658 
192   105.78734  106.78095 
193   105.16869  105.77834 
194   104.67404  105.28890 
195   104.63260  104.87968 
196   104.62129  104.64948 
197   104.59376  104.62644 
198   104.59376  104.60422 
199   104.59376  104.59376 
200   104.33371  104.58777 
201   103.40440  104.34416 
202   103.40440  103.67775 
203   103.40440  103.40440 
204   103.21428  103.40250 
205   103.21428  103.30174 
206   103.21428  103.21428 
207   103.18644  103.21400 
208   103.18644  103.19799 
209   103.14760  103.18605 
210   103.14760  103.16663 
211   102.89337  103.14506 
212   102.88755  102.98992 
213   101.74502  102.87811 
214   101.74502  102.19420 
215   101.55260  101.74309 
216   101.55260  101.63650 
217   101.55260  101.55260 
218   101.35645  101.54977 
219   101.27013  101.40584 
220   100.10301  101.29345 
221   93.38240   100.47144 
222   93.38240   96.08131  
223   93.38240   93.38240  
224   93.24109   93.37977  
225   92.59178   93.27583  
226   92.59178   92.76470  
227   92.59178   92.59178  
228   92.15091   92.58692  
229   92.15091   92.38864  
230   92.15091   92.15091  
231   92.15091   92.15091  
232   92.10598   92.15046  
233   92.10598   92.12396  
234   92.10598   92.10598  
235   92.10598   92.10598  
236   91.58076   92.10073  
237   91.55233   91.79577  
238   91.52146   91.56438  
239   91.52146   91.53628  
240   90.61807   91.51242  
241   90.61807   90.92819  
242   90.02030   90.61209  
243   90.02030   90.23205  
244   90.02030   90.02030  
245   90.02030   90.02030  
246   90.02030   90.02030  
247   90.02030   90.02030  
248   89.87747   90.01887  
249   89.87747   89.94182  
250   89.63755   89.87267  
251   89.63755   89.68362  
252   89.63755   89.63755  
253   89.44499   89.63563  
254   89.44499   89.53706  
255   89.44499   89.44499  
256   89.30368   89.44358  
257   88.05612   89.33854  
258   87.79469   88.39003  
259   86.92931   87.87729  
260   86.92277   87.14174  
261   86.23840   86.91906  
262   86.23840   86.50968  
263   85.50877   86.23110  
264   85.50877   85.79873  
265   85.50877   85.50877  
266   85.46487   85.50789  
267   84.64338   85.45855  
268   84.18646   84.94401  
269   84.18646   84.38387  
270   84.18646   84.18646  
271   84.18646   84.18646  
272   84.18646   84.18646  
273   84.14256   84.18602  
274   84.14256   84.16495  
275   84.14256   84.14256  
276   84.14256   84.14256  
277   84.14256   84.14256  
278   84.14256   84.14256  
279   84.14256   84.14256  
280   84.14256   84.14256  
281   82.90040   84.13014  
282   82.90040   83.50397  
283   82.90040   82.90040  
284   82.90040   82.90040  
285   82.81905   82.89959  
286   82.81905   82.86623  
287   82.81905   82.81905  
288   82.48616   82.81240  
289   82.48616   82.56734  
290   82.48616   82.48616  
291   82.27165   82.48401  
292   82.27165   82.36604  
293   81.93499   82.26829  
294   81.93499   82.09508  
295   81.61502   81.93179  
296   81.61502   81.77898  
297   81.61502   81.61502  
298   81.61502   81.61502  
299   81.61502   81.61502  
300   81.60205   81.61489  
301   81.60205   81.60788  
302   81.60205   81.60205  
303   81.35931   81.59962  
304   81.35931   81.46854  
305   81.35931   81.35931  
306   81.35931   81.35931  
307   81.35931   81.35931  
308   81.35931   81.35931  
309   81.35931   81.35931  
310   81.35931   81.35931  
311   81.35931   81.35931  
312   81.35931   81.35931  
313   81.23451   81.35806  
314   81.23451   81.28004  
315   81.23451   81.23451  
316   81.23451   81.23451  
317   81.23451   81.23451  
318   81.23451   81.23451  
319   81.23451   81.23451  
320   81.23451   81.23451  
321   81.16926   81.23386  
322   81.16926   81.19536  
323   81.16926   81.16926  
324   81.16926   81.16926  
325   81.16926   81.16926  
326   81.16926   81.16926  
327   81.16926   81.16926  
328   81.16926   81.16926  
329   81.16926   81.16926  
330   81.16926   81.16926  
331   81.16926   81.16926  
332   81.16926   81.16926  
333   80.68905   81.16445  
334   80.68905   80.87633  
335   80.68905   80.68905  
336   80.68905   80.68905  
337   80.68905   80.68905  
338   80.68905   80.68905  
339   80.68251   80.68898  
340   80.68251   80.68584  
341   80.04343   80.67612  
342   80.04343   80.31184  
343   80.04343   80.04343  
344   80.04343   80.04343  
345   79.43863   80.03738  
346   79.43863   79.67094  
347   79.43863   79.43863  
348   79.43863   79.43863  
349   79.43863   79.43863  
350   79.43863   79.43863  
351   79.43708   79.43862  
352   79.43708   79.43798  
353   79.43708   79.43708  
354   79.43708   79.43708  
355   79.43708   79.43708  
356   79.43708   79.43708  
357   79.43708   79.43708  
358   79.43708   79.43708  
359   79.43708   79.43708  
360   79.43708   79.43708  
361   78.42279   79.42693  
362   78.42279   78.81886  
363   78.42279   78.42279  
364   78.42279   78.42279  
365   78.42279   78.42279  
366   78.42279   78.42279  
367   78.42279   78.42279  
368   78.42279   78.42279  
369   78.42279   78.42279  
370   78.42279   78.42279  
371   78.42279   78.42279  
372   78.42279   78.42279  
373   78.42279   78.42279  
374   78.42279   78.42279  
375   78.42279   78.42279  
376   78.42279   78.42279  
377   78.42279   78.42279  
378   78.42279   78.42279  
379   78.42279   78.42279  
380   78.42279   78.42279  
381   77.68407   78.41541  
382   77.68407   78.02385  
383   77.68407   77.68407  
384   77.68407   77.68407  
385   77.68407   77.68407  
386   77.68407   77.68407  
387   77.68407   77.68407  
388   77.68407   77.68407  
389   77.48517   77.68208  
390   77.48517   77.57070  
391   77.31816   77.48350  
392   77.31816   77.38174  
393   77.31816   77.31816  
394   77.31816   77.31816  
395   77.31816   77.31816  
396   77.31816   77.31816  
397   77.31816   77.31816  
398   77.31816   77.31816  
399   77.31816   77.31816  
400   77.31816   77.31816  
401   77.31816   77.31816  
402   77.31816   77.31816  
403   77.31816   77.31816  
404   77.31816   77.31816  
405   77.31816   77.31816  
406   77.31816   77.31816  
407   77.31816   77.31816  
408   77.31816   77.31816  
409   77.31816   77.31816  
410   77.31816   77.31816  
411   76.96351   77.31462  
412   76.96351   77.10892  
413   76.96351   76.96351  
414   76.96351   76.96351  
415   76.96351   76.96351  
416   76.96351   76.96351  
417   76.96351   76.96351  
418   76.96351   76.96351  
419   76.96351   76.96351  
420   76.96351   76.96351  
421   76.56608   76.95954  
422   76.56608   76.70518  
423   76.56608   76.56608  
424   76.56608   76.56608  
425   76.56608   76.56608  
426   76.56608   76.56608  
427   76.56608   76.56608  
428   76.56608   76.56608  
429   76.56608   76.56608  
430   76.56608   76.56608  
431   76.32149   76.56364  
432   76.32149   76.41805  
433   76.32149   76.32149  
434   76.32149   76.32149  
435   76.32149   76.32149  
436   76.32149   76.32149  
437   76.32149   76.32149  
438   76.32149   76.32149  
439   76.32149   76.32149  
440   76.32149   76.32149  
441   76.32149   76.32149  
442   76.32149   76.32149  
443   76.32149   76.32149  
444   76.32149   76.32149  
445   76.32149   76.32149  
446   76.32149   76.32149  
447   76.32149   76.32149  
448   76.32149   76.32149  
449   76.32149   76.32149  
450   76.32149   76.32149  
451   76.00219   76.31830  
452   76.00219   76.11327  
453   76.00219   76.00219  
454   76.00219   76.00219  
455   76.00219   76.00219  
456   76.00219   76.00219  
457   76.00219   76.00219  
458   76.00219   76.00219  
459   76.00219   76.00219  
460   76.00219   76.00219  
461   76.00219   76.00219  
462   76.00219   76.00219  
463   76.00219   76.00219  
464   76.00219   76.00219  
465   76.00219   76.00219  
466   76.00219   76.00219  
467   76.00219   76.00219  
468   76.00219   76.00219  
469   76.00219   76.00219  
470   76.00219   76.00219  
471   75.66491   75.99882  
472   75.66491   75.76283  
473   75.66491   75.66491  
474   75.66491   75.66491  
475   75.66491   75.66491  
476   75.66491   75.66491  
477   75.66491   75.66491  
478   75.66491   75.66491  
479   75.66491   75.66491  
480   75.66491   75.66491  
481   75.66491   75.66491  
482   75.66491   75.66491  
483   75.66491   75.66491  
484   75.66491   75.66491  
485   75.66491   75.66491  
486   75.66491   75.66491  
487   75.66491   75.66491  
488   75.66491   75.66491  
489   75.66491   75.66491  
490   75.66491   75.66491  
491   75.66491   75.66491  
492   75.66491   75.66491  
493   75.66491   75.66491  
494   75.66491   75.66491  
495   75.66491   75.66491  
496   75.66491   75.66491  
497   75.66491   75.66491  
498   75.66491   75.66491  
499   75.66491   75.66491  
