0     455.48389  491.63334 
1     455.48389  491.63334 
2     446.43947  457.11437 
3     437.42824  446.71506 
4     431.54728  437.85456 
5     425.86677  432.72002 
6     415.89675  425.86645 
7     414.06155  418.12060 
8     409.37446  414.00534 
9     401.61277  409.35805 
10    396.36948  402.41793 
11    392.08632  397.21771 
12    385.61791  393.03488 
13    380.34827  386.76345 
14    375.18835  380.86017 
15    369.88339  376.96665 
16    359.25911  370.35575 
17    352.14987  360.84498 
18    350.31468  354.19747 
19    349.14921  350.67082 
20    346.10805  349.15600 
21    344.92147  346.93505 
22    342.52427  345.24850 
23    339.96983  342.67001 
24    337.01594  340.49494 
25    336.02546  337.60811 
26    327.76166  335.88725 
27    325.65137  329.82795 
28    321.45115  326.10539 
29    320.41299  322.12277 
30    319.02475  320.50589 
31    314.75982  319.17020 
32    312.01336  315.43264 
33    304.38051  312.28794 
34    301.65516  304.99576 
35    297.45682  302.06427 
36    293.51246  298.03980 
37    289.09941  293.93738 
38    285.70440  289.80576 
39    283.63750  286.40800 
40    281.09115  284.00196 
41    280.22606  281.72777 
42    278.60553  280.46284 
43    276.68392  278.69031 
44    274.24951  276.95123 
45    272.49755  275.01535 
46    269.58681  272.94103 
47    268.98377  270.35680 
48    262.88209  269.02801 
49    262.33908  264.90188 
50    261.79180  262.53401 
51    259.06327  261.88754 
52    258.53418  259.40109 
53    251.46416  258.48769 
54    246.53921  252.67194 
55    241.30885  248.30903 
56    238.05787  241.83409 
57    236.71510  238.49576 
58    234.84212  237.02447 
59    231.41193  235.12437 
60    229.96126  232.38369 
61    228.54564  230.46778 
62    221.15208  228.89503 
63    220.07484  223.01502 
64    219.43158  220.40766 
65    218.24539  219.60772 
66    216.85052  218.57448 
67    216.71258  217.48479 
68    216.19433  216.76124 
69    213.37360  216.30693 
70    213.37360  213.95590 
71    211.91557  213.33378 
72    207.84517  211.98064 
73    207.72475  209.08038 
74    205.43293  207.70617 
75    203.55051  206.24750 
76    202.02421  203.91378 
77    201.14178  202.66509 
78    199.97802  201.47052 
79    199.22301  200.29472 
80    199.22301  199.34511 
81    198.52653  199.20071 
82    195.40851  198.55427 
83    195.24572  196.18819 
84    194.50897  195.27069 
85    193.35493  194.51085 
86    191.91615  193.67200 
87    191.23074  192.42197 
88    190.69111  191.44998 
89    189.59068  190.81617 
90    189.06952  189.93783 
91    188.19151  189.21720 
92    187.36071  188.47583 
93    186.41829  187.46879 
94    185.81944  186.61329 
95    185.56293  185.98350 
96    184.94143  185.58274 
97    183.85033  185.11736 
98    182.49503  184.28099 
99    182.02951  182.93905 
100   178.70756  182.10544 
101   177.61741  179.28826 
102   174.90343  177.98746 
103   174.90343  175.69737 
104   174.27187  174.89048 
105   171.34893  174.35745 
106   168.84660  172.26618 
107   168.19681  169.54483 
108   167.87953  168.40453 
109   167.65774  167.98273 
110   163.34780  167.66819 
111   162.97907  164.28665 
112   161.71650  163.07311 
113   160.85766  162.04132 
114   160.85766  161.06379 
115   160.28071  160.84696 
116   160.08129  160.45723 
117   159.07438  160.11729 
118   158.22838  159.29837 
119   157.20208  158.54472 
120   156.43895  157.44642 
121   156.16132  156.56825 
122   154.85245  156.24843 
123   154.68451  155.39834 
124   153.36471  154.70667 
125   151.43954  153.68020 
126   151.42959  151.99348 
127   147.56582  151.39521 
128   146.46678  148.80364 
129   142.00512  146.82783 
130   141.60942  143.89337 
131   140.92910  141.76425 
132   139.90773  141.09091 
133   139.77447  140.20364 
134   138.88994  139.81593 
135   137.78694  139.23499 
136   137.65385  138.29975 
137   136.58404  137.67145 
138   136.18036  136.95734 
139   136.18036  136.33814 
140   136.18036  136.18036 
141   135.80004  136.16490 
142   134.70100  135.90440 
143   134.70100  135.13278 
144   134.37765  134.69258 
145   134.37765  134.43788 
146   134.31462  134.37636 
147   132.66554  134.32169 
148   131.80920  133.15109 
149   131.34545  132.00957 
150   130.51228  131.42995 
151   129.97584  130.77880 
152   129.79094  130.21086 
153   128.84416  129.87281 
154   128.84416  129.08999 
155   126.57108  128.82109 
156   125.10202  127.29896 
157   125.10202  125.57320 
158   124.32386  125.09138 
159   123.96148  124.56673 
160   122.99455  124.09069 
161   122.99455  123.40325 
162   122.81617  122.99277 
163   122.31651  122.83367 
164   122.31651  122.46675 
165   121.39751  122.30576 
166   120.88825  121.68874 
167   120.64689  121.03697 
168   120.61624  120.74460 
169   119.26504  120.61228 
170   119.26504  119.67679 
171   118.61409  119.25291 
172   118.61409  118.84972 
173   118.39130  118.61122 
174   118.02891  118.44473 
175   116.61113  118.09225 
176   116.54683  117.07777 
177   116.36193  116.56008 
178   116.26152  116.42343 
179   115.89914  116.27950 
180   115.35053  116.01489 
181   114.48967  115.57213 
182   114.07808  114.68761 
183   113.71570  114.15325 
184   113.71570  113.87338 
185   112.66485  113.69762 
186   112.66485  113.07532 
187   112.29466  112.66055 
188   112.29466  112.41482 
189   112.26172  112.29433 
190   111.51805  112.26776 
191   110.79069  111.81205 
192   110.77021  111.10076 
193   110.57133  110.77662 
194   110.57133  110.65486 
195   109.27764  110.55839 
196   109.27764  109.75000 
197   109.07506  109.27562 
198   109.07506  109.14984 
199   109.07506  109.07506 
200   108.84231  109.07063 
201   108.56868  108.91504 
202   108.56868  108.69613 
203   107.75310  108.55996 
204   107.07014  108.10596 
205   106.25267  107.36201 
206   104.93000  106.63014 
207   104.87054  105.50465 
208   104.65973  104.88207 
209   103.52697  104.71095 
210   103.52697  103.90996 
211   103.21309  103.52383 
212   103.21309  103.33923 
213   102.88185  103.20771 
214   102.07802  102.98904 
215   102.07802  102.40366 
216   100.60528  102.06122 
217   100.60528  101.01184 
218   100.60528  100.60528 
219   100.42125  100.60344 
220   99.99000   100.46846 
221   99.81986   100.11121 
222   99.54958   99.87257  
223   98.74805   99.62490  
224   98.74805   98.99121  
225   98.74805   98.74805  
226   98.26227   98.74320  
227   98.26227   98.44105  
228   98.26227   98.26227  
229   98.00254   98.25903  
230   98.00254   98.10968  
231   97.81852   98.00014  
232   97.03693   97.84670  
233   97.03693   97.22374  
234   96.52435   97.02214  
235   96.52435   96.71670  
236   96.45289   96.52364  
237   96.45289   96.48076  
238   96.45289   96.45289  
239   96.39621   96.45232  
240   96.18934   96.42191  
241   96.13200   96.26185  
242   96.13200   96.15952  
243   96.09166   96.13159  
244   95.91118   96.10152  
245   95.91118   95.97463  
246   95.91118   95.91118  
247   95.91118   95.91118  
248   95.67126   95.90878  
249   95.67126   95.74323  
250   95.67126   95.67126  
251   95.42255   95.66707  
252   95.42255   95.50983  
253   95.42255   95.42255  
254   94.60088   95.41433  
255   94.60088   94.91616  
256   94.52757   94.60015  
257   94.52757   94.55689  
258   94.52757   94.52757  
259   94.31206   94.52439  
260   94.31206   94.36221  
261   94.31206   94.31206  
262   94.10450   94.30999  
263   94.10450   94.17922  
264   93.92168   94.10267  
265   93.70335   93.97674  
266   93.70335   93.78412  
267   93.70335   93.70335  
268   93.50477   93.70136  
269   93.50477   93.57625  
270   93.50477   93.50477  
271   93.50477   93.50477  
272   93.50477   93.50477  
273   93.50477   93.50477  
274   93.50477   93.50477  
275   93.35953   93.50331  
276   93.32635   93.40713  
277   93.06376   93.33528  
278   93.06376   93.16458  
279   93.06376   93.06376  
280   93.06376   93.06376  
281   93.06376   93.06376  
282   93.06376   93.06376  
283   92.26623   93.05579  
284   92.21787   92.48602  
285   92.21787   92.24253  
286   92.12819   92.21697  
287   91.68177   92.15838  
288   91.68177   91.84241  
289   90.93879   91.67434  
290   90.84161   91.20344  
291   90.84161   90.87490  
292   90.84161   90.84161  
293   90.81822   90.84137  
294   90.75049   90.82867  
295   90.75049   90.77314  
296   90.29879   90.74597  
297   90.29879   90.46182  
298   90.29879   90.29879  
299   90.29879   90.29879  
300   88.94711   90.28248  
301   88.90257   89.49968  
302   88.90257   88.92618  
303   88.82523   88.90180  
304   88.82523   88.84707  
305   88.78069   88.82479  
306   88.50136   88.79215  
307   88.50136   88.59523  
308   88.50136   88.50136  
309   88.50136   88.50136  
310   88.50136   88.50136  
311   87.55464   88.48792  
312   87.55464   87.98656  
313   87.38173   87.55291  
314   87.38173   87.44312  
315   87.38173   87.38173  
316   87.38173   87.38173  
317   87.38173   87.38173  
318   86.84503   87.37636  
319   86.84503   87.08520  
320   86.52858   86.84187  
321   86.52858   86.65638  
322   86.30497   86.52635  
323   86.30497   86.39033  
324   86.30497   86.30497  
325   86.30497   86.30497  
326   86.30497   86.30497  
327   85.74800   86.29824  
328   85.74800   85.91243  
329   85.74800   85.74800  
330   85.74800   85.74800  
331   85.74800   85.74800  
332   85.74800   85.74800  
333   85.74800   85.74800  
334   85.74800   85.74800  
335   85.74800   85.74800  
336   85.70793   85.74760  
337   85.70793   85.72036  
338   85.70793   85.70793  
339   85.70793   85.70793  
340   85.70793   85.70793  
341   85.70793   85.70793  
342   85.70793   85.70793  
343   85.70793   85.70793  
344   85.48875   85.70574  
345   85.48875   85.60054  
346   85.48875   85.48875  
347   84.96867   85.48355  
348   84.96867   85.15333  
349   84.96867   84.96867  
350   84.88862   84.96734  
351   84.88862   84.92095  
352   84.88862   84.88862  
353   84.88862   84.88862  
354   84.23436   84.88208  
355   84.23436   84.43003  
356   84.23436   84.23436  
357   84.23436   84.23436  
358   83.70446   84.22376  
359   83.70446   83.88889  
360   83.70446   83.70446  
361   83.70446   83.70446  
362   83.70446   83.70446  
363   83.70446   83.70446  
364   83.70446   83.70446  
365   83.70446   83.70446  
366   83.70446   83.70446  
367   83.70446   83.70446  
368   83.70446   83.70446  
369   83.70446   83.70446  
370   83.70446   83.70446  
371   83.70446   83.70446  
372   83.70446   83.70446  
373   83.70446   83.70446  
374   83.70446   83.70446  
375   83.08322   83.69825  
376   83.08322   83.31989  
377   83.08322   83.08322  
378   83.08322   83.08322  
379   83.08322   83.08322  
380   83.08322   83.08322  
381   83.08322   83.08322  
382   83.08322   83.08322  
383   83.08322   83.08322  
384   83.08322   83.08322  
385   82.48578   83.07725  
386   82.48578   82.68075  
387   82.48578   82.48578  
388   82.05994   82.48153  
389   82.05994   82.25033  
390   82.05994   82.05994  
391   82.05994   82.05994  
392   82.05994   82.05994  
393   82.05994   82.05994  
394   82.05994   82.05994  
395   82.05994   82.05994  
396   82.05994   82.05994  
397   82.05994   82.05994  
398   82.05994   82.05994  
399   82.05994   82.05994  
400   82.05994   82.05994  
401   82.05994   82.05994  
402   82.05994   82.05994  
403   82.05994   82.05994  
404   82.05994   82.05994  
405   82.05994   82.05994  
406   82.05994   82.05994  
407   82.05994   82.05994  
408   82.05994   82.05994  
409   82.05994   82.05994  
410   82.05994   82.05994  
411   82.05994   82.05994  
412   82.05994   82.05994  
413   81.87662   82.05811  
414   81.87662   81.92611  
415   81.87662   81.87662  
416   81.87662   81.87662  
417   81.87662   81.87662  
418   81.87662   81.87662  
419   81.87662   81.87662  
420   81.87662   81.87662  
421   81.87662   81.87662  
422   81.87662   81.87662  
423   81.87662   81.87662  
424   81.87662   81.87662  
425   81.87662   81.87662  
426   81.87662   81.87662  
427   81.87662   81.87662  
428   81.87662   81.87662  
429   81.87662   81.87662  
430   81.87662   81.87662  
431   81.87662   81.87662  
432   81.87662   81.87662  
433   81.87662   81.87662  
434   81.38779   81.87173  
435   81.38779   81.61268  
436   81.34197   81.38733  
437   81.34197   81.35663  
438   81.34197   81.34197  
439   81.34197   81.34197  
440   81.34197   81.34197  
441   81.34197   81.34197  
442   81.34197   81.34197  
443   81.34197   81.34197  
444   81.34197   81.34197  
445   81.34197   81.34197  
446   81.34197   81.34197  
447   81.34197   81.34197  
448   81.18981   81.34044  
449   81.18981   81.25916  
450   81.18981   81.18981  
451   81.18981   81.18981  
452   81.18981   81.18981  
453   81.18981   81.18981  
454   81.18981   81.18981  
455   81.18981   81.18981  
456   81.18981   81.18981  
457   81.18981   81.18981  
458   81.18981   81.18981  
459   81.18981   81.18981  
460   81.18981   81.18981  
461   81.18981   81.18981  
462   81.18981   81.18981  
463   81.18981   81.18981  
464   81.18981   81.18981  
465   81.18981   81.18981  
466   80.68081   81.18472  
467   80.68081   80.89459  
468   80.68081   80.68081  
469   80.68081   80.68081  
470   80.68081   80.68081  
471   80.52019   80.67921  
472   80.52019   80.56516  
473   80.52019   80.52019  
474   80.52019   80.52019  
475   80.52019   80.52019  
476   80.52019   80.52019  
477   80.52019   80.52019  
478   80.52019   80.52019  
479   80.52019   80.52019  
480   80.47574   80.51974  
481   80.47574   80.49485  
482   79.99680   80.47095  
483   79.99680   80.18007  
484   79.99680   79.99680  
485   79.99680   79.99680  
486   79.99680   79.99680  
487   79.99680   79.99680  
488   79.99680   79.99680  
489   79.80145   79.99290  
490   79.80145   79.86621  
491   79.80145   79.80145  
492   79.80145   79.80145  
493   79.80145   79.80145  
494   79.80145   79.80145  
495   79.80145   79.80145  
496   79.80145   79.80145  
497   79.80145   79.80145  
498   79.80145   79.80145  
499   79.80145   79.80145  
