0     455.48389  491.63334 
1     455.48389  491.63334 
2     445.47217  456.66601 
3     436.35403  447.41688 
4     431.22365  437.79661 
5     414.60238  431.62280 
6     409.30883  417.99882 
7     404.91381  409.34710 
8     397.30659  404.70345 
9     391.24312  397.62815 
10    383.94625  391.82506 
11    382.33794  385.27951 
12    377.47242  382.22684 
13    373.56022  377.79686 
14    367.66899  374.10543 
15    363.30252  368.35559 
16    362.84784  363.70014 
17    354.65898  362.57760 
18    351.75095  355.78139 
19    343.80590  351.81111 
20    338.67552  344.88273 
21    336.54786  338.93638 
22    334.49206  336.72930 
23    330.73460  334.55973 
24    328.32424  331.64685 
25    321.20835  328.78571 
26    315.28630  322.39683 
27    314.85740  316.29458 
28    312.62814  314.96296 
29    307.51428  312.95787 
30    306.34419  308.73560 
31    280.97732  306.40157 
32    278.72343  285.91051 
33    275.68800  278.93982 
34    271.26356  276.48188 
35    268.26734  272.64124 
36    263.82253  268.62135 
37    262.12966  264.82199 
38    260.16925  262.43184 
39    258.17820  260.63970 
40    255.55353  258.51894 
41    254.96826  256.39391 
42    254.58142  255.14542 
43    252.58251  254.59035 
44    248.41007  253.07057 
45    245.87199  249.55631 
46    245.42903  246.49711 
47    242.98985  245.48511 
48    240.45647  243.75614 
49    240.13706  240.81521 
50    238.15575  240.17080 
51    237.49192  238.48324 
52    237.39977  237.73228 
53    235.85587  237.38049 
54    231.92010  236.02005 
55    226.24178  232.92091 
56    225.78574  228.03370 
57    217.27280  225.79014 
58    217.04554  219.96534 
59    215.42485  217.06226 
60    214.68412  215.84742 
61    214.66134  214.89208 
62    208.96438  214.58324 
63    208.54295  211.06475 
64    207.10931  208.66375 
65    205.49904  207.47758 
66    203.55508  205.76297 
67    201.13437  203.98500 
68    200.77941  201.74772 
69    198.73165  200.82588 
70    194.64451  199.19712 
71    192.66938  195.54722 
72    191.65339  193.21514 
73    191.13471  191.86098 
74    191.13471  191.29288 
75    190.36071  191.10716 
76    188.65121  190.57662 
77    187.66090  188.84403 
78    185.99254  187.85766 
79    179.19608  186.32086 
80    178.04855  181.80791 
81    177.07889  178.40220 
82    176.66859  177.41112 
83    175.80070  176.74417 
84    175.80070  176.03381 
85    172.19584  175.74085 
86    170.38298  172.91922 
87    170.38298  170.95516 
88    169.85016  170.37276 
89    169.36415  169.94941 
90    166.17133  169.47417 
91    165.48997  167.56912 
92    165.36502  165.78436 
93    164.86276  165.38871 
94    164.53161  164.98307 
95    164.40666  164.63759 
96    163.58018  164.43431 
97    163.16989  163.84429 
98    162.26428  163.30330 
99    161.89851  162.49405 
100   159.83128  162.01850 
101   158.64888  160.52767 
102   158.64888  159.11659 
103   157.65676  158.62649 
104   157.07677  157.93856 
105   156.64336  157.19348 
106   155.97340  156.79525 
107   155.81896  156.09566 
108   154.83446  155.86007 
109   154.83446  155.24389 
110   153.99593  154.80998 
111   153.99593  154.19210 
112   152.33610  153.97312 
113   151.08850  152.76992 
114   150.29286  151.45445 
115   149.72104  150.61896 
116   146.86356  149.88575 
117   146.86356  147.62663 
118   146.16177  146.85654 
119   144.82315  146.40814 
120   144.57455  145.35035 
121   143.22467  144.64853 
122   143.02908  143.74920 
123   142.19055  143.10374 
124   142.09571  142.43916 
125   142.09571  142.13554 
126   140.85352  142.04968 
127   140.36645  140.95867 
128   139.74522  140.53370 
129   139.36063  139.98479 
130   135.87153  139.45763 
131   131.64826  136.57503 
132   131.60193  132.98021 
133   131.21872  131.61267 
134   130.82881  131.31154 
135   130.04460  130.92654 
136   129.66139  130.31995 
137   129.40353  129.78634 
138   129.40168  129.49923 
139   129.39324  129.40224 
140   129.32815  129.39571 
141   129.04284  129.34678 
142   128.07612  129.12820 
143   127.96972  128.35936 
144   127.96972  128.01653 
145   127.68326  127.96676 
146   127.61106  127.77197 
147   126.02691  127.62188 
148   125.37821  126.43361 
149   124.51705  125.51772 
150   124.12714  124.78004 
151   120.92108  124.25293 
152   120.92108  121.82196 
153   120.78095  120.91959 
154   120.78095  120.83174 
155   120.78095  120.78095 
156   120.72840  120.78043 
157   120.72840  120.74661 
158   120.67000  120.72717 
159   119.17395  120.67293 
160   119.17395  119.75977 
161   118.16415  119.16274 
162   118.16415  118.48238 
163   118.16415  118.16415 
164   117.57794  118.15758 
165   116.62820  117.76475 
166   116.62820  116.91440 
167   116.61931  116.62811 
168   116.11191  116.61384 
169   113.93823  116.27813 
170   113.86716  114.83552 
171   113.59660  113.89260 
172   113.29945  113.71097 
173   113.24516  113.39520 
174   113.24516  113.26525 
175   113.12814  113.24399 
176   112.99095  113.17826 
177   112.99095  113.03402 
178   112.99095  112.99095 
179   112.99095  112.99095 
180   112.99095  112.99095 
181   112.95318  112.99023 
182   112.95318  112.96590 
183   112.78832  112.95153 
184   112.78832  112.85319 
185   112.70130  112.78745 
186   112.70130  112.73040 
187   112.28950  112.69662 
188   112.02982  112.43052 
189   110.74262  112.11046 
190   110.74262  111.09087 
191   107.59835  110.71118 
192   107.55202  108.43835 
193   106.80817  107.56357 
194   106.80817  106.98738 
195   106.50786  106.80517 
196   106.22415  106.62623 
197   106.22415  106.34259 
198   106.18359  106.22334 
199   105.79713  106.19108 
200   105.79713  105.91784 
201   105.79713  105.79713 
202   105.79713  105.79713 
203   105.65048  105.79567 
204   105.60701  105.69394 
205   105.60701  105.62350 
206   105.40669  105.60384 
207   104.65985  105.47486 
208   104.65985  104.94264 
209   103.97327  104.65298 
210   103.97327  104.30099 
211   102.33639  103.95690 
212   102.33639  102.86846 
213   102.14541  102.33448 
214   101.87813  102.19751 
215   101.87813  101.97236 
216   101.67782  101.87613 
217   101.67782  101.73701 
218   101.64914  101.67753 
219   101.64914  101.66490 
220   101.64914  101.64914 
221   100.73986  101.63829 
222   100.73986  101.13141 
223   100.73986  100.73986 
224   100.58506  100.73831 
225   100.11986  100.64370 
226   100.11986  100.31091 
227   100.11632  100.11983 
228   100.11632  100.11820 
229   100.09820  100.11603 
230   100.01779  100.10342 
231   98.26502   100.02990 
232   98.26502   98.91105  
233   98.26502   98.26502  
234   97.79982   98.25756  
235   97.79982   97.98184  
236   97.79982   97.79982  
237   97.79982   97.79982  
238   97.79982   97.79982  
239   97.79982   97.79982  
240   97.79982   97.79982  
241   92.58083   97.74763  
242   92.58083   93.88413  
243   92.26040   92.57762  
244   92.26040   92.37171  
245   92.26040   92.26040  
246   92.22381   92.26004  
247   92.22381   92.23515  
248   92.22381   92.22381  
249   91.81659   92.21974  
250   91.81659   91.99723  
251   91.49519   91.81337  
252   91.45463   91.60957  
253   91.36502   91.47280  
254   91.12222   91.39192  
255   91.12222   91.23148  
256   91.12222   91.12222  
257   90.57533   91.11635  
258   90.57533   90.74825  
259   90.57533   90.57533  
260   90.57533   90.57533  
261   90.57533   90.57533  
262   90.57533   90.57533  
263   90.57533   90.57533  
264   90.57533   90.57533  
265   90.57533   90.57533  
266   90.57533   90.57533  
267   90.57533   90.57533  
268   90.30634   90.57264  
269   90.30634   90.40195  
270   90.30634   90.30634  
271   89.39898   90.29726  
272   89.39898   89.79074  
273   89.39898   89.39898  
274   89.39898   89.39898  
275   89.39898   89.39898  
276   89.39898   89.39898  
277   89.39898   89.39898  
278   89.39898   89.39898  
279   89.39898   89.39898  
280   89.39898   89.39898  
281   82.07436   89.32573  
282   82.07436   84.71369  
283   82.07436   82.07436  
284   82.07436   82.07436  
285   82.07436   82.07436  
286   82.07436   82.07436  
287   82.07436   82.07436  
288   82.07436   82.07436  
289   82.07436   82.07436  
290   82.07436   82.07436  
291   82.07436   82.07436  
292   82.07436   82.07436  
293   82.07436   82.07436  
294   81.23219   82.06544  
295   81.23219   81.67745  
296   81.23219   81.23219  
297   81.23219   81.23219  
298   81.23219   81.23219  
299   81.23219   81.23219  
300   81.06733   81.23054  
301   81.06733   81.12833  
302   81.06733   81.06733  
303   81.06733   81.06733  
304   80.95528   81.06621  
305   80.95528   81.00571  
306   80.89842   80.95471  
307   80.75993   80.91466  
308   80.75993   80.80840  
309   80.75993   80.75993  
310   80.68443   80.75918  
311   80.68443   80.71239  
312   80.20501   80.67964  
313   80.20501   80.41114  
314   80.20501   80.20501  
315   80.17343   80.20470  
316   80.17343   80.18385  
317   80.16372   80.17333  
318   79.88511   80.16472  
319   79.88511   79.97069  
320   79.88511   79.88511  
321   79.88511   79.88511  
322   79.82825   79.88455  
323   79.82825   79.85384  
324   79.82825   79.82825  
325   79.82825   79.82825  
326   79.82825   79.82825  
327   79.82825   79.82825  
328   79.66276   79.82494  
329   79.66276   79.68991  
330   79.66276   79.66276  
331   79.66276   79.66276  
332   79.66276   79.66276  
333   79.66276   79.66276  
334   79.66276   79.66276  
335   79.66276   79.66276  
336   79.66276   79.66276  
337   79.66276   79.66276  
338   79.66276   79.66276  
339   79.66276   79.66276  
340   79.66276   79.66276  
341   79.66276   79.66276  
342   79.66276   79.66276  
343   79.66276   79.66276  
344   79.66276   79.66276  
345   79.66276   79.66276  
346   79.66276   79.66276  
347   79.66276   79.66276  
348   79.66276   79.66276  
349   79.66276   79.66276  
350   79.66276   79.66276  
351   79.66276   79.66276  
352   79.65042   79.66263  
353   79.65042   79.65646  
354   79.65042   79.65042  
355   79.65042   79.65042  
356   79.65042   79.65042  
357   79.65042   79.65042  
358   79.65042   79.65042  
359   79.65042   79.65042  
360   79.65042   79.65042  
361   75.62202   79.61013  
362   75.62202   76.82890  
363   75.62202   75.62202  
364   75.62202   75.62202  
365   75.62202   75.62202  
366   75.53857   75.62119  
367   75.53857   75.58196  
368   75.53857   75.53857  
369   75.53857   75.53857  
370   75.53857   75.53857  
371   75.53857   75.53857  
372   75.53857   75.53857  
373   75.53857   75.53857  
374   75.53857   75.53857  
375   75.53857   75.53857  
376   75.53857   75.53857  
377   75.53857   75.53857  
378   75.35721   75.53675  
379   75.35721   75.42757  
380   75.35721   75.35721  
381   75.35721   75.35721  
382   75.35721   75.35721  
383   75.35721   75.35721  
384   75.35721   75.35721  
385   74.84837   75.35212  
386   74.84837   75.04682  
387   74.55729   74.84546  
388   74.55729   74.69607  
389   74.55729   74.55729  
390   74.55729   74.55729  
391   74.55729   74.55729  
392   74.55729   74.55729  
393   74.55729   74.55729  
394   74.55729   74.55729  
395   74.55729   74.55729  
396   74.55729   74.55729  
397   74.55729   74.55729  
398   74.55729   74.55729  
399   74.55729   74.55729  
400   74.55729   74.55729  
401   74.55729   74.55729  
402   74.55729   74.55729  
403   74.22388   74.55396  
404   74.22388   74.37151  
405   74.22388   74.22388  
406   74.22388   74.22388  
407   74.22388   74.22388  
408   74.22388   74.22388  
409   74.22388   74.22388  
410   74.22388   74.22388  
411   74.22388   74.22388  
412   74.22388   74.22388  
413   74.22388   74.22388  
414   74.22388   74.22388  
415   74.22388   74.22388  
416   74.22388   74.22388  
417   74.22388   74.22388  
418   74.22388   74.22388  
419   74.22388   74.22388  
420   74.22388   74.22388  
421   74.22388   74.22388  
422   74.22388   74.22388  
423   74.22388   74.22388  
424   74.22388   74.22388  
425   74.22388   74.22388  
426   74.22388   74.22388  
427   74.22388   74.22388  
428   74.22388   74.22388  
429   74.22388   74.22388  
430   74.22388   74.22388  
431   74.22388   74.22388  
432   74.22388   74.22388  
433   74.22388   74.22388  
434   74.22388   74.22388  
435   74.22388   74.22388  
436   74.22388   74.22388  
437   74.22388   74.22388  
438   74.22388   74.22388  
439   74.22388   74.22388  
440   74.22388   74.22388  
441   74.17199   74.22336  
442   74.17199   74.18963  
443   74.17199   74.17199  
444   74.17199   74.17199  
445   74.17199   74.17199  
446   74.17199   74.17199  
447   74.17199   74.17199  
448   74.17199   74.17199  
449   74.17199   74.17199  
450   74.17199   74.17199  
451   74.17199   74.17199  
452   74.17199   74.17199  
453   74.17199   74.17199  
454   74.17199   74.17199  
455   74.17199   74.17199  
456   74.17199   74.17199  
457   74.17199   74.17199  
458   74.17199   74.17199  
459   74.17199   74.17199  
460   74.17199   74.17199  
461   74.17199   74.17199  
462   74.17199   74.17199  
463   74.17199   74.17199  
464   74.17199   74.17199  
465   74.17199   74.17199  
466   74.17199   74.17199  
467   74.17199   74.17199  
468   74.17199   74.17199  
469   74.17199   74.17199  
470   74.17199   74.17199  
471   74.17199   74.17199  
472   74.17199   74.17199  
473   74.17199   74.17199  
474   74.17199   74.17199  
475   74.17199   74.17199  
476   74.17199   74.17199  
477   74.17199   74.17199  
478   74.17199   74.17199  
479   74.17199   74.17199  
480   74.17199   74.17199  
481   74.17199   74.17199  
482   74.17199   74.17199  
483   74.17199   74.17199  
484   74.17199   74.17199  
485   74.17199   74.17199  
486   74.17199   74.17199  
487   74.17199   74.17199  
488   74.17199   74.17199  
489   74.17199   74.17199  
490   74.17199   74.17199  
491   73.12528   74.16153  
492   73.12528   73.45309  
493   73.12528   73.12528  
494   73.12528   73.12528  
495   73.12528   73.12528  
496   73.12528   73.12528  
497   73.12528   73.12528  
498   73.12528   73.12528  
499   73.12528   73.12528  
