0     455.48389  491.63334 
1     455.48389  491.63334 
2     447.25930  456.18451 
3     440.29665  448.15590 
4     436.02764  440.94905 
5     428.40761  435.95582 
6     424.53547  428.83739 
7     423.92353  424.74874 
8     419.28328  423.69928 
9     412.74165  419.59308 
10    407.33728  413.61122 
11    395.80898  407.35631 
12    391.01213  396.27053 
13    387.12580  390.95933 
14    380.23332  387.71172 
15    375.73491  381.57482 
16    370.64293  376.46128 
17    369.52825  371.61280 
18    364.06795  369.34433 
19    361.60882  364.53658 
20    357.87106  361.65358 
21    353.93483  358.24289 
22    351.47570  354.53417 
23    348.07251  351.63572 
24    342.45941  348.14599 
25    334.49452  342.88073 
26    330.48959  336.27787 
27    329.16275  331.29791 
28    327.95977  329.25504 
29    318.43100  328.00180 
30    313.54992  318.53354 
31    310.39658  314.48028 
32    307.13007  310.54213 
33    305.41025  307.14647 
34    301.64516  305.75117 
35    300.48390  302.48414 
36    296.86248  300.50752 
37    294.19257  296.87436 
38    292.71519  294.49651 
39    290.30623  292.63593 
40    285.41731  290.36274 
41    283.88602  286.48549 
42    281.22698  284.04368 
43    278.76667  281.91355 
44    276.71553  278.98954 
45    274.55092  276.83743 
46    272.79385  275.01512 
47    271.70167  273.11327 
48    270.71989  271.86002 
49    268.67993  270.78395 
50    266.66521  268.89237 
51    265.26577  267.14849 
52    263.71518  265.85467 
53    262.83511  264.17379 
54    254.64725  262.71663 
55    253.89746  256.11638 
56    250.73055  254.03802 
57    250.73055  251.35308 
58    248.68383  250.65993 
59    245.05763  248.63480 
60    243.72496  245.38558 
61    242.43775  243.92252 
62    239.81542  242.57936 
63    237.97428  240.65809 
64    229.39084  238.31677 
65    228.39594  231.62041 
66    226.80604  228.55825 
67    225.35007  227.00833 
68    224.23910  225.54970 
69    223.12749  224.63849 
70    221.62485  223.60050 
71    219.76802  221.72617 
72    215.78291  220.15651 
73    214.95370  215.89248 
74    212.45430  214.94407 
75    209.60693  212.42248 
76    208.48561  210.50767 
77    205.63824  208.43531 
78    204.54618  206.32469 
79    202.74286  204.65949 
80    198.14615  202.79149 
81    195.79061  199.56208 
82    195.07407  196.69361 
83    194.37193  195.10980 
84    191.34947  194.45650 
85    190.50700  192.10734 
86    189.14840  190.60373 
87    188.45562  189.48028 
88    187.35013  188.56033 
89    185.40752  187.81834 
90    185.40752  185.87018 
91    184.42509  185.36992 
92    183.54152  184.52273 
93    181.64438  183.65016 
94    180.56306  182.00655 
95    178.30567  181.02699 
96    177.52648  178.72291 
97    177.21360  177.70301 
98    176.28218  177.29829 
99    175.52714  176.44834 
100   175.18146  175.60396 
101   174.79013  175.34644 
102   173.94766  174.86965 
103   173.94766  174.02620 
104   173.45654  173.93185 
105   172.39783  173.47507 
106   172.39783  172.81811 
107   170.86421  172.36425 
108   170.70759  171.23064 
109   170.10652  170.74167 
110   167.57182  170.15071 
111   166.77921  167.89006 
112   166.60231  166.92268 
113   165.37744  166.64705 
114   164.69186  165.87273 
115   163.25715  164.94969 
116   160.95789  163.78604 
117   160.05346  161.73710 
118   159.71656  160.32963 
119   157.72360  159.68559 
120   156.90805  158.09425 
121   156.30698  157.04010 
122   155.24637  156.39515 
123   154.80617  155.52975 
124   154.38646  154.96090 
125   153.56736  154.57103 
126   153.56736  153.86290 
127   152.88388  153.54673 
128   152.88388  152.89205 
129   151.75803  152.87035 
130   149.66739  152.11643 
131   149.66739  150.48833 
132   149.66739  149.66739 
133   148.69997  149.64252 
134   148.23362  148.90499 
135   148.05613  148.47236 
136   146.55746  148.06210 
137   146.55746  147.00274 
138   145.16030  146.54165 
139   144.74998  145.71284 
140   144.53320  144.94763 
141   143.82968  144.55233 
142   143.55881  143.90961 
143   143.55881  143.58372 
144   142.68524  143.53567 
145   142.39390  142.83400 
146   141.77561  142.48812 
147   141.06684  141.83218 
148   140.72839  141.24904 
149   140.44208  140.90456 
150   139.92406  140.56864 
151   139.29930  139.99683 
152   139.29930  139.55635 
153   137.91099  139.28242 
154   137.91099  138.46825 
155   137.08943  137.89951 
156   137.08943  137.36512 
157   137.08148  137.08935 
158   136.94849  137.08215 
159   136.31628  136.97895 
160   136.17534  136.54491 
161   134.84717  136.21833 
162   134.61285  135.35825 
163   133.50322  134.69042 
164   133.50322  134.09077 
165   132.91791  133.49694 
166   131.68089  133.20505 
167   131.68089  132.19189 
168   131.47850  131.67886 
169   131.47850  131.57767 
170   130.40964  131.46470 
171   130.40964  130.86563 
172   130.26258  130.40718 
173   130.01465  130.29785 
174   129.58093  130.11956 
175   129.26363  129.64476 
176   129.26363  129.36629 
177   128.54938  129.25649 
178   128.54938  128.89157 
179   127.93833  128.53751 
180   127.83582  128.01148 
181   127.83582  127.86872 
182   127.06712  127.81579 
183   126.63475  127.20665 
184   126.50754  126.75345 
185   126.02696  126.55442 
186   126.02696  126.09014 
187   125.96459  126.02446 
188   125.69431  125.95981 
189   125.69431  125.71495 
190   125.69431  125.69431 
191   124.71724  125.67408 
192   124.71724  124.94890 
193   124.71724  124.71724 
194   124.68173  124.71689 
195   123.21749  124.68634 
196   123.21749  123.97966 
197   123.21749  123.21749 
198   122.72780  123.21239 
199   122.66948  122.94605 
200   119.07861  122.65642 
201   118.80962  120.44224 
202   118.80962  118.93684 
203   118.64787  118.80800 
204   118.28303  118.70274 
205   117.73674  118.39933 
206   117.12123  117.99827 
207   116.92797  117.41300 
208   115.50663  116.98694 
209   115.34934  115.99146 
210   115.34934  115.37469 
211   115.15541  115.34618 
212   115.15541  115.21095 
213   114.87779  115.15101 
214   110.55567  114.91816 
215   110.55567  112.26049 
216   110.27069  110.55282 
217   110.22289  110.37745 
218   110.07461  110.23670 
219   109.89935  110.12701 
220   109.63142  109.92865 
221   109.47517  109.71143 
222   109.47517  109.55173 
223   109.32689  109.47369 
224   109.26827  109.39000 
225   109.20238  109.29363 
226   108.39790  109.22586 
227   108.39790  108.69612 
228   108.39790  108.39790 
229   107.87241  108.39211 
230   107.87241  108.08575 
231   107.87241  107.87241 
232   107.82941  107.87198 
233   107.80080  107.84923 
234   107.80080  107.80859 
235   107.25646  107.79536 
236   107.25646  107.44934 
237   107.25646  107.25646 
238   107.21345  107.25603 
239   106.81833  107.22571 
240   106.56415  107.00570 
241   106.38990  106.66922 
242   106.21373  106.47075 
243   106.21373  106.29669 
244   106.21373  106.21373 
245   106.21373  106.21373 
246   106.21373  106.21373 
247   105.82954  106.20946 
248   105.82954  105.95752 
249   105.54181  105.82389 
250   105.14098  105.58614 
251   105.14098  105.30616 
252   105.14098  105.14098 
253   105.14098  105.14098 
254   104.96535  105.13922 
255   104.96535  105.03033 
256   104.76932  104.96339 
257   104.76932  104.85199 
258   104.76932  104.76932 
259   104.76932  104.76932 
260   104.76932  104.76932 
261   104.76932  104.76932 
262   104.76932  104.76932 
263   104.76932  104.76932 
264   104.76932  104.76932 
265   104.76932  104.76932 
266   104.76932  104.76932 
267   104.76932  104.76932 
268   104.54210  104.76705 
269   104.54210  104.63981 
270   103.91198  104.53580 
271   103.91198  104.18671 
272   103.69852  103.90779 
273   103.69852  103.72926 
274   103.69852  103.69852 
275   103.16276  103.69316 
276   102.95714  103.41251 
277   102.85860  103.05690 
278   102.85860  102.90492 
279   102.85860  102.85860 
280   102.85860  102.85860 
281   102.16410  102.85166 
282   102.16410  102.55654 
283   102.16410  102.16410 
284   102.16410  102.16410 
285   102.16410  102.16410 
286   102.16410  102.16410 
287   101.11889  102.14370 
288   101.11889  101.15608 
289   100.73490  101.11505 
290   100.73490  100.90220 
291   100.73490  100.73490 
292   100.73490  100.73490 
293   100.73490  100.73490 
294   100.43475  100.73189 
295   100.43475  100.58026 
296   99.88043   100.42688 
297   99.88043   100.08540 
298   99.36741   99.87530  
299   99.36741   99.62571  
300   99.08979   99.36464  
301   99.08979   99.21454  
302   97.37289   99.07262  
303   97.32801   98.11169  
304   97.32801   97.33923  
305   97.32801   97.32801  
306   97.32801   97.32801  
307   97.32801   97.32801  
308   97.32801   97.32801  
309   97.32801   97.32801  
310   97.01342   97.32487  
311   96.10842   97.15963  
312   96.10842   96.38245  
313   96.10254   96.10836  
314   96.10254   96.10436  
315   95.88937   96.10041  
316   95.88937   95.99382  
317   94.53125   95.87579  
318   94.53125   95.01006  
319   94.45123   94.53045  
320   94.45123   94.48724  
321   94.45123   94.45123  
322   94.45123   94.45123  
323   94.41046   94.45082  
324   94.41046   94.42596  
325   94.41046   94.41046  
326   94.41046   94.41046  
327   94.41046   94.41046  
328   94.41046   94.41046  
329   93.68359   94.40320  
330   93.68359   94.04729  
331   93.62712   93.68302  
332   93.49224   93.64949  
333   93.49224   93.55698  
334   93.49224   93.49224  
335   93.49224   93.49224  
336   92.84532   93.48577  
337   92.84532   93.14832  
338   92.56273   92.84249  
339   92.45987   92.68897  
340   92.45987   92.48867  
341   92.16326   92.45691  
342   91.59526   92.28809  
343   91.59526   91.82908  
344   90.22636   91.58157  
345   90.22636   90.76990  
346   90.21773   90.22627  
347   90.21773   90.22187  
348   90.21773   90.21773  
349   89.93609   90.21492  
350   89.93609   90.08231  
351   89.83664   89.93510  
352   87.44829   89.85055  
353   86.83524   88.80588  
354   86.83524   87.08178  
355   86.83524   86.83524  
356   86.41019   86.83099  
357   86.41019   86.59081  
358   84.83693   86.39239  
359   84.83693   85.40970  
360   83.36172   84.81579  
361   83.36172   83.92510  
362   83.36172   83.36172  
363   82.65945   83.35470  
364   82.65945   82.95518  
365   81.51807   82.63320  
366   81.05301   81.57764  
367   80.88267   81.17867  
368   80.88267   80.95932  
369   80.77789   80.88162  
370   80.70219   80.81485  
371   80.70219   80.73777  
372   80.70219   80.70219  
373   79.44091   80.68958  
374   79.44091   79.98719  
375   79.44091   79.44091  
376   79.44091   79.44091  
377   79.27606   79.43840  
378   79.27606   79.33997  
379   79.12941   79.27459  
380   79.12941   79.20521  
381   79.12941   79.12941  
382   78.66999   79.12481  
383   78.66999   78.85204  
384   78.66999   78.66999  
385   78.66999   78.66999  
386   78.66999   78.66999  
387   78.66999   78.66999  
388   78.52412   78.66707  
389   78.52412   78.54714  
390   78.52412   78.52412  
391   78.52412   78.52412  
392   78.52412   78.52412  
393   78.52412   78.52412  
394   78.52412   78.52412  
395   78.52412   78.52412  
396   78.52412   78.52412  
397   78.52412   78.52412  
398   78.52412   78.52412  
399   78.52412   78.52412  
400   78.52412   78.52412  
401   78.52412   78.52412  
402   78.52412   78.52412  
403   78.52412   78.52412  
404   78.52412   78.52412  
405   78.52412   78.52412  
406   78.52412   78.52412  
407   78.52412   78.52412  
408   78.52412   78.52412  
409   78.52412   78.52412  
410   78.52412   78.52412  
411   78.52412   78.52412  
412   78.52412   78.52412  
413   78.52412   78.52412  
414   78.52412   78.52412  
415   78.52412   78.52412  
416   78.52412   78.52412  
417   78.52412   78.52412  
418   78.52412   78.52412  
419   78.05133   78.51939  
420   78.05133   78.26277  
421   77.74573   78.04697  
422   77.74573   77.86794  
423   77.74573   77.74573  
424   77.74573   77.74573  
425   77.74573   77.74573  
426   77.74573   77.74573  
427   77.74573   77.74573  
428   77.74573   77.74573  
429   77.74573   77.74573  
430   77.74573   77.74573  
431   77.74573   77.74573  
432   77.74573   77.74573  
433   77.74573   77.74573  
434   77.20703   77.74035  
435   77.20703   77.44051  
436   77.20703   77.20703  
437   76.59205   77.20088  
438   76.59205   76.89610  
439   76.59205   76.59205  
440   76.59205   76.59205  
441   76.59205   76.59205  
442   76.43175   76.59045  
443   76.43175   76.51831  
444   76.43175   76.43175  
445   76.43175   76.43175  
446   76.43175   76.43175  
447   76.43175   76.43175  
448   76.43175   76.43175  
449   76.43175   76.43175  
450   76.43175   76.43175  
451   76.43175   76.43175  
452   76.43175   76.43175  
453   76.43175   76.43175  
454   76.43175   76.43175  
455   76.43175   76.43175  
456   76.43175   76.43175  
457   76.43175   76.43175  
458   76.43175   76.43175  
459   76.43175   76.43175  
460   76.43175   76.43175  
461   76.43175   76.43175  
462   76.43175   76.43175  
463   76.43175   76.43175  
464   76.43175   76.43175  
465   76.43175   76.43175  
466   76.43175   76.43175  
467   75.63910   76.42382  
468   75.63910   75.99231  
469   75.63910   75.63910  
470   75.63910   75.63910  
471   75.63910   75.63910  
472   75.63910   75.63910  
473   75.63910   75.63910  
474   75.63910   75.63910  
475   75.63910   75.63910  
476   75.63910   75.63910  
477   75.63910   75.63910  
478   75.63910   75.63910  
479   75.63910   75.63910  
480   75.34869   75.63619  
481   75.34869   75.45493  
482   75.34869   75.34869  
483   75.34869   75.34869  
484   75.34869   75.34869  
485   75.34869   75.34869  
486   75.34869   75.34869  
487   75.34869   75.34869  
488   75.34869   75.34869  
489   75.34869   75.34869  
490   75.34869   75.34869  
491   75.34869   75.34869  
492   75.34869   75.34869  
493   75.34869   75.34869  
494   75.34869   75.34869  
495   75.34869   75.34869  
496   75.34869   75.34869  
497   75.34869   75.34869  
498   75.34869   75.34869  
499   75.34869   75.34869  
