0     455.48389  491.63334 
1     455.48389  491.63334 
2     442.31771  454.88249 
3     434.35305  441.91411 
4     425.55946  434.12644 
5     417.83720  425.01363 
6     406.65526  417.36607 
7     401.52488  406.28586 
8     391.16407  401.15064 
9     388.23398  390.97995 
10    377.99165  387.59691 
11    371.74377  377.80014 
12    368.00881  371.53645 
13    360.83876  367.69136 
14    353.99990  360.55174 
15    350.91201  353.91153 
16    347.49257  350.73482 
17    345.44067  347.38778 
18    340.14712  345.19541 
19    335.01332  340.00249 
20    328.29528  334.76227 
21    323.80197  328.14195 
22    318.36593  323.68384 
23    315.54325  318.28336 
24    308.19721  315.39200 
25    306.76256  308.15089 
26    300.77582  306.54438 
27    292.69748  300.67461 
28    289.49720  292.52457 
29    279.16021  289.26253 
30    275.47974  279.05918 
31    268.51187  275.31581 
32    264.91155  268.40065 
33    261.83758  264.73902 
34    259.86199  261.80363 
35    250.99464  259.68069 
36    248.84590  250.92970 
37    246.92463  248.79367 
38    245.91066  246.91290 
39    243.67048  245.83574 
40    238.40719  243.53925 
41    236.35943  238.36611 
42    233.12925  236.29163 
43    231.41906  233.08564 
44    227.27149  231.30743 
45    226.47235  227.22585 
46    223.05150  226.40430 
47    222.41385  223.02689 
48    219.09821  222.32757 
49    216.51260  219.05183 
50    215.15844  216.43604 
51    214.12116  215.12902 
52    212.21381  214.04942 
53    211.19907  212.19213 
54    208.54213  211.15494 
55    207.92270  208.53209 
56    207.36710  207.89648 
57    205.50660  207.32783 
58    204.76449  205.48904 
59    203.44270  204.73016 
60    202.19286  203.39849 
61    201.40494  202.17547 
62    200.32158  201.37743 
63    197.41480  200.21878 
64    194.84627  197.37698 
65    194.40067  194.83573 
66    193.08315  194.37494 
67    192.70177  193.07369 
68    191.27508  192.68097 
69    189.98771  191.24391 
70    189.07706  189.95326 
71    188.54869  189.06172 
72    187.56739  188.53311 
73    186.64642  187.54485 
74    186.43223  186.64217 
75    183.91053  186.38903 
76    183.57093  183.90631 
77    183.42472  183.56753 
78    180.72195  183.39248 
79    179.43382  180.69172 
80    174.52267  179.37632 
81    173.77344  174.50958 
82    173.12918  173.74428 
83    171.78622  173.10515 
84    171.05470  171.76197 
85    167.98009  171.01893 
86    163.82635  167.93472 
87    161.73289  163.79552 
88    160.52198  161.69940 
89    158.32748  160.47516 
90    157.71423  158.31263 
91    156.13901  157.67500 
92    154.97718  156.10676 
93    153.80529  154.95455 
94    152.30111  153.78555 
95    151.58273  152.27635 
96    150.58600  151.57276 
97    149.04895  150.57063 
98    148.43539  149.03520 
99    144.49138  148.37683 
100   143.12468  144.46631 
101   142.78264  143.12126 
102   140.80306  142.75805 
103   140.13168  140.79261 
104   139.46155  140.12365 
105   138.56857  139.44806 
106   138.38713  138.56590 
107   137.52935  138.37239 
108   136.03851  137.51379 
109   135.22602  136.01526 
110   134.88180  135.22048 
111   134.67155  134.87765 
112   134.39904  134.66700 
113   133.87163  134.37948 
114   133.76455  133.87056 
115   133.62841  133.76127 
116   133.26971  133.62049 
117   133.06523  133.26767 
118   132.83324  133.06291 
119   132.38389  132.82875 
120   132.27355  132.38214 
121   132.12194  132.27204 
122   130.92915  132.11001 
123   130.31949  130.91831 
124   129.08923  130.30153 
125   128.87897  129.08298 
126   128.20915  128.86440 
127   128.10143  128.20797 
128   127.07126  128.07570 
129   127.07126  127.07126 
130   127.07126  127.07126 
131   126.11413  127.05444 
132   125.96197  126.11130 
133   125.61665  125.95852 
134   124.91120  125.60207 
135   124.37027  124.89901 
136   122.86628  124.35166 
137   122.64220  122.86327 
138   122.30859  122.63876 
139   122.29856  122.30848 
140   122.11052  122.29668 
141   121.46569  122.09958 
142   121.46569  121.46569 
143   121.46569  121.46569 
144   121.19786  121.46220 
145   120.11186  121.18473 
146   119.21979  120.10294 
147   118.62526  119.21008 
148   117.88549  118.61299 
149   117.82038  117.88484 
150   117.02979  117.80791 
151   116.77226  117.02722 
152   116.22861  116.76673 
153   115.78987  116.22046 
154   115.41352  115.78299 
155   115.01218  115.40488 
156   113.52607  114.99202 
157   113.52607  113.52607 
158   113.25659  113.52034 
159   110.45992  113.22862 
160   110.45992  110.45992 
161   109.43603  110.44649 
162   109.43603  109.43603 
163   109.11707  109.43063 
164   108.33919  109.10929 
165   108.25409  108.33834 
166   108.25409  108.25409 
167   107.56716  108.24365 
168   107.36819  107.56461 
169   107.14773  107.36599 
170   106.87040  107.14495 
171   106.87040  106.87040 
172   106.87040  106.87040 
173   106.13066  106.85718 
174   106.05092  106.12986 
175   105.68969  106.04731 
176   105.64327  105.68922 
177   105.58777  105.64238 
178   105.58777  105.58777 
179   105.58777  105.58777 
180   105.57840  105.58768 
181   103.49519  105.55757 
182   102.58940  103.48087 
183   102.05491  102.58406 
184   101.17509  102.04223 
185   101.01182  101.17345 
186   100.68223  101.00852 
187   100.49916  100.67917 
188   100.49916  100.49916 
189   100.23813  100.49655 
190   100.09396  100.23545 
191   99.46810   100.08770 
192   99.46810   99.46810  
193   99.46810   99.46810  
194   99.46810   99.46810  
195   99.29654   99.46638  
196   99.29106   99.29649  
197   99.29106   99.29106  
198   99.15618   99.28847  
199   98.75925   99.15221  
200   98.63600   98.75802  
201   98.63600   98.63600  
202   98.63600   98.63600  
203   97.96584   98.62930  
204   97.57818   97.96140  
205   97.52131   97.57761  
206   97.52131   97.52131  
207   97.52131   97.52131  
208   97.39806   97.52008  
209   97.39806   97.39806  
210   97.39806   97.39806  
211   96.68677   97.39095  
212   96.68677   96.68677  
213   96.68677   96.68677  
214   96.59280   96.68583  
215   96.59280   96.59280  
216   96.59280   96.59280  
217   96.59280   96.59280  
218   96.35006   96.59038  
219   96.35006   96.35006  
220   96.35006   96.35006  
221   96.18457   96.34841  
222   96.18457   96.18457  
223   95.44248   96.17715  
224   95.40847   95.44200  
225   94.91553   95.40354  
226   94.91553   94.91553  
227   94.91553   94.91553  
228   94.91553   94.91553  
229   94.91553   94.91553  
230   94.91553   94.91553  
231   94.91553   94.91553  
232   94.91553   94.91553  
233   94.91553   94.91553  
234   94.91553   94.91553  
235   94.91553   94.91553  
236   94.91553   94.91553  
237   94.25306   94.90890  
238   94.25306   94.25306  
239   94.25306   94.25306  
240   94.25306   94.25306  
241   94.25306   94.25306  
242   94.25306   94.25306  
243   94.25306   94.25306  
244   94.25306   94.25306  
245   94.09951   94.25152  
246   94.06209   94.09913  
247   94.06209   94.06209  
248   93.96728   94.06114  
249   93.56840   93.96329  
250   93.56840   93.56840  
251   93.56840   93.56840  
252   93.56840   93.56840  
253   93.56840   93.56840  
254   93.56840   93.56840  
255   93.56840   93.56840  
256   93.56840   93.56840  
257   93.56840   93.56840  
258   93.56840   93.56840  
259   93.27511   93.56254  
260   92.95194   93.27188  
261   92.92771   92.95170  
262   92.81536   92.92659  
263   92.81536   92.81536  
264   92.66329   92.81231  
265   92.66329   92.66329  
266   92.66329   92.66329  
267   92.66329   92.66329  
268   92.66329   92.66329  
269   92.66329   92.66329  
270   92.41221   92.66078  
271   92.41221   92.41221  
272   92.29863   92.41107  
273   92.29863   92.29863  
274   92.29863   92.29863  
275   92.29863   92.29863  
276   92.15342   92.29718  
277   92.15342   92.15342  
278   92.15342   92.15342  
279   92.15342   92.15342  
280   92.15342   92.15342  
281   92.15342   92.15342  
282   92.15342   92.15342  
283   92.15342   92.15342  
284   92.15342   92.15342  
285   91.93098   92.15119  
286   91.93098   91.93098  
287   91.93098   91.93098  
288   91.93098   91.93098  
289   91.93098   91.93098  
290   91.93098   91.93098  
291   91.93098   91.93098  
292   91.93098   91.93098  
293   91.93098   91.93098  
294   91.93098   91.93098  
295   91.93098   91.93098  
296   91.93098   91.93098  
297   91.93098   91.93098  
298   91.93098   91.93098  
299   91.93098   91.93098  
300   91.93098   91.93098  
301   91.72426   91.92892  
302   91.72426   91.72426  
303   91.69735   91.72399  
304   91.69735   91.69735  
305   91.69735   91.69735  
306   89.84714   91.67111  
307   89.22037   89.84087  
308   89.22037   89.22037  
309   89.22037   89.22037  
310   89.22037   89.22037  
311   89.22037   89.22037  
312   88.54358   89.21360  
313   88.54358   88.54358  
314   88.43718   88.54252  
315   88.43718   88.43718  
316   88.34925   88.43630  
317   88.34925   88.34925  
318   88.12134   88.34697  
319   86.86556   88.10247  
320   86.80091   86.86491  
321   86.77593   86.80066  
322   86.75304   86.77570  
323   86.75304   86.75304  
324   86.51690   86.74917  
325   86.51690   86.51690  
326   86.51690   86.51690  
327   86.51690   86.51690  
328   85.82935   86.51002  
329   85.82935   85.82935  
330   85.80828   85.82914  
331   85.80828   85.80828  
332   85.80828   85.80828  
333   85.31859   85.80339  
334   85.30047   85.31841  
335   85.30047   85.30047  
336   85.30047   85.30047  
337   85.30047   85.30047  
338   85.30047   85.30047  
339   85.29624   85.30043  
340   85.28708   85.29614  
341   85.28708   85.28708  
342   85.28708   85.28708  
343   85.28708   85.28708  
344   85.28708   85.28708  
345   85.28708   85.28708  
346   85.28708   85.28708  
347   85.28708   85.28708  
348   85.28708   85.28708  
349   85.28708   85.28708  
350   85.28708   85.28708  
351   85.28708   85.28708  
352   85.28708   85.28708  
353   85.28708   85.28708  
354   85.28708   85.28708  
355   85.28708   85.28708  
356   85.28708   85.28708  
357   85.05314   85.28474  
358   84.32779   85.04588  
359   84.11330   84.32565  
360   84.09223   84.11308  
361   84.09223   84.09223  
362   84.09223   84.09223  
363   83.59757   84.08728  
364   83.59757   83.59757  
365   83.50484   83.59664  
366   83.50484   83.50484  
367   83.50484   83.50484  
368   83.38717   83.50366  
369   83.38717   83.38717  
370   83.38717   83.38717  
371   83.38717   83.38717  
372   83.38717   83.38717  
373   83.38717   83.38717  
374   83.38717   83.38717  
375   83.38717   83.38717  
376   83.38717   83.38717  
377   82.76352   83.38093  
378   82.76352   82.76352  
379   82.76352   82.76352  
380   81.86020   82.75337  
381   81.86020   81.86020  
382   81.86020   81.86020  
383   81.86020   81.86020  
384   81.86020   81.86020  
385   81.86020   81.86020  
386   81.86020   81.86020  
387   81.86020   81.86020  
388   81.86020   81.86020  
389   81.86020   81.86020  
390   81.86020   81.86020  
391   81.86020   81.86020  
392   81.56478   81.85725  
393   81.56478   81.56478  
394   81.56478   81.56478  
395   81.56478   81.56478  
396   81.56478   81.56478  
397   81.56478   81.56478  
398   81.56478   81.56478  
399   81.56478   81.56478  
400   81.56478   81.56478  
401   81.56478   81.56478  
402   81.56478   81.56478  
403   81.56478   81.56478  
404   81.56478   81.56478  
405   81.56478   81.56478  
406   81.56478   81.56478  
407   81.56478   81.56478  
408   81.56478   81.56478  
409   81.56478   81.56478  
410   81.56478   81.56478  
411   81.56478   81.56478  
412   81.56478   81.56478  
413   81.56478   81.56478  
414   81.56478   81.56478  
415   81.56478   81.56478  
416   81.56478   81.56478  
417   81.56478   81.56478  
418   81.56478   81.56478  
419   81.56478   81.56478  
420   81.30925   81.56222  
421   81.30925   81.30925  
422   81.30925   81.30925  
423   81.30925   81.30925  
424   80.75558   81.30371  
425   80.75558   80.75558  
426   80.75558   80.75558  
427   80.75558   80.75558  
428   80.75558   80.75558  
429   80.75558   80.75558  
430   80.75558   80.75558  
431   80.32172   80.75125  
432   80.30659   80.32157  
433   80.30659   80.30659  
434   80.30659   80.30659  
435   80.30659   80.30659  
436   80.30659   80.30659  
437   80.30659   80.30659  
438   80.30659   80.30659  
439   80.30659   80.30659  
440   80.30659   80.30659  
441   80.24572   80.30598  
442   80.24572   80.24572  
443   80.24572   80.24572  
444   80.24572   80.24572  
445   80.24572   80.24572  
446   80.24572   80.24572  
447   80.24572   80.24572  
448   79.84945   80.24175  
449   79.84945   79.84945  
450   79.84945   79.84945  
451   79.84945   79.84945  
452   79.84945   79.84945  
453   79.84945   79.84945  
454   79.84945   79.84945  
455   79.84945   79.84945  
456   79.84945   79.84945  
457   79.84945   79.84945  
458   79.75810   79.84854  
459   79.75810   79.75810  
460   79.75810   79.75810  
461   79.75810   79.75810  
462   79.75810   79.75810  
463   79.75810   79.75810  
464   79.75810   79.75810  
465   79.75810   79.75810  
466   79.75810   79.75810  
467   79.75810   79.75810  
468   79.52997   79.75582  
469   79.32122   79.52788  
470   79.32122   79.32122  
471   79.32122   79.32122  
472   79.32122   79.32122  
473   79.32122   79.32122  
474   79.32122   79.32122  
475   79.32122   79.32122  
476   79.32122   79.32122  
477   79.32122   79.32122  
478   79.32122   79.32122  
479   79.32122   79.32122  
480   79.32122   79.32122  
481   79.32122   79.32122  
482   79.32122   79.32122  
483   79.32122   79.32122  
484   79.32122   79.32122  
485   79.32122   79.32122  
486   79.32122   79.32122  
487   79.32122   79.32122  
488   79.32122   79.32122  
489   79.32122   79.32122  
490   79.32122   79.32122  
491   79.32122   79.32122  
492   79.32122   79.32122  
493   79.32122   79.32122  
494   79.32122   79.32122  
495   79.19623   79.31997  
496   79.19623   79.19623  
497   79.19623   79.19623  
498   79.19623   79.19623  
499   79.19623   79.19623  
