0     455.48389  491.63334 
1     455.48389  491.63334 
2     451.53244  455.99900 
3     442.48802  451.35442 
4     431.54327  443.49100 
5     430.11152  434.28003 
6     425.30393  430.10987 
7     415.70066  424.99425 
8     408.27651  415.95978 
9     403.14613  408.90000 
10    397.54332  403.73120 
11    394.85210  397.52533 
12    386.21272  394.88522 
13    382.34089  387.91256 
14    376.77777  383.26628 
15    372.43133  377.38050 
16    366.25037  373.13977 
17    360.61321  367.00234 
18    356.52124  361.52969 
19    352.32077  357.57408 
20    345.68628  352.63708 
21    340.61702  346.70926 
22    333.47882  341.69161 
23    328.69193  334.70136 
24    324.13149  329.53408 
25    323.43411  325.26069 
26    318.30493  323.25329 
27    314.12361  318.87329 
28    312.25255  315.11019 
29    305.69716  312.69751 
30    300.56797  307.26577 
31    298.37300  301.25156 
32    295.77775  298.84389 
33    291.10913  295.75595 
34    286.68244  292.14852 
35    284.48746  287.42400 
36    282.78022  284.74808 
37    281.35989  283.25042 
38    279.88111  281.50851 
39    278.55020  280.18986 
40    276.16091  278.63770 
41    270.07402  276.41407 
42    263.65641  271.29328 
43    261.72860  265.30547 
44    259.83365  262.19799 
45    258.28794  260.29067 
46    255.26282  258.67901 
47    254.70697  256.11574 
48    253.05819  254.83080 
49    250.18998  253.36575 
50    247.50266  250.98112 
51    246.12533  248.03380 
52    243.04815  246.30943 
53    241.15635  243.72391 
54    238.12734  241.77372 
55    238.11540  238.94447 
56    237.56491  238.10623 
57    231.05061  237.59018 
58    228.67155  232.48844 
59    225.54789  229.18255 
60    224.33157  226.58630 
61    223.46884  224.48970 
62    221.73416  223.58049 
63    218.90734  222.30612 
64    217.39844  219.37890 
65    216.87023  217.63886 
66    214.28829  216.92318 
67    212.28359  214.73650 
68    211.56399  212.82760 
69    206.79265  211.63432 
70    205.49061  207.85175 
71    205.21922  205.90700 
72    204.17563  205.26256 
73    203.06016  204.31233 
74    200.88219  203.35703 
75    200.05187  201.37925 
76    198.74984  200.22443 
77    197.32729  199.11667 
78    191.49565  197.66525 
79    189.69337  192.71011 
80    189.55024  190.33731 
81    187.50755  189.57248 
82    186.51987  188.03458 
83    185.26140  186.79006 
84    184.60257  185.62513 
85    183.51614  184.72149 
86    182.54899  183.81773 
87    181.10433  182.90006 
88    179.91695  181.32859 
89    179.37235  180.13445 
90    178.62115  179.63139 
91    174.27102  178.80061 
92    173.51982  175.69037 
93    172.87889  173.82101 
94    171.30117  173.08753 
95    169.15319  171.56970 
96    167.30081  169.80890 
97    166.22483  167.93960 
98    165.89240  166.60861 
99    157.95752  165.94426 
100   157.95752  160.34638 
101   157.22919  157.94844 
102   156.89394  157.51186 
103   156.69867  156.99039 
104   156.43467  156.74688 
105   156.40953  156.52967 
106   154.62595  156.39199 
107   154.18614  155.16898 
108   152.08860  154.33842 
109   151.76943  152.82398 
110   151.76943  151.89755 
111   151.76943  151.76943 
112   151.53951  151.76582 
113   151.17559  151.60101 
114   149.79997  151.27648 
115   149.79997  150.18603 
116   149.71794  149.79915 
117   149.71794  149.74192 
118   149.18182  149.70830 
119   147.97765  149.31470 
120   146.59965  148.33544 
121   146.36282  147.02064 
122   146.21428  146.45624 
123   146.14719  146.25817 
124   145.63728  146.15505 
125   145.25971  145.74016 
126   144.20970  145.36758 
127   144.20800  144.56255 
128   143.78521  144.20266 
129   143.78521  143.93155 
130   143.78521  143.78521 
131   142.89773  143.77292 
132   142.62885  143.15278 
133   141.39766  142.72680 
134   140.14025  141.80766 
135   139.72500  140.60915 
136   139.08970  139.82005 
137   139.08970  139.37157 
138   138.20222  139.07772 
139   138.20222  138.48174 
140   137.59829  138.18927 
141   137.59829  137.79469 
142   137.40388  137.59595 
143   137.13438  137.45330 
144   135.80465  137.21325 
145   135.80465  136.16083 
146   135.09506  135.78129 
147   134.69280  135.28593 
148   133.78440  134.82814 
149   133.43158  134.25257 
150   132.65065  133.49423 
151   132.04673  132.88009 
152   131.94444  132.25647 
153   131.94444  131.98229 
154   131.23485  131.92898 
155   131.23485  131.34301 
156   131.23442  131.23485 
157   131.05152  131.23276 
158   130.72531  131.09756 
159   130.54276  130.82181 
160   130.54276  130.64290 
161   130.54276  130.54276 
162   130.17740  130.53663 
163   128.82391  130.29602 
164   128.69746  129.32636 
165   128.08862  128.74228 
166   128.08862  128.28450 
167   127.97253  128.08746 
168   127.97253  128.02709 
169   127.72524  127.96970 
170   126.51350  127.78248 
171   126.51350  126.90297 
172   126.12333  126.50960 
173   126.12333  126.31667 
174   126.12333  126.12333 
175   126.08326  126.12293 
176   125.41554  126.09139 
177   125.39061  125.69315 
178   124.17277  125.38586 
179   124.15020  124.58585 
180   123.26633  124.14626 
181   123.26633  123.56552 
182   123.24140  123.26608 
183   123.03129  123.24528 
184   123.03129  123.09957 
185   123.03129  123.03129 
186   123.01601  123.03114 
187   123.01601  123.02029 
188   123.01601  123.01601 
189   123.01601  123.01601 
190   121.93592  123.00225 
191   121.93592  122.35052 
192   121.72151  121.93378 
193   120.83548  121.78919 
194   120.09816  121.11616 
195   120.09816  120.33782 
196   119.68904  120.09407 
197   119.68904  119.90167 
198   119.68904  119.68904 
199   119.59174  119.68776 
200   119.56790  119.63205 
201   119.17117  119.57160 
202   118.51340  119.33459 
203   118.51340  118.80628 
204   118.51340  118.51340 
205   118.03652  118.50864 
206   117.69027  118.15304 
207   117.66001  117.82820 
208   117.49484  117.66824 
209   116.85938  117.54629 
210   116.85938  117.15413 
211   116.52438  116.85603 
212   116.52438  116.65508 
213   116.52438  116.52438 
214   116.52438  116.52438 
215   116.03488  116.51756 
216   115.88166  116.17554 
217   115.54235  115.93613 
218   115.54235  115.67604 
219   115.06667  115.53759 
220   115.06667  115.19510 
221   115.06667  115.06667 
222   115.06667  115.06667 
223   112.60495  115.03507 
224   112.00930  113.24453 
225   111.57513  112.22428 
226   111.16300  111.70332 
227   111.09851  111.33133 
228   110.99449  111.11592 
229   110.81659  111.02813 
230   110.81659  110.88953 
231   110.74395  110.81586 
232   110.15029  110.76201 
233   110.15029  110.32250 
234   110.15029  110.15029 
235   109.34752  110.14227 
236   107.23764  109.69716 
237   107.23764  107.87939 
238   107.21356  107.23740 
239   107.21356  107.22378 
240   107.21356  107.21356 
241   106.93039  107.21073 
242   106.93039  107.06959 
243   106.65952  106.92768 
244   106.65952  106.74834 
245   106.30303  106.65596 
246   105.44543  106.46557 
247   105.44543  105.78632 
248   105.44543  105.44543 
249   102.25696  105.41237 
250   102.25696  103.17119 
251   102.21014  102.25649 
252   102.21014  102.22793 
253   102.21014  102.21014 
254   102.21014  102.21014 
255   102.21014  102.21014 
256   101.31587  102.19226 
257   101.31587  101.56763 
258   101.24612  101.31517 
259   101.24612  101.26565 
260   100.26145  101.23627 
261   100.26145  100.53118 
262   99.50562   100.25389 
263   99.50562   99.74945  
264   99.50562   99.50562  
265   99.47164   99.50528  
266   98.85338   99.47391  
267   98.85338   99.11810  
268   98.46299   98.84804  
269   98.43005   98.65765  
270   98.43005   98.44092  
271   98.43005   98.43005  
272   98.43005   98.43005  
273   98.43005   98.43005  
274   98.41193   98.42987  
275   98.41193   98.42176  
276   98.41193   98.41193  
277   98.41193   98.41193  
278   98.41193   98.41193  
279   98.24854   98.41030  
280   98.10077   98.31112  
281   98.10077   98.13919  
282   98.10077   98.10077  
283   98.10077   98.10077  
284   98.04343   98.10020  
285   97.71679   98.06597  
286   97.71679   97.89929  
287   97.71679   97.71679  
288   97.71679   97.71679  
289   97.71679   97.71679  
290   97.71679   97.71679  
291   96.42956   97.70391  
292   96.10637   96.99639  
293   96.10637   96.26369  
294   96.10637   96.10637  
295   96.10637   96.10637  
296   95.57947   96.10110  
297   95.57947   95.74281  
298   95.57947   95.57947  
299   95.57947   95.57947  
300   95.57947   95.57947  
301   95.57947   95.57947  
302   95.57947   95.57947  
303   95.40284   95.57688  
304   94.77229   95.45670  
305   94.77229   94.92806  
306   94.77229   94.77229  
307   94.77229   94.77229  
308   94.73073   94.77188  
309   94.52892   94.74534  
310   94.52892   94.60561  
311   94.16880   94.52522  
312   94.12678   94.29360  
313   93.73845   94.14013  
314   93.73845   93.88411  
315   93.73845   93.73845  
316   93.72818   93.73825  
317   93.65940   93.72913  
318   93.14116   93.67485  
319   92.91393   93.36112  
320   92.14349   93.01303  
321   92.14349   92.42304  
322   92.14349   92.14349  
323   92.14349   92.14349  
324   92.14349   92.14349  
325   91.63476   92.13841  
326   91.63476   91.86950  
327   91.63476   91.63476  
328   91.63476   91.63476  
329   91.63476   91.63476  
330   91.63476   91.63476  
331   91.63476   91.63476  
332   91.63476   91.63476  
333   91.63476   91.63476  
334   91.63476   91.63476  
335   91.63476   91.63476  
336   91.15253   91.62993  
337   91.15253   91.35024  
338   91.15253   91.15253  
339   91.08789   91.15188  
340   90.68411   91.10630  
341   90.68411   90.86780  
342   90.68411   90.68411  
343   90.68411   90.68411  
344   90.68411   90.68411  
345   90.68411   90.68411  
346   90.41182   90.68139  
347   90.41182   90.53123  
348   90.41182   90.41182  
349   90.41182   90.41182  
350   90.41182   90.41182  
351   90.41182   90.41182  
352   90.41182   90.41182  
353   90.41182   90.41182  
354   89.53294   90.40214  
355   89.17613   89.84430  
356   89.17613   89.30762  
357   89.17613   89.17613  
358   88.99950   89.17436  
359   88.99950   89.06308  
360   88.99950   88.99950  
361   88.99950   88.99950  
362   88.73278   88.99683  
363   88.73278   88.79679  
364   88.73278   88.73278  
365   88.73278   88.73278  
366   88.17741   88.72445  
367   87.47834   88.37985  
368   87.47834   87.66812  
369   87.11298   87.47469  
370   87.11298   87.23770  
371   87.11298   87.11298  
372   87.11298   87.11298  
373   87.06455   87.11250  
374   86.97919   87.07774  
375   86.97919   87.00651  
376   86.97919   86.97919  
377   86.97919   86.97919  
378   86.96407   86.97904  
379   86.96407   86.97042  
380   86.88555   86.96328  
381   86.61749   86.91552  
382   86.61749   86.67981  
383   86.61749   86.61749  
384   86.61749   86.61749  
385   86.61749   86.61749  
386   86.61749   86.61749  
387   86.61749   86.61749  
388   86.61749   86.61749  
389   86.61749   86.61749  
390   86.61749   86.61749  
391   85.84003   86.60971  
392   85.84003   86.08698  
393   85.84003   85.84003  
394   85.53519   85.83698  
395   85.53519   85.68229  
396   85.53519   85.53519  
397   85.26485   85.53003  
398   85.15279   85.36878  
399   85.15279   85.19649  
400   85.15279   85.15279  
401   85.15279   85.15279  
402   85.15279   85.15279  
403   84.90770   85.15034  
404   84.90770   85.02780  
405   84.90770   84.90770  
406   84.64030   84.90503  
407   84.64030   84.74301  
408   84.54619   84.63936  
409   84.54619   84.58666  
410   84.54619   84.54619  
411   84.54619   84.54619  
412   84.54619   84.54619  
413   84.54619   84.54619  
414   84.54619   84.54619  
415   84.54619   84.54619  
416   84.54619   84.54619  
417   84.54619   84.54619  
418   84.54619   84.54619  
419   84.54619   84.54619  
420   84.54619   84.54619  
421   84.54619   84.54619  
422   84.54619   84.54619  
423   84.27492   84.54348  
424   84.27492   84.38024  
425   84.27492   84.27492  
426   84.27492   84.27492  
427   84.27492   84.27492  
428   84.27492   84.27492  
429   84.27492   84.27492  
430   84.27492   84.27492  
431   84.27492   84.27492  
432   84.27492   84.27492  
433   83.79382   84.27011  
434   83.79382   83.94777  
435   83.79382   83.79382  
436   83.29564   83.78884  
437   83.29564   83.48601  
438   83.29564   83.29564  
439   83.21421   83.29482  
440   83.11863   83.24183  
441   83.11863   83.15455  
442   83.06955   83.11814  
443   83.06955   83.08526  
444   83.04475   83.06930  
445   83.04475   83.05467  
446   83.04475   83.04475  
447   83.04475   83.04475  
448   82.05954   83.02505  
449   82.01046   82.36319  
450   82.01046   82.03549  
451   81.79838   82.00834  
452   81.33895   81.88000  
453   81.33895   81.50347  
454   81.33895   81.33895  
455   80.91960   81.33476  
456   80.91960   81.14636  
457   80.91960   80.91960  
458   80.91960   80.91960  
459   80.73121   80.91772  
460   80.73121   80.80541  
461   80.73121   80.73121  
462   80.73121   80.73121  
463   80.58719   80.72977  
464   80.58719   80.63088  
465   80.58719   80.58719  
466   80.58719   80.58719  
467   80.58719   80.58719  
468   80.58719   80.58719  
469   80.58719   80.58719  
470   80.58719   80.58719  
471   80.58719   80.58719  
472   80.58719   80.58719  
473   80.58719   80.58719  
474   80.58719   80.58719  
475   80.57882   80.58710  
476   80.57882   80.58250  
477   80.57882   80.57882  
478   80.57882   80.57882  
479   80.57882   80.57882  
480   80.57882   80.57882  
481   80.57882   80.57882  
482   80.57882   80.57882  
483   80.57882   80.57882  
484   80.57882   80.57882  
485   80.57882   80.57882  
486   80.57882   80.57882  
487   80.57882   80.57882  
488   80.57882   80.57882  
489   80.57882   80.57882  
490   80.57882   80.57882  
491   80.57882   80.57882  
492   80.07888   80.57382  
493   80.07888   80.24538  
494   80.07888   80.07888  
495   80.07888   80.07888  
496   80.07888   80.07888  
497   80.07888   80.07888  
498   80.07888   80.07888  
499   80.07888   80.07888  
