0     33.53818   40.28408  
1     33.53818   40.28408  
2     32.14805   34.13939  
3     30.74593   32.45515  
4     27.66112   31.01415  
5     26.91502   28.27685  
6     24.65349   26.98935  
7     23.49644   25.15776  
8     22.42719   23.74576  
9     21.78872   22.52360  
10    21.75516   21.98858  
11    20.71558   21.72981  
12    20.58299   20.82082  
13    18.10671   20.57234  
14    17.81577   18.72452  
15    16.19029   17.92476  
16    15.19380   16.71905  
17    15.17736   15.41520  
18    15.03519   15.18234  
19    14.96334   15.08395  
20    14.81144   14.98679  
21    14.78973   14.86617  
22    14.57328   14.79632  
23    14.18695   14.67454  
24    13.76747   14.29741  
25    13.76747   13.93885  
26    13.29604   13.76158  
27    12.74760   13.45739  
28    12.48729   12.99949  
29    12.41145   12.57489  
30    12.09766   12.41695  
31    11.95859   12.21317  
32    11.88275   11.98578  
33    11.87642   11.91950  
34    11.80059   11.87845  
35    11.78110   11.82293  
36    11.78110   11.78968  
37    11.78110   11.78110  
38    11.65148   11.77981  
39    11.65148   11.71167  
40    11.65148   11.65148  
41    11.65148   11.65148  
42    11.24085   11.64737  
43    11.01107   11.42513  
44    11.01107   11.10447  
45    10.78264   11.00878  
46    10.78264   10.87917  
47    10.62136   10.78098  
48    10.20382   10.68273  
49    10.20382   10.38300  
50    10.20365   10.20382  
51    10.06273   10.20224  
52    9.18840    10.10778  
53    9.18823    9.52164   
54    9.18823    9.18830   
55    9.18823    9.18823   
56    9.18823    9.18823   
57    9.18823    9.18823   
58    9.18823    9.18823   
59    9.18823    9.18823   
60    9.18823    9.18823   
61    7.79530    9.17389   
62    7.79530    8.43598   
63    7.18983    7.78015   
64    6.88517    7.27472   
65    6.69684    7.01396   
66    6.69684    6.77658   
67    6.69684    6.69684   
68    6.69684    6.69684   
69    6.69684    6.69684   
70    6.69684    6.69684   
71    6.69684    6.69684   
72    6.69684    6.69684   
73    6.69684    6.69684   
74    6.69684    6.69684   
75    6.69684    6.69684   
76    6.69684    6.69684   
77    6.69684    6.69684   
78    6.69684    6.69684   
79    6.69684    6.69684   
80    6.69684    6.69684   
81    6.69684    6.69684   
82    6.69684    6.69684   
83    6.69684    6.69684   
84    6.69684    6.69684   
85    6.69684    6.69684   
86    6.69684    6.69684   
87    6.69684    6.69684   
88    6.69684    6.69684   
89    6.69684    6.69684   
90    6.69684    6.69684   
91    6.69684    6.69684   
92    6.69684    6.69684   
93    6.69684    6.69684   
94    6.69684    6.69684   
95    6.69684    6.69684   
96    6.69684    6.69684   
97    6.69684    6.69684   
98    6.69684    6.69684   
99    6.69684    6.69684   
100   6.69684    6.69684   
101   6.69684    6.69684   
102   6.69684    6.69684   
103   6.69684    6.69684   
104   6.69684    6.69684   
105   6.69684    6.69684   
106   6.69684    6.69684   
107   6.69684    6.69684   
108   6.69684    6.69684   
109   6.69684    6.69684   
110   6.69684    6.69684   
111   6.69684    6.69684   
112   6.69684    6.69684   
113   6.69684    6.69684   
114   6.69684    6.69684   
115   6.69684    6.69684   
116   6.69684    6.69684   
117   6.69684    6.69684   
118   6.69684    6.69684   
119   6.69684    6.69684   
120   6.69684    6.69684   
121   6.69684    6.69684   
122   6.69684    6.69684   
123   6.69684    6.69684   
124   6.69684    6.69684   
125   6.69684    6.69684   
126   6.69684    6.69684   
127   6.69684    6.69684   
128   6.69684    6.69684   
129   6.69684    6.69684   
130   6.69684    6.69684   
131   6.69684    6.69684   
132   6.69684    6.69684   
133   6.69684    6.69684   
134   6.69684    6.69684   
135   6.69684    6.69684   
136   6.69684    6.69684   
137   6.69684    6.69684   
138   6.69684    6.69684   
139   6.69684    6.69684   
140   6.69684    6.69684   
141   6.69684    6.69684   
142   6.69684    6.69684   
143   6.69684    6.69684   
144   6.69684    6.69684   
145   6.69684    6.69684   
146   6.69684    6.69684   
147   6.69684    6.69684   
148   6.69684    6.69684   
149   6.69684    6.69684   
150   6.69684    6.69684   
151   6.69684    6.69684   
152   6.69684    6.69684   
153   6.69684    6.69684   
154   6.69684    6.69684   
155   6.69684    6.69684   
156   6.69684    6.69684   
157   6.69684    6.69684   
158   6.69684    6.69684   
159   6.69684    6.69684   
160   6.69684    6.69684   
161   6.69684    6.69684   
162   6.69684    6.69684   
163   6.69684    6.69684   
164   6.69684    6.69684   
165   6.69684    6.69684   
166   6.69684    6.69684   
167   6.69684    6.69684   
168   6.69684    6.69684   
169   6.69684    6.69684   
170   6.69684    6.69684   
171   6.69684    6.69684   
172   6.69684    6.69684   
173   6.69684    6.69684   
174   6.69684    6.69684   
175   6.69684    6.69684   
176   6.69684    6.69684   
177   6.69684    6.69684   
178   6.69684    6.69684   
179   6.69684    6.69684   
180   6.69684    6.69684   
181   6.69684    6.69684   
182   6.69684    6.69684   
183   6.69684    6.69684   
184   6.69684    6.69684   
185   6.69684    6.69684   
186   6.69684    6.69684   
187   6.69684    6.69684   
188   6.69684    6.69684   
189   6.69684    6.69684   
190   6.69684    6.69684   
191   6.69684    6.69684   
192   6.69684    6.69684   
193   6.69684    6.69684   
194   6.69684    6.69684   
195   6.69684    6.69684   
196   6.69684    6.69684   
197   6.69684    6.69684   
198   6.69684    6.69684   
199   6.69684    6.69684   
200   6.69684    6.69684   
201   6.69684    6.69684   
202   6.69684    6.69684   
203   6.69684    6.69684   
204   6.69684    6.69684   
205   6.69684    6.69684   
206   6.24306    6.69230   
207   6.24306    6.47616   
208   6.24306    6.24306   
209   6.24306    6.24306   
210   6.24306    6.24306   
211   6.24306    6.24306   
212   6.24306    6.24306   
213   6.24306    6.24306   
214   6.24306    6.24306   
215   6.24306    6.24306   
216   6.24306    6.24306   
217   6.24306    6.24306   
218   6.24306    6.24306   
219   6.24306    6.24306   
220   6.24306    6.24306   
221   6.24306    6.24306   
222   6.24306    6.24306   
223   6.24306    6.24306   
224   6.24306    6.24306   
225   6.24306    6.24306   
226   6.24306    6.24306   
227   6.24306    6.24306   
228   6.24306    6.24306   
229   6.24306    6.24306   
230   6.24306    6.24306   
231   6.24306    6.24306   
232   6.24306    6.24306   
233   6.24306    6.24306   
234   6.24306    6.24306   
235   6.24306    6.24306   
236   6.24306    6.24306   
237   6.24306    6.24306   
238   6.24306    6.24306   
239   6.24306    6.24306   
240   6.24306    6.24306   
241   6.24306    6.24306   
242   6.24306    6.24306   
243   6.24306    6.24306   
244   6.24306    6.24306   
245   6.24306    6.24306   
246   6.24306    6.24306   
247   6.24306    6.24306   
248   6.24306    6.24306   
249   6.24306    6.24306   
250   6.24306    6.24306   
251   6.24306    6.24306   
252   6.24306    6.24306   
253   6.24306    6.24306   
254   6.24306    6.24306   
255   6.24306    6.24306   
256   6.24306    6.24306   
257   6.24306    6.24306   
258   6.24306    6.24306   
259   6.24306    6.24306   
260   6.24306    6.24306   
261   6.24306    6.24306   
262   6.24306    6.24306   
263   6.24306    6.24306   
264   6.24306    6.24306   
265   6.24306    6.24306   
266   6.24306    6.24306   
267   6.24306    6.24306   
268   6.24306    6.24306   
269   6.24306    6.24306   
270   6.24306    6.24306   
271   6.24306    6.24306   
272   6.24306    6.24306   
273   6.24306    6.24306   
274   6.24306    6.24306   
275   6.24306    6.24306   
276   6.24306    6.24306   
277   6.24306    6.24306   
278   6.24306    6.24306   
279   6.24306    6.24306   
280   6.24306    6.24306   
281   6.24306    6.24306   
282   6.24306    6.24306   
283   6.24306    6.24306   
284   6.24306    6.24306   
285   6.24306    6.24306   
286   6.24306    6.24306   
287   6.24306    6.24306   
288   6.24306    6.24306   
289   6.24306    6.24306   
290   6.24306    6.24306   
291   6.24306    6.24306   
292   6.24306    6.24306   
293   6.24306    6.24306   
294   6.24306    6.24306   
295   6.24306    6.24306   
296   6.24306    6.24306   
297   6.24306    6.24306   
298   6.24306    6.24306   
299   6.24306    6.24306   
300   6.24306    6.24306   
301   6.24306    6.24306   
302   6.24306    6.24306   
303   6.24306    6.24306   
304   6.24306    6.24306   
305   6.24306    6.24306   
306   6.24306    6.24306   
307   6.24306    6.24306   
308   6.24306    6.24306   
309   6.24306    6.24306   
310   6.24306    6.24306   
311   6.24306    6.24306   
312   6.24306    6.24306   
313   6.24306    6.24306   
314   6.24306    6.24306   
315   6.24306    6.24306   
316   6.24306    6.24306   
317   6.24306    6.24306   
318   6.24306    6.24306   
319   6.24306    6.24306   
320   6.24306    6.24306   
321   6.24306    6.24306   
322   6.24306    6.24306   
323   6.24306    6.24306   
324   6.24306    6.24306   
325   6.24306    6.24306   
326   6.24306    6.24306   
327   6.24306    6.24306   
328   6.24306    6.24306   
329   6.24306    6.24306   
330   6.24306    6.24306   
331   6.24306    6.24306   
332   6.24306    6.24306   
333   6.24306    6.24306   
334   6.24306    6.24306   
335   6.24306    6.24306   
336   6.24306    6.24306   
337   6.24306    6.24306   
338   6.24306    6.24306   
339   6.24306    6.24306   
340   6.24306    6.24306   
341   6.24306    6.24306   
342   6.24306    6.24306   
343   6.24306    6.24306   
344   6.24306    6.24306   
345   6.24306    6.24306   
346   6.24306    6.24306   
347   6.24306    6.24306   
348   6.24306    6.24306   
349   6.24306    6.24306   
350   6.24306    6.24306   
351   6.24306    6.24306   
352   6.24306    6.24306   
353   6.24306    6.24306   
354   6.24306    6.24306   
355   6.24306    6.24306   
356   6.24306    6.24306   
357   6.24306    6.24306   
358   6.24306    6.24306   
359   6.24306    6.24306   
360   6.24306    6.24306   
361   6.24306    6.24306   
362   6.24306    6.24306   
363   6.24306    6.24306   
364   6.24306    6.24306   
365   6.24306    6.24306   
366   6.24306    6.24306   
367   6.24306    6.24306   
368   6.24306    6.24306   
369   6.24306    6.24306   
370   6.24306    6.24306   
371   6.24306    6.24306   
372   6.24306    6.24306   
373   6.24306    6.24306   
374   6.24306    6.24306   
375   6.24306    6.24306   
376   6.24306    6.24306   
377   6.24306    6.24306   
378   6.24306    6.24306   
379   6.24306    6.24306   
380   6.24306    6.24306   
381   6.24306    6.24306   
382   6.24306    6.24306   
383   6.24306    6.24306   
384   6.24306    6.24306   
385   6.24306    6.24306   
386   6.24306    6.24306   
387   6.24306    6.24306   
388   6.24306    6.24306   
389   6.24306    6.24306   
390   6.24306    6.24306   
391   6.24306    6.24306   
392   6.24306    6.24306   
393   6.24306    6.24306   
394   6.24306    6.24306   
395   6.24306    6.24306   
396   6.24306    6.24306   
397   6.24306    6.24306   
398   6.24306    6.24306   
399   6.24306    6.24306   
400   6.24306    6.24306   
401   6.24306    6.24306   
402   6.24306    6.24306   
403   6.24306    6.24306   
404   6.24306    6.24306   
405   6.24306    6.24306   
406   6.24306    6.24306   
407   6.24306    6.24306   
408   6.24306    6.24306   
409   6.24306    6.24306   
410   6.24306    6.24306   
411   6.24306    6.24306   
412   6.24306    6.24306   
413   6.24306    6.24306   
414   6.24306    6.24306   
415   6.24306    6.24306   
416   6.24306    6.24306   
417   6.24306    6.24306   
418   6.24306    6.24306   
419   6.24306    6.24306   
420   6.24306    6.24306   
421   6.24306    6.24306   
422   6.24306    6.24306   
423   6.24306    6.24306   
424   6.24306    6.24306   
425   6.24306    6.24306   
426   6.24306    6.24306   
427   6.24306    6.24306   
428   6.24306    6.24306   
429   6.24306    6.24306   
430   6.24306    6.24306   
431   6.24306    6.24306   
432   6.24306    6.24306   
433   6.24306    6.24306   
434   6.24306    6.24306   
435   6.24306    6.24306   
436   6.24306    6.24306   
437   6.24306    6.24306   
438   6.24306    6.24306   
439   6.24306    6.24306   
440   6.24306    6.24306   
441   6.24306    6.24306   
442   6.24306    6.24306   
443   6.24306    6.24306   
444   6.24306    6.24306   
445   6.24306    6.24306   
446   6.24306    6.24306   
447   6.24306    6.24306   
448   6.24306    6.24306   
449   6.24306    6.24306   
450   6.24306    6.24306   
451   6.24306    6.24306   
452   6.24306    6.24306   
453   6.24306    6.24306   
454   6.24306    6.24306   
455   6.24306    6.24306   
456   6.24306    6.24306   
457   6.24306    6.24306   
458   6.24306    6.24306   
459   6.24306    6.24306   
460   6.24306    6.24306   
461   6.24306    6.24306   
462   6.24306    6.24306   
463   6.24306    6.24306   
464   6.24306    6.24306   
465   6.24306    6.24306   
466   6.24306    6.24306   
467   6.24306    6.24306   
468   6.24306    6.24306   
469   6.24306    6.24306   
470   6.24306    6.24306   
471   6.24306    6.24306   
472   6.24306    6.24306   
473   6.24306    6.24306   
474   6.24306    6.24306   
475   6.24306    6.24306   
476   6.24306    6.24306   
477   6.24306    6.24306   
478   6.24306    6.24306   
479   6.24306    6.24306   
480   6.24306    6.24306   
481   6.24306    6.24306   
482   6.24306    6.24306   
483   6.24306    6.24306   
484   6.24306    6.24306   
485   6.24306    6.24306   
486   6.24306    6.24306   
487   6.24306    6.24306   
488   6.24306    6.24306   
489   6.24306    6.24306   
490   6.24306    6.24306   
491   6.24306    6.24306   
492   6.24306    6.24306   
493   6.24306    6.24306   
494   6.24306    6.24306   
495   6.24306    6.24306   
496   6.24306    6.24306   
497   6.24306    6.24306   
498   6.24306    6.24306   
499   6.24306    6.24306   
