0     455.48389  491.63334 
1     455.48389  491.63334 
2     444.59128  454.62767 
3     431.60207  443.66690 
4     424.14593  431.24525 
5     415.00125  423.57402 
6     409.81355  414.68337 
7     400.88588  409.43260 
8     395.45094  400.68233 
9     389.60087  394.98172 
10    382.06228  389.24707 
11    376.89762  381.88325 
12    368.21645  376.47648 
13    362.97316  367.77576 
14    358.53701  362.72056 
15    348.33100  358.10830 
16    341.92833  348.12619 
17    337.72086  341.74171 
18    333.28377  337.33004 
19    327.19983  333.07846 
20    322.28646  326.90198 
21    319.85159  322.13203 
22    315.89263  319.70501 
23    310.99112  315.76715 
24    308.22143  310.78107 
25    303.62529  308.02792 
26    300.71726  303.44509 
27    297.25140  300.52992 
28    294.57875  297.13744 
29    290.47605  294.51009 
30    286.80114  290.28636 
31    283.78077  286.62261 
32    281.92569  283.68579 
33    279.02322  281.81753 
34    273.29090  278.84452 
35    271.64211  273.20354 
36    267.62405  271.55622 
37    264.56429  267.48291 
38    262.33025  264.51536 
39    259.48621  262.29163 
40    256.48388  259.37727 
41    252.02545  256.36652 
42    251.00456  251.99727 
43    249.56991  250.95232 
44    247.56605  249.51824 
45    246.08727  247.51348 
46    243.45108  246.02455 
47    239.70595  243.36329 
48    236.38642  239.64699 
49    230.07945  236.31157 
50    227.49548  229.97683 
51    225.99234  227.45281 
52    219.98253  225.91005 
53    217.45396  219.93558 
54    216.79164  217.44210 
55    215.87604  216.76506 
56    215.19891  215.86404 
57    214.28004  215.18647 
58    212.36661  214.25348 
59    210.92679  212.31424 
60    209.82775  210.89342 
61    207.83464  209.79924 
62    205.92447  207.81306 
63    205.42049  205.91849 
64    204.07625  205.38691 
65    202.87625  204.03466 
66    202.45265  202.86633 
67    201.60674  202.43847 
68    200.32496  201.58768 
69    199.41653  200.30265 
70    196.84097  199.36618 
71    196.59484  196.83838 
72    195.71961  196.57864 
73    194.77224  195.70986 
74    194.77224  194.77224 
75    190.82234  194.69438 
76    189.30835  190.79127 
77    188.05395  189.29514 
78    185.66284  188.00634 
79    185.06171  185.64292 
80    184.53945  185.05185 
81    184.11710  184.53122 
82    183.64905  184.10827 
83    181.64967  183.61219 
84    180.76899  181.63719 
85    180.18983  180.75952 
86    178.10465  180.16898 
87    177.00604  178.07411 
88    176.69954  176.99895 
89    175.40832  176.67151 
90    173.87115  175.38152 
91    172.35088  173.84737 
92    171.20778  172.32637 
93    170.69243  171.19954 
94    170.18597  170.68580 
95    167.77263  170.12190 
96    166.63447  167.75665 
97    165.80236  166.61830 
98    162.33863  165.74531 
99    160.78425  162.31633 
100   159.85145  160.76515 
101   159.23021  159.84050 
102   158.14482  159.21936 
103   155.50242  158.10363 
104   154.52572  155.49045 
105   154.44745  154.52494 
106   153.94878  154.43036 
107   153.86726  153.94750 
108   153.33938  153.85671 
109   153.26565  153.33723 
110   152.92605  153.25728 
111   152.36769  152.92046 
112   151.85645  152.35944 
113   151.61695  151.85359 
114   151.19267  151.61127 
115   150.21576  151.17318 
116   148.70027  150.18412 
117   148.39539  148.69464 
118   147.33446  148.38479 
119   147.31010  147.33421 
120   146.32967  147.29211 
121   145.82524  146.32340 
122   144.56869  145.80937 
123   142.03461  144.54086 
124   141.66055  142.03016 
125   141.62275  141.66017 
126   140.45997  141.60634 
127   140.45997  140.45997 
128   139.24937  140.43768 
129   138.82847  139.24058 
130   138.82847  138.82847 
131   135.94922  138.79149 
132   135.17353  135.94020 
133   134.75843  135.16937 
134   134.75843  134.75843 
135   134.63175  134.75716 
136   133.79220  134.62019 
137   132.67948  133.77100 
138   132.49900  132.67768 
139   131.64382  132.48458 
140   131.58953  131.64328 
141   131.58953  131.58953 
142   131.20607  131.58047 
143   125.05183  131.12251 
144   124.05510  125.02862 
145   123.07330  124.04091 
146   122.11729  123.06374 
147   121.94588  122.11524 
148   121.94588  121.94588 
149   121.89421  121.94536 
150   120.71458  121.87751 
151   120.55094  120.71294 
152   119.97621  120.53745 
153   119.64359  119.96707 
154   119.56335  119.64279 
155   119.11116  119.55730 
156   115.33420  119.07335 
157   114.81991  115.32759 
158   114.81991  114.81991 
159   114.81991  114.81991 
160   112.84893  114.78802 
161   112.50650  112.84175 
162   111.67280  112.49643 
163   111.67280  111.67280 
164   111.44349  111.66775 
165   110.74454  111.42726 
166   110.65681  110.74284 
167   110.49892  110.65459 
168   110.43453  110.49828 
169   109.98697  110.43006 
170   109.98697  109.98697 
171   109.08155  109.97405 
172   109.07781  109.08151 
173   109.07781  109.07781 
174   108.25747  109.06828 
175   108.10234  108.25487 
176   108.08635  108.10218 
177   107.63274  108.08074 
178   106.71211  107.61710 
179   106.71211  106.71211 
180   106.65845  106.71158 
181   106.65845  106.65845 
182   106.65845  106.65845 
183   106.55385  106.65740 
184   106.55385  106.55385 
185   106.55385  106.55385 
186   106.28978  106.55121 
187   106.20511  106.28893 
188   106.20511  106.20511 
189   106.20511  106.20511 
190   106.03072  106.20200 
191   106.03072  106.03072 
192   106.03072  106.03072 
193   105.72293  106.02764 
194   105.60014  105.72170 
195   105.18864  105.59191 
196   105.11443  105.18790 
197   105.11443  105.11443 
198   104.52341  105.10001 
199   104.21790  104.52035 
200   103.61186  104.21184 
201   103.34861  103.60923 
202   103.34861  103.34861 
203   103.34861  103.34861 
204   102.89727  103.34409 
205   102.10174  102.88556 
206   100.59646  102.07557 
207   100.59646  100.59646 
208   100.50944  100.59559 
209   100.50944  100.50944 
210   100.24504  100.50516 
211   100.24504  100.24504 
212   100.24504  100.24504 
213   99.25817   100.23354 
214   98.87938   99.25439  
215   98.38324   98.87442  
216   98.38324   98.38324  
217   98.38324   98.38324  
218   97.32680   98.36066  
219   96.83710   97.32190  
220   96.05847   96.82666  
221   95.89520   96.05520  
222   95.89520   95.89520  
223   95.62969   95.89254  
224   95.54337   95.62882  
225   95.54337   95.54337  
226   95.54337   95.54337  
227   94.83217   95.53626  
228   94.83217   94.83217  
229   94.83217   94.83217  
230   94.83217   94.83217  
231   94.30613   94.82318  
232   93.92366   94.30231  
233   93.92366   93.92366  
234   93.92366   93.92366  
235   93.42540   93.91868  
236   93.42540   93.42540  
237   93.36806   93.42426  
238   91.53715   93.34975  
239   91.53715   91.53715  
240   91.53715   91.53715  
241   91.53715   91.53715  
242   90.96229   91.53140  
243   90.96229   90.96229  
244   90.96229   90.96229  
245   90.96229   90.96229  
246   90.96229   90.96229  
247   90.96229   90.96229  
248   90.96229   90.96229  
249   90.96229   90.96229  
250   90.82947   90.96096  
251   90.64754   90.82765  
252   90.51068   90.64617  
253   90.51068   90.51068  
254   90.29802   90.50856  
255   90.04756   90.29537  
256   90.03361   90.04742  
257   90.03361   90.03361  
258   90.03276   90.03360  
259   90.03276   90.03276  
260   90.03276   90.03276  
261   90.03276   90.03276  
262   90.03276   90.03276  
263   90.03276   90.03276  
264   89.88099   90.03124  
265   89.49350   89.87711  
266   89.49350   89.49350  
267   89.49350   89.49350  
268   89.49350   89.49350  
269   88.78488   89.48641  
270   88.78488   88.78488  
271   88.78488   88.78488  
272   88.78488   88.78488  
273   88.35658   88.78060  
274   88.35658   88.35658  
275   88.35658   88.35658  
276   88.35658   88.35658  
277   88.35658   88.35658  
278   88.35658   88.35658  
279   88.35658   88.35658  
280   88.35658   88.35658  
281   88.35658   88.35658  
282   87.74984   88.35051  
283   87.74984   87.74984  
284   87.74984   87.74984  
285   87.74984   87.74984  
286   87.01791   87.74253  
287   87.01791   87.01791  
288   86.67740   87.01451  
289   86.67740   86.67740  
290   86.67740   86.67740  
291   86.67740   86.67740  
292   86.67740   86.67740  
293   86.67740   86.67740  
294   86.67740   86.67740  
295   86.08683   86.67149  
296   86.08683   86.08683  
297   86.08683   86.08683  
298   85.69154   86.08288  
299   85.69154   85.69154  
300   85.69154   85.69154  
301   85.31839   85.68781  
302   85.31839   85.31839  
303   85.31839   85.31839  
304   85.31839   85.31839  
305   84.93841   85.31459  
306   84.92333   84.93826  
307   84.92333   84.92333  
308   84.92333   84.92333  
309   84.92333   84.92333  
310   84.92333   84.92333  
311   83.21861   84.90628  
312   83.21861   83.21861  
313   83.21861   83.21861  
314   83.21861   83.21861  
315   83.21861   83.21861  
316   83.21861   83.21861  
317   83.21861   83.21861  
318   83.21861   83.21861  
319   83.21861   83.21861  
320   83.21861   83.21861  
321   83.21861   83.21861  
322   83.21861   83.21861  
323   83.21861   83.21861  
324   83.21861   83.21861  
325   83.21861   83.21861  
326   83.21861   83.21861  
327   83.21861   83.21861  
328   83.21861   83.21861  
329   83.21861   83.21861  
330   83.21861   83.21861  
331   83.17913   83.21822  
332   83.17913   83.17913  
333   83.17913   83.17913  
334   83.17913   83.17913  
335   83.17913   83.17913  
336   83.17913   83.17913  
337   83.17913   83.17913  
338   83.17913   83.17913  
339   83.17913   83.17913  
340   83.17913   83.17913  
341   83.00265   83.17737  
342   83.00265   83.00265  
343   83.00265   83.00265  
344   83.00265   83.00265  
345   83.00265   83.00265  
346   83.00265   83.00265  
347   83.00265   83.00265  
348   83.00265   83.00265  
349   83.00265   83.00265  
350   83.00265   83.00265  
351   82.58315   82.99845  
352   82.58315   82.58315  
353   82.47298   82.58205  
354   82.47298   82.47298  
355   82.44673   82.47272  
356   82.41272   82.44639  
357   82.41272   82.41272  
358   82.41272   82.41272  
359   82.41272   82.41272  
360   82.41272   82.41272  
361   82.41272   82.41272  
362   82.41272   82.41272  
363   82.41272   82.41272  
364   82.41272   82.41272  
365   82.41272   82.41272  
366   82.41272   82.41272  
367   82.41272   82.41272  
368   82.41272   82.41272  
369   82.12367   82.40983  
370   82.12367   82.12367  
371   82.12367   82.12367  
372   82.12367   82.12367  
373   82.12367   82.12367  
374   81.86268   82.12106  
375   81.28533   81.85690  
376   81.24268   81.28491  
377   81.24268   81.24268  
378   81.24268   81.24268  
379   81.24268   81.24268  
380   81.10704   81.24132  
381   80.84581   81.10443  
382   80.84581   80.84581  
383   80.71326   80.84449  
384   80.71326   80.71326  
385   80.71326   80.71326  
386   80.71326   80.71326  
387   80.33450   80.70948  
388   80.33450   80.33450  
389   80.33450   80.33450  
390   80.33450   80.33450  
391   80.33450   80.33450  
392   80.29444   80.33410  
393   80.29444   80.29444  
394   80.29444   80.29444  
395   80.29444   80.29444  
396   80.29444   80.29444  
397   80.29444   80.29444  
398   80.29444   80.29444  
399   80.29444   80.29444  
400   80.29444   80.29444  
401   80.29444   80.29444  
402   80.29444   80.29444  
403   80.29444   80.29444  
404   80.29444   80.29444  
405   80.29444   80.29444  
406   80.29444   80.29444  
407   80.29444   80.29444  
408   80.29444   80.29444  
409   80.29444   80.29444  
410   80.29444   80.29444  
411   80.29444   80.29444  
412   80.29444   80.29444  
413   80.29444   80.29444  
414   80.29444   80.29444  
415   80.29444   80.29444  
416   80.29444   80.29444  
417   80.29444   80.29444  
418   80.29444   80.29444  
419   80.29444   80.29444  
420   80.29444   80.29444  
421   80.29444   80.29444  
422   80.29444   80.29444  
423   80.29444   80.29444  
424   79.83746   80.28987  
425   79.83746   79.83746  
426   79.83746   79.83746  
427   79.83746   79.83746  
428   79.83746   79.83746  
429   79.83746   79.83746  
430   79.83746   79.83746  
431   79.83746   79.83746  
432   79.83746   79.83746  
433   79.83746   79.83746  
434   79.83746   79.83746  
435   79.83746   79.83746  
436   79.83746   79.83746  
437   79.83746   79.83746  
438   79.83746   79.83746  
439   79.83746   79.83746  
440   79.83746   79.83746  
441   79.83746   79.83746  
442   79.83746   79.83746  
443   79.83746   79.83746  
444   79.83746   79.83746  
445   79.83746   79.83746  
446   79.83746   79.83746  
447   79.83746   79.83746  
448   79.83746   79.83746  
449   79.83746   79.83746  
450   79.83746   79.83746  
451   79.83746   79.83746  
452   79.83746   79.83746  
453   79.83746   79.83746  
454   79.83746   79.83746  
455   79.83746   79.83746  
456   79.83746   79.83746  
457   79.83746   79.83746  
458   79.83746   79.83746  
459   79.83746   79.83746  
460   79.83746   79.83746  
461   79.83746   79.83746  
462   79.83746   79.83746  
463   79.83746   79.83746  
464   79.83746   79.83746  
465   79.83746   79.83746  
466   79.83746   79.83746  
467   79.83746   79.83746  
468   79.83746   79.83746  
469   79.83746   79.83746  
470   79.83746   79.83746  
471   79.83746   79.83746  
472   79.83746   79.83746  
473   79.83746   79.83746  
474   79.83746   79.83746  
475   79.83746   79.83746  
476   79.83746   79.83746  
477   79.83746   79.83746  
478   79.83746   79.83746  
479   79.83746   79.83746  
480   79.83746   79.83746  
481   79.83746   79.83746  
482   79.83746   79.83746  
483   79.83746   79.83746  
484   79.83746   79.83746  
485   79.83746   79.83746  
486   79.83746   79.83746  
487   79.83746   79.83746  
488   79.83746   79.83746  
489   79.83746   79.83746  
490   79.83746   79.83746  
491   79.83746   79.83746  
492   79.83746   79.83746  
493   79.83746   79.83746  
494   79.83746   79.83746  
495   79.83746   79.83746  
496   79.83746   79.83746  
497   79.83746   79.83746  
498   79.83746   79.83746  
499   79.83746   79.83746  
