0     455.48389  491.63334 
1     455.48389  491.63334 
2     447.16293  454.98241 
3     435.71728  446.56398 
4     428.54877  435.44479 
5     421.55101  427.91443 
6     413.13413  421.28333 
7     404.53844  412.62558 
8     394.49391  404.25067 
9     385.99722  394.00443 
10    379.11353  385.62775 
11    372.25819  378.71176 
12    368.22720  372.08698 
13    361.99198  367.96747 
14    355.30216  361.71153 
15    342.82805  355.05010 
16    337.19431  342.65205 
17    332.40739  337.05144 
18    326.33802  332.12178 
19    321.35560  326.10639 
20    316.15354  321.11194 
21    302.24885  315.84657 
22    294.02748  301.97546 
23    290.89850  293.88151 
24    287.53650  290.82625 
25    282.97296  287.43395 
26    280.34972  282.85494 
27    277.34571  280.23717 
28    274.52961  277.28809 
29    270.10751  274.26916 
30    265.44226  269.98905 
31    262.69017  265.29926 
32    260.36589  262.60356 
33    258.16102  260.30269 
34    252.10973  257.97794 
35    245.63206  251.97124 
36    240.65629  245.35880 
37    238.54268  240.57394 
38    235.50001  238.48783 
39    232.21712  235.39238 
40    231.31968  232.17268 
41    222.05056  231.16082 
42    220.61482  222.01279 
43    215.81331  220.53382 
44    214.82588  215.76746 
45    211.66158  214.68868 
46    210.07468  211.60226 
47    207.71520  209.99884 
48    206.67444  207.69618 
49    204.03649  206.61536 
50    201.69744  203.99881 
51    200.01967  201.64276 
52    197.58236  199.96382 
53    195.19021  197.54104 
54    193.17697  195.14389 
55    192.00896  193.15676 
56    190.13479  191.92846 
57    189.52840  190.11662 
58    188.36994  189.48454 
59    184.84932  188.29993 
60    183.48723  184.80817 
61    182.19541  183.45592 
62    181.25876  182.17398 
63    179.30291  181.21185 
64    176.09509  179.25896 
65    174.08625  176.03196 
66    173.37655  174.05861 
67    171.41009  173.34068 
68    171.21439  171.40777 
69    168.67927  171.16551 
70    167.65871  168.65471 
71    162.42479  167.59220 
72    161.77548  162.41358 
73    161.23307  161.76614 
74    160.32603  161.20795 
75    159.91995  160.31787 
76    158.28214  159.89367 
77    157.14397  158.26729 
78    156.88682  157.13965 
79    156.33145  156.87733 
80    155.27665  156.31044 
81    151.75440  155.21988 
82    151.39460  151.74916 
83    149.46278  151.35345 
84    149.03389  149.45849 
85    148.81919  149.03161 
86    147.11669  148.80132 
87    146.67094  147.11148 
88    145.81493  146.64159 
89    144.53861  145.78166 
90    144.15283  144.52497 
91    132.81766  144.02739 
92    132.81766  132.81766 
93    132.57885  132.81340 
94    132.57885  132.57885 
95    131.98300  132.56513 
96    130.73885  131.96916 
97    130.49296  130.73370 
98    130.34426  130.48969 
99    129.13702  130.32711 
100   129.08241  129.13647 
101   128.78842  129.07921 
102   128.75092  128.78804 
103   128.09156  128.74432 
104   127.65157  128.07979 
105   127.65157  127.65157 
106   127.23211  127.64736 
107   126.59161  127.22544 
108   126.28009  126.58849 
109   124.44216  126.25593 
110   124.44216  124.44216 
111   120.23588  124.38884 
112   119.86472  120.22530 
113   119.56763  119.85958 
114   119.25543  119.56450 
115   117.28006  119.23567 
116   117.25615  117.27982 
117   116.88236  117.25041 
118   116.49968  116.87523 
119   115.91635  116.48718 
120   115.71547  115.91434 
121   115.69357  115.71526 
122   115.45831  115.68901 
123   115.24782  115.45511 
124   115.18259  115.24717 
125   114.89661  115.17973 
126   114.27743  114.88567 
127   113.55821  114.26811 
128   111.55297  113.53816 
129   111.55297  111.55297 
130   110.81253  111.54557 
131   110.39411  110.80725 
132   110.39411  110.39411 
133   110.28505  110.39290 
134   109.99308  110.28213 
135   109.99308  109.99308 
136   109.59022  109.98878 
137   108.56836  109.57991 
138   108.46761  108.56736 
139   108.41027  108.46704 
140   108.14220  108.40758 
141   108.14174  108.14220 
142   108.01209  108.14035 
143   107.79146  108.00988 
144   107.79146  107.79146 
145   107.78161  107.79136 
146   103.81939  107.74199 
147   103.81939  103.81939 
148   103.81939  103.81939 
149   103.81939  103.81939 
150   103.81939  103.81939 
151   101.26462  103.79385 
152   101.26462  101.26462 
153   100.28172  101.25461 
154   100.28172  100.28172 
155   98.88274   100.26773 
156   98.86467   98.88256  
157   98.77192   98.86374  
158   98.18959   98.76609  
159   98.18959   98.18959  
160   98.18959   98.18959  
161   98.05704   98.18827  
162   98.02048   98.05668  
163   97.73762   98.01765  
164   97.51063   97.73452  
165   96.87196   97.50386  
166   96.83281   96.87157  
167   96.83281   96.83281  
168   96.83281   96.83281  
169   96.15108   96.82599  
170   95.57497   96.14324  
171   95.57497   95.57497  
172   95.57497   95.57497  
173   95.57497   95.57497  
174   95.41712   95.57339  
175   95.41712   95.41712  
176   95.41712   95.41712  
177   94.95769   95.40793  
178   94.95769   94.95769  
179   94.89025   94.95702  
180   94.89025   94.89025  
181   94.89025   94.89025  
182   94.89025   94.89025  
183   94.89025   94.89025  
184   94.13081   94.88265  
185   94.04779   94.12940  
186   94.04779   94.04779  
187   93.36495   94.04096  
188   92.62468   93.35755  
189   92.62468   92.62468  
190   92.48337   92.62327  
191   92.46374   92.48318  
192   92.46374   92.46374  
193   92.46374   92.46374  
194   91.53401   92.45444  
195   90.11306   91.51980  
196   90.11306   90.11306  
197   89.67744   90.10666  
198   89.67744   89.67744  
199   89.67744   89.67744  
200   89.67744   89.67744  
201   89.67744   89.67744  
202   89.65150   89.67718  
203   89.65150   89.65150  
204   89.43830   89.64936  
205   89.39067   89.43782  
206   88.62903   89.37543  
207   88.62903   88.62903  
208   88.62903   88.62903  
209   88.62903   88.62903  
210   88.62903   88.62903  
211   88.62903   88.62903  
212   87.72708   88.62001  
213   87.72708   87.72708  
214   87.72708   87.72708  
215   87.34832   87.72329  
216   87.34832   87.34832  
217   87.34832   87.34832  
218   87.34832   87.34832  
219   87.34832   87.34832  
220   87.34832   87.34832  
221   87.34832   87.34832  
222   87.34832   87.34832  
223   87.34832   87.34832  
224   87.18095   87.34664  
225   85.99234   87.16906  
226   85.99234   85.99234  
227   85.80832   85.98866  
228   85.80832   85.80832  
229   85.80832   85.80832  
230   85.80832   85.80832  
231   85.80832   85.80832  
232   85.80832   85.80832  
233   85.80832   85.80832  
234   85.80832   85.80832  
235   85.28685   85.80240  
236   85.28685   85.28685  
237   85.28685   85.28685  
238   85.28685   85.28685  
239   85.28685   85.28685  
240   85.16860   85.28567  
241   85.16860   85.16860  
242   84.96182   85.16653  
243   84.96182   84.96182  
244   84.82375   84.96043  
245   84.82375   84.82375  
246   84.82375   84.82375  
247   84.82375   84.82375  
248   84.28913   84.81840  
249   84.28913   84.28913  
250   83.52235   84.28146  
251   83.52235   83.52235  
252   83.52235   83.52235  
253   83.52235   83.52235  
254   83.35751   83.52070  
255   82.98151   83.35375  
256   82.98151   82.98151  
257   82.20541   82.97375  
258   82.20541   82.20541  
259   81.74528   82.20081  
260   81.74528   81.74528  
261   80.59848   81.72903  
262   80.59848   80.59848  
263   80.59848   80.59848  
264   80.59848   80.59848  
265   80.59848   80.59848  
266   80.59848   80.59848  
267   80.59848   80.59848  
268   80.59848   80.59848  
269   80.59848   80.59848  
270   80.59848   80.59848  
271   79.48017   80.58730  
272   79.48017   79.48017  
273   79.48017   79.48017  
274   79.38907   79.47926  
275   78.97862   79.37960  
276   78.75551   78.97639  
277   78.57219   78.75368  
278   78.57219   78.57219  
279   78.57219   78.57219  
280   78.49217   78.57139  
281   77.77606   78.48501  
282   77.63616   77.77466  
283   77.63616   77.63616  
284   77.22480   77.63204  
285   77.22480   77.22480  
286   77.22480   77.22480  
287   77.22480   77.22480  
288   77.22480   77.22480  
289   77.22480   77.22480  
290   77.22480   77.22480  
291   77.17076   77.22426  
292   77.17076   77.17076  
293   77.17076   77.17076  
294   77.17076   77.17076  
295   77.17076   77.17076  
296   77.05310   77.16959  
297   77.05310   77.05310  
298   77.05310   77.05310  
299   77.05310   77.05310  
300   77.05310   77.05310  
301   74.22288   77.02479  
302   74.22288   74.22288  
303   74.22288   74.22288  
304   74.22288   74.22288  
305   74.22288   74.22288  
306   74.22288   74.22288  
307   74.22288   74.22288  
308   74.22288   74.22288  
309   74.22288   74.22288  
310   74.18439   74.22249  
311   74.18439   74.18439  
312   73.85084   74.18105  
313   73.85084   73.85084  
314   73.85084   73.85084  
315   73.85084   73.85084  
316   73.85084   73.85084  
317   73.85084   73.85084  
318   73.85084   73.85084  
319   73.85084   73.85084  
320   73.85084   73.85084  
321   73.53388   73.84767  
322   73.53388   73.53388  
323   73.53388   73.53388  
324   73.49780   73.53352  
325   73.49780   73.49780  
326   73.49780   73.49780  
327   73.49780   73.49780  
328   73.49780   73.49780  
329   73.49780   73.49780  
330   73.49780   73.49780  
331   72.86382   73.49146  
332   72.86382   72.86382  
333   72.86382   72.86382  
334   72.86382   72.86382  
335   72.86382   72.86382  
336   72.86382   72.86382  
337   72.86382   72.86382  
338   72.86382   72.86382  
339   72.86382   72.86382  
340   72.86382   72.86382  
341   72.86382   72.86382  
342   72.86382   72.86382  
343   72.86382   72.86382  
344   72.86382   72.86382  
345   72.49406   72.86013  
346   72.49406   72.49406  
347   72.49406   72.49406  
348   72.49406   72.49406  
349   72.49406   72.49406  
350   72.49406   72.49406  
351   71.73007   72.48642  
352   71.73007   71.73007  
353   71.73007   71.73007  
354   70.76133   71.72038  
355   70.76133   70.76133  
356   70.76133   70.76133  
357   70.76133   70.76133  
358   70.76133   70.76133  
359   70.76133   70.76133  
360   70.76133   70.76133  
361   70.76133   70.76133  
362   70.76133   70.76133  
363   70.76133   70.76133  
364   70.76133   70.76133  
365   70.76133   70.76133  
366   70.74498   70.76116  
367   70.74498   70.74498  
368   70.74498   70.74498  
369   70.74498   70.74498  
370   70.74498   70.74498  
371   70.74498   70.74498  
372   70.74498   70.74498  
373   70.74498   70.74498  
374   70.74498   70.74498  
375   70.74498   70.74498  
376   70.69979   70.74453  
377   70.69979   70.69979  
378   70.69979   70.69979  
379   70.69979   70.69979  
380   70.69979   70.69979  
381   70.69979   70.69979  
382   70.69979   70.69979  
383   70.69979   70.69979  
384   70.69979   70.69979  
385   70.69979   70.69979  
386   70.69979   70.69979  
387   70.69979   70.69979  
388   70.69979   70.69979  
389   70.69979   70.69979  
390   70.69979   70.69979  
391   69.98635   70.69265  
392   69.98635   69.98635  
393   69.98635   69.98635  
394   69.98635   69.98635  
395   69.98635   69.98635  
396   69.98635   69.98635  
397   69.98635   69.98635  
398   69.98635   69.98635  
399   69.98635   69.98635  
400   69.98635   69.98635  
401   69.98635   69.98635  
402   69.98635   69.98635  
403   69.98635   69.98635  
404   69.98635   69.98635  
405   69.98635   69.98635  
406   69.72339   69.98372  
407   69.72339   69.72339  
408   69.72339   69.72339  
409   69.72339   69.72339  
410   69.72339   69.72339  
411   69.72339   69.72339  
412   69.71916   69.72335  
413   69.71916   69.71916  
414   69.71916   69.71916  
415   69.71916   69.71916  
416   69.71916   69.71916  
417   69.71916   69.71916  
418   69.71916   69.71916  
419   69.71916   69.71916  
420   69.71916   69.71916  
421   69.68341   69.71880  
422   69.68341   69.68341  
423   69.68341   69.68341  
424   69.68341   69.68341  
425   69.68341   69.68341  
426   69.68341   69.68341  
427   69.68341   69.68341  
428   69.68341   69.68341  
429   69.68341   69.68341  
430   69.68341   69.68341  
431   69.67839   69.68336  
432   69.67839   69.67839  
433   69.67839   69.67839  
434   69.67839   69.67839  
435   69.67839   69.67839  
436   69.67839   69.67839  
437   69.67839   69.67839  
438   69.67839   69.67839  
439   69.67839   69.67839  
440   69.67839   69.67839  
441   69.01434   69.67174  
442   69.01434   69.01434  
443   69.01434   69.01434  
444   69.01434   69.01434  
445   69.01434   69.01434  
446   69.01434   69.01434  
447   69.01434   69.01434  
448   69.01434   69.01434  
449   69.01434   69.01434  
450   69.01434   69.01434  
451   69.01434   69.01434  
452   69.01434   69.01434  
453   69.01434   69.01434  
454   69.01434   69.01434  
455   69.01434   69.01434  
456   69.01434   69.01434  
457   69.01434   69.01434  
458   69.01434   69.01434  
459   69.01434   69.01434  
460   69.01434   69.01434  
461   69.01434   69.01434  
462   69.01434   69.01434  
463   69.01434   69.01434  
464   69.01434   69.01434  
465   69.01434   69.01434  
466   69.01434   69.01434  
467   69.01434   69.01434  
468   69.01434   69.01434  
469   69.01434   69.01434  
470   69.01434   69.01434  
471   69.01434   69.01434  
472   69.01434   69.01434  
473   69.01434   69.01434  
474   69.01434   69.01434  
475   69.01434   69.01434  
476   69.01434   69.01434  
477   69.01434   69.01434  
478   69.01434   69.01434  
479   69.01434   69.01434  
480   69.01434   69.01434  
481   69.01434   69.01434  
482   69.01434   69.01434  
483   69.01434   69.01434  
484   69.01434   69.01434  
485   69.01434   69.01434  
486   69.01434   69.01434  
487   69.01434   69.01434  
488   69.01434   69.01434  
489   69.01434   69.01434  
490   69.01434   69.01434  
491   69.01434   69.01434  
492   69.01434   69.01434  
493   69.01434   69.01434  
494   69.01434   69.01434  
495   69.01434   69.01434  
496   69.01434   69.01434  
497   69.01434   69.01434  
498   69.01434   69.01434  
499   69.01434   69.01434  
