0     33.53818   40.28408  
1     33.53818   40.28408  
2     32.41813   33.98044  
3     30.88419   32.55320  
4     29.73146   31.27017  
5     29.37529   30.02283  
6     27.01294   29.40839  
7     25.46816   27.48459  
8     25.24194   25.69471  
9     23.98762   25.25222  
10    23.18869   24.35481  
11    20.99519   23.35419  
12    20.85301   21.62140  
13    19.90919   20.86137  
14    18.45881   20.06189  
15    18.17189   18.90357  
16    18.13837   18.26471  
17    17.69640   18.13728  
18    16.96544   17.78881  
19    16.47547   17.10785  
20    16.15562   16.62830  
21    15.89819   16.30074  
22    15.25694   15.96159  
23    15.08757   15.36916  
24    15.06530   15.15792  
25    14.86949   15.07024  
26    13.93610   14.93080  
27    13.77274   14.21795  
28    13.23322   13.79828  
29    12.64053   13.36443  
30    12.62620   12.75544  
31    12.55036   12.63127  
32    12.16173   12.57333  
33    12.15945   12.29039  
34    11.91996   12.15747  
35    11.42319   12.00119  
36    11.34554   11.63370  
37    10.73952   11.35653  
38    10.73900   10.90408  
39    10.66316   10.73835  
40    10.57343   10.69372  
41    10.57265   10.60655  
42    10.34132   10.56898  
43    10.32843   10.41670  
44    10.31326   10.33213  
45    10.31326   10.31768  
46    9.25275    10.29953  
47    8.93992    9.47480   
48    8.63453    9.06064   
49    8.63453    8.78321   
50    8.63453    8.63453   
51    7.11460    8.61933   
52    7.11406    7.52439   
53    7.11406    7.11419   
54    7.11406    7.11406   
55    7.11406    7.11406   
56    7.11406    7.11406   
57    7.11406    7.11406   
58    7.11406    7.11406   
59    7.11406    7.11406   
60    7.11406    7.11406   
61    7.11406    7.11406   
62    7.11406    7.11406   
63    7.11406    7.11406   
64    7.11406    7.11406   
65    7.11406    7.11406   
66    7.11406    7.11406   
67    7.11406    7.11406   
68    7.11406    7.11406   
69    7.11406    7.11406   
70    7.11406    7.11406   
71    7.11406    7.11406   
72    7.11406    7.11406   
73    7.11406    7.11406   
74    7.11406    7.11406   
75    7.11406    7.11406   
76    7.11406    7.11406   
77    7.11406    7.11406   
78    7.07968    7.11372   
79    6.78602    7.08465   
80    6.78602    6.87488   
81    6.24306    6.78059   
82    6.24306    6.43801   
83    6.24306    6.24306   
84    6.24306    6.24306   
85    6.24306    6.24306   
86    6.24306    6.24306   
87    6.24306    6.24306   
88    6.24306    6.24306   
89    6.24306    6.24306   
90    6.24306    6.24306   
91    6.24306    6.24306   
92    6.24306    6.24306   
93    6.24306    6.24306   
94    6.24306    6.24306   
95    6.24306    6.24306   
96    6.24306    6.24306   
97    6.24306    6.24306   
98    6.24306    6.24306   
99    6.24306    6.24306   
100   6.24306    6.24306   
101   6.24306    6.24306   
102   6.24306    6.24306   
103   6.24306    6.24306   
104   6.24306    6.24306   
105   6.24306    6.24306   
106   6.24306    6.24306   
107   6.24306    6.24306   
108   6.24306    6.24306   
109   6.24306    6.24306   
110   6.24306    6.24306   
111   6.24306    6.24306   
112   6.24306    6.24306   
113   6.24306    6.24306   
114   6.24306    6.24306   
115   6.24306    6.24306   
116   6.24306    6.24306   
117   6.24306    6.24306   
118   6.24306    6.24306   
119   6.24306    6.24306   
120   6.24306    6.24306   
121   6.24306    6.24306   
122   6.24306    6.24306   
123   6.24306    6.24306   
124   6.24306    6.24306   
125   6.24306    6.24306   
126   6.24306    6.24306   
127   6.24306    6.24306   
128   6.24306    6.24306   
129   6.24306    6.24306   
130   6.24306    6.24306   
131   6.24306    6.24306   
132   6.24306    6.24306   
133   6.24306    6.24306   
134   6.24306    6.24306   
135   6.24306    6.24306   
136   6.24306    6.24306   
137   6.24306    6.24306   
138   6.24306    6.24306   
139   6.24306    6.24306   
140   6.24306    6.24306   
141   6.24306    6.24306   
142   6.24306    6.24306   
143   6.24306    6.24306   
144   6.24306    6.24306   
145   6.24306    6.24306   
146   6.24306    6.24306   
147   6.24306    6.24306   
148   6.24306    6.24306   
149   6.24306    6.24306   
150   6.24306    6.24306   
151   6.24306    6.24306   
152   6.24306    6.24306   
153   6.24306    6.24306   
154   6.24306    6.24306   
155   6.24306    6.24306   
156   6.24306    6.24306   
157   6.24306    6.24306   
158   6.24306    6.24306   
159   6.24306    6.24306   
160   6.24306    6.24306   
161   6.24306    6.24306   
162   6.24306    6.24306   
163   6.24306    6.24306   
164   6.24306    6.24306   
165   6.24306    6.24306   
166   6.24306    6.24306   
167   6.24306    6.24306   
168   6.24306    6.24306   
169   6.24306    6.24306   
170   6.24306    6.24306   
171   6.24306    6.24306   
172   6.24306    6.24306   
173   6.24306    6.24306   
174   6.24306    6.24306   
175   6.24306    6.24306   
176   6.24306    6.24306   
177   6.24306    6.24306   
178   6.24306    6.24306   
179   6.24306    6.24306   
180   6.24306    6.24306   
181   6.24306    6.24306   
182   6.24306    6.24306   
183   6.24306    6.24306   
184   6.24306    6.24306   
185   6.24306    6.24306   
186   6.24306    6.24306   
187   6.24306    6.24306   
188   6.24306    6.24306   
189   6.24306    6.24306   
190   6.24306    6.24306   
191   6.24306    6.24306   
192   6.24306    6.24306   
193   6.24306    6.24306   
194   6.24306    6.24306   
195   6.24306    6.24306   
196   6.24306    6.24306   
197   6.24306    6.24306   
198   6.24306    6.24306   
199   6.24306    6.24306   
200   6.24306    6.24306   
201   6.24306    6.24306   
202   6.24306    6.24306   
203   6.24306    6.24306   
204   6.24306    6.24306   
205   6.24306    6.24306   
206   6.24306    6.24306   
207   6.24306    6.24306   
208   6.24306    6.24306   
209   6.24306    6.24306   
210   6.24306    6.24306   
211   6.24306    6.24306   
212   6.24306    6.24306   
213   6.24306    6.24306   
214   6.24306    6.24306   
215   6.24306    6.24306   
216   6.24306    6.24306   
217   6.24306    6.24306   
218   6.24306    6.24306   
219   6.24306    6.24306   
220   6.24306    6.24306   
221   6.24306    6.24306   
222   6.24306    6.24306   
223   6.24306    6.24306   
224   6.24306    6.24306   
225   6.24306    6.24306   
226   6.24306    6.24306   
227   6.24306    6.24306   
228   6.24306    6.24306   
229   6.24306    6.24306   
230   6.24306    6.24306   
231   6.24306    6.24306   
232   6.24306    6.24306   
233   6.24306    6.24306   
234   6.24306    6.24306   
235   6.24306    6.24306   
236   6.24306    6.24306   
237   6.24306    6.24306   
238   6.24306    6.24306   
239   6.24306    6.24306   
240   6.24306    6.24306   
241   6.24306    6.24306   
242   6.24306    6.24306   
243   6.24306    6.24306   
244   6.24306    6.24306   
245   6.24306    6.24306   
246   6.24306    6.24306   
247   6.24306    6.24306   
248   6.24306    6.24306   
249   6.24306    6.24306   
250   6.24306    6.24306   
251   6.24306    6.24306   
252   6.24306    6.24306   
253   6.24306    6.24306   
254   6.24306    6.24306   
255   6.24306    6.24306   
256   6.24306    6.24306   
257   6.24306    6.24306   
258   6.24306    6.24306   
259   6.24306    6.24306   
260   6.24306    6.24306   
261   6.24306    6.24306   
262   6.24306    6.24306   
263   6.24306    6.24306   
264   6.24306    6.24306   
265   6.24306    6.24306   
266   6.24306    6.24306   
267   6.24306    6.24306   
268   6.24306    6.24306   
269   6.24306    6.24306   
270   6.24306    6.24306   
271   6.24306    6.24306   
272   6.24306    6.24306   
273   6.24306    6.24306   
274   6.24306    6.24306   
275   6.24306    6.24306   
276   6.24306    6.24306   
277   6.24306    6.24306   
278   6.24306    6.24306   
279   6.24306    6.24306   
280   6.24306    6.24306   
281   6.24306    6.24306   
282   6.24306    6.24306   
283   6.24306    6.24306   
284   6.24306    6.24306   
285   6.24306    6.24306   
286   6.24306    6.24306   
287   6.24306    6.24306   
288   6.24306    6.24306   
289   6.24306    6.24306   
290   6.24306    6.24306   
291   6.24306    6.24306   
292   6.24306    6.24306   
293   6.24306    6.24306   
294   6.24306    6.24306   
295   6.24306    6.24306   
296   6.24306    6.24306   
297   6.24306    6.24306   
298   6.24306    6.24306   
299   6.24306    6.24306   
300   6.24306    6.24306   
301   6.24306    6.24306   
302   6.24306    6.24306   
303   6.24306    6.24306   
304   6.24306    6.24306   
305   6.24306    6.24306   
306   6.24306    6.24306   
307   6.24306    6.24306   
308   6.24306    6.24306   
309   6.24306    6.24306   
310   6.24306    6.24306   
311   6.24306    6.24306   
312   6.24306    6.24306   
313   6.24306    6.24306   
314   6.24306    6.24306   
315   6.24306    6.24306   
316   6.24306    6.24306   
317   6.24306    6.24306   
318   6.24306    6.24306   
319   6.24306    6.24306   
320   6.24306    6.24306   
321   6.24306    6.24306   
322   6.24306    6.24306   
323   6.24306    6.24306   
324   6.24306    6.24306   
325   6.24306    6.24306   
326   6.24306    6.24306   
327   6.24306    6.24306   
328   6.24306    6.24306   
329   6.24306    6.24306   
330   6.24306    6.24306   
331   6.24306    6.24306   
332   6.24306    6.24306   
333   6.24306    6.24306   
334   6.24306    6.24306   
335   6.24306    6.24306   
336   6.24306    6.24306   
337   6.24306    6.24306   
338   6.24306    6.24306   
339   6.24306    6.24306   
340   6.24306    6.24306   
341   6.24306    6.24306   
342   6.24306    6.24306   
343   6.24306    6.24306   
344   6.24306    6.24306   
345   6.24306    6.24306   
346   6.24306    6.24306   
347   6.24306    6.24306   
348   6.24306    6.24306   
349   6.24306    6.24306   
350   6.24306    6.24306   
351   6.24306    6.24306   
352   6.24306    6.24306   
353   6.24306    6.24306   
354   6.24306    6.24306   
355   6.24306    6.24306   
356   6.24306    6.24306   
357   6.24306    6.24306   
358   6.24306    6.24306   
359   6.24306    6.24306   
360   6.24306    6.24306   
361   6.24306    6.24306   
362   6.24306    6.24306   
363   6.24306    6.24306   
364   6.24306    6.24306   
365   6.24306    6.24306   
366   6.24306    6.24306   
367   6.24306    6.24306   
368   6.24306    6.24306   
369   6.24306    6.24306   
370   6.24306    6.24306   
371   6.24306    6.24306   
372   6.24306    6.24306   
373   6.24306    6.24306   
374   6.24306    6.24306   
375   6.24306    6.24306   
376   6.24306    6.24306   
377   6.24306    6.24306   
378   6.24306    6.24306   
379   6.24306    6.24306   
380   6.24306    6.24306   
381   6.24306    6.24306   
382   6.24306    6.24306   
383   6.24306    6.24306   
384   6.24306    6.24306   
385   6.24306    6.24306   
386   6.24306    6.24306   
387   6.24306    6.24306   
388   6.24306    6.24306   
389   6.24306    6.24306   
390   6.24306    6.24306   
391   6.24306    6.24306   
392   6.24306    6.24306   
393   6.24306    6.24306   
394   6.24306    6.24306   
395   6.24306    6.24306   
396   6.24306    6.24306   
397   6.24306    6.24306   
398   6.24306    6.24306   
399   6.24306    6.24306   
400   6.24306    6.24306   
401   6.24306    6.24306   
402   6.24306    6.24306   
403   6.24306    6.24306   
404   6.24306    6.24306   
405   6.24306    6.24306   
406   6.24306    6.24306   
407   6.24306    6.24306   
408   6.24306    6.24306   
409   6.24306    6.24306   
410   6.24306    6.24306   
411   6.24306    6.24306   
412   6.24306    6.24306   
413   6.24306    6.24306   
414   6.24306    6.24306   
415   6.24306    6.24306   
416   6.24306    6.24306   
417   6.24306    6.24306   
418   6.24306    6.24306   
419   6.24306    6.24306   
420   6.24306    6.24306   
421   6.24306    6.24306   
422   6.24306    6.24306   
423   6.24306    6.24306   
424   6.24306    6.24306   
425   6.24306    6.24306   
426   6.24306    6.24306   
427   6.24306    6.24306   
428   6.24306    6.24306   
429   6.24306    6.24306   
430   6.24306    6.24306   
431   6.24306    6.24306   
432   6.24306    6.24306   
433   6.24306    6.24306   
434   6.24306    6.24306   
435   6.24306    6.24306   
436   6.24306    6.24306   
437   6.24306    6.24306   
438   6.24306    6.24306   
439   6.24306    6.24306   
440   6.24306    6.24306   
441   6.24306    6.24306   
442   6.24306    6.24306   
443   6.24306    6.24306   
444   6.24306    6.24306   
445   6.24306    6.24306   
446   6.24306    6.24306   
447   6.24306    6.24306   
448   6.24306    6.24306   
449   6.24306    6.24306   
450   6.24306    6.24306   
451   6.24306    6.24306   
452   6.24306    6.24306   
453   6.24306    6.24306   
454   6.24306    6.24306   
455   6.24306    6.24306   
456   6.24306    6.24306   
457   6.24306    6.24306   
458   6.24306    6.24306   
459   6.24306    6.24306   
460   6.24306    6.24306   
461   6.24306    6.24306   
462   6.24306    6.24306   
463   6.24306    6.24306   
464   6.24306    6.24306   
465   6.24306    6.24306   
466   6.24306    6.24306   
467   6.24306    6.24306   
468   6.24306    6.24306   
469   6.24306    6.24306   
470   6.24306    6.24306   
471   6.24306    6.24306   
472   6.24306    6.24306   
473   6.24306    6.24306   
474   6.24306    6.24306   
475   6.24306    6.24306   
476   6.24306    6.24306   
477   6.24306    6.24306   
478   6.24306    6.24306   
479   6.24306    6.24306   
480   6.24306    6.24306   
481   6.24306    6.24306   
482   6.24306    6.24306   
483   6.24306    6.24306   
484   6.24306    6.24306   
485   6.24306    6.24306   
486   6.24306    6.24306   
487   6.24306    6.24306   
488   6.24306    6.24306   
489   6.24306    6.24306   
490   6.24306    6.24306   
491   6.24306    6.24306   
492   6.24306    6.24306   
493   6.24306    6.24306   
494   6.24306    6.24306   
495   6.24306    6.24306   
496   6.24306    6.24306   
497   6.24306    6.24306   
498   6.24306    6.24306   
499   6.24306    6.24306   
