0     455.48389  491.63334 
1     455.48389  491.63334 
2     447.22254  456.27725 
3     441.75149  448.09094 
4     438.37740  442.01327 
5     435.26355  438.63852 
6     428.36447  435.24111 
7     421.99004  429.21507 
8     416.12265  422.89106 
9     408.12653  416.91490 
10    403.21692  408.70113 
11    399.08046  403.41367 
12    394.36662  399.29741 
13    386.96534  394.58664 
14    382.61665  387.67121 
15    380.28787  383.51439 
16    373.10441  380.55340 
17    368.59183  373.65260 
18    359.80333  369.38278 
19    351.11276  360.60965 
20    349.14334  353.07710 
21    342.85944  349.76533 
22    337.22013  343.44342 
23    334.19758  338.30535 
24    331.52259  334.78228 
25    328.10009  331.84240 
26    324.85961  328.81118 
27    320.09127  325.21568 
28    310.53100  321.34839 
29    308.59090  312.33887 
30    304.68847  308.88334 
31    294.46167  305.22944 
32    291.80773  297.78367 
33    288.69453  292.46691 
34    285.77249  289.21250 
35    282.39024  286.46452 
36    281.90572  283.30244 
37    279.48563  281.99284 
38    274.85703  279.64516 
39    272.85139  275.83616 
40    265.95881  273.26935 
41    264.24755  267.64837 
42    262.65323  264.61052 
43    260.99384  263.13454 
44    259.85876  261.63887 
45    258.85527  260.35403 
46    257.29148  259.12007 
47    254.35243  257.72372 
48    253.53074  254.98952 
49    251.05387  253.74783 
50    247.11085  251.74294 
51    246.74849  248.37021 
52    243.38602  246.75559 
53    241.36295  243.90782 
54    240.42662  241.83666 
55    237.50243  240.48672 
56    235.76817  237.87583 
57    233.90558  236.38535 
58    232.54455  234.28592 
59    231.39459  232.82468 
60    225.19086  231.52003 
61    224.16565  226.79033 
62    221.31322  224.44839 
63    220.81246  222.07462 
64    217.71289  220.84591 
65    217.71289  218.66989 
66    216.80457  217.68622 
67    213.09468  216.88245 
68    212.99306  214.17818 
69    212.87006  213.02092 
70    212.20365  212.87811 
71    208.03996  212.15017 
72    207.88566  209.23785 
73    206.36648  207.88321 
74    205.24589  206.85464 
75    204.36625  205.53515 
76    203.61051  204.63049 
77    203.61051  203.90413 
78    202.09847  203.58376 
79    199.51627  202.46153 
80    199.23415  199.84682 
81    198.46052  199.29498 
82    196.87822  198.68891 
83    194.41425  197.38745 
84    191.79415  195.02945 
85    190.36211  192.30553 
86    187.13079  190.82225 
87    187.13079  188.11320 
88    185.47770  187.09717 
89    185.15404  185.63836 
90    185.03590  185.25746 
91    184.10448  185.06390 
92    180.49299  184.30565 
93    180.49299  181.70391 
94    180.13873  180.48778 
95    179.16203  180.25446 
96    177.62512  179.38006 
97    174.18741  178.14171 
98    172.48238  175.34514 
99    170.82929  172.98598 
100   170.07354  171.37760 
101   169.86729  170.32303 
102   168.79938  169.87333 
103   167.82899  169.02643 
104   166.56560  167.95042 
105   165.68596  166.84208 
106   164.88478  165.94680 
107   164.73283  165.14349 
108   163.88808  164.76547 
109   163.46784  164.24719 
110   163.09865  163.57131 
111   162.69572  163.16220 
112   162.58515  162.80050 
113   160.63091  162.58766 
114   160.51673  161.27995 
115   160.51673  160.57067 
116   159.63709  160.50238 
117   159.56641  159.99567 
118   158.68678  159.55497 
119   157.79092  158.89628 
120   157.68637  158.07805 
121   156.67168  157.71420 
122   156.29297  156.96071 
123   156.16509  156.44511 
124   155.73774  156.19188 
125   155.59057  155.86678 
126   155.51521  155.63474 
127   155.51521  155.54761 
128   154.95998  155.50966 
129   154.34415  155.14493 
130   153.98561  154.59794 
131   149.69780  154.01006 
132   149.60051  150.83175 
133   149.03173  149.63082 
134   148.96190  149.29768 
135   147.63281  148.96810 
136   147.60791  148.07788 
137   147.60791  147.61644 
138   147.60791  147.60791 
139   144.97041  147.57888 
140   144.97041  145.96937 
141   143.86468  144.95547 
142   143.80499  144.24243 
143   143.25758  143.82528 
144   142.91277  143.40054 
145   142.15122  143.02050 
146   141.99614  142.45715 
147   141.99614  142.03190 
148   141.73251  141.99350 
149   141.59579  141.83888 
150   141.59579  141.65465 
151   141.59579  141.59579 
152   140.99336  141.58901 
153   140.99336  141.22052 
154   140.99336  140.99336 
155   140.28794  140.98314 
156   140.15104  140.53233 
157   139.87488  140.20276 
158   139.85907  139.96368 
159   139.33599  139.86055 
160   136.76913  139.50378 
161   136.38130  137.43020 
162   136.38130  136.49683 
163   135.88007  136.37263 
164   135.88007  136.01506 
165   135.81024  135.87938 
166   135.49108  135.82869 
167   135.17398  135.62227 
168   135.17398  135.28131 
169   134.44204  135.16666 
170   133.42214  134.69485 
171   133.21398  133.75694 
172   131.87747  133.27809 
173   131.87747  132.27838 
174   131.87747  131.87747 
175   131.87747  131.87747 
176   131.48903  131.87359 
177   130.21887  131.62420 
178   129.78686  130.66550 
179   129.72647  129.90387 
180   129.35750  129.74341 
181   128.99684  129.47668 
182   127.80712  129.13725 
183   126.12823  128.22528 
184   126.12823  126.69708 
185   125.62234  126.12165 
186   124.44599  125.75951 
187   124.44599  124.73914 
188   124.44599  124.44599 
189   124.16248  124.44089 
190   124.16248  124.24427 
191   122.09717  124.12722 
192   122.09717  122.84748 
193   121.94019  122.09560 
194   120.59127  121.99885 
195   120.59127  121.03849 
196   120.51606  120.59039 
197   120.23670  120.53992 
198   119.77505  120.33903 
199   119.43456  119.94811 
200   119.38087  119.53603 
201   119.38087  119.40443 
202   118.62438  119.36787 
203   118.57602  118.81771 
204   118.57602  118.59633 
205   118.43046  118.57390 
206   118.43046  118.46807 
207   117.19583  118.41811 
208   117.19583  117.63874 
209   117.14813  117.19535 
210   117.14813  117.16816 
211   117.14813  117.14813 
212   117.14813  117.14813 
213   116.99088  117.14656 
214   116.84649  117.06157 
215   116.78086  116.90018 
216   116.78086  116.79988 
217   116.77498  116.78080 
218   116.77498  116.77733 
219   116.77498  116.77498 
220   116.23897  116.76962 
221   116.23897  116.42233 
222   116.23897  116.23897 
223   114.86833  116.22199 
224   114.86833  115.38436 
225   114.86833  114.86833 
226   114.86833  114.86833 
227   114.86214  114.86827 
228   114.69279  114.86264 
229   113.18724  114.73318 
230   113.18724  113.73312 
231   113.18724  113.18724 
232   112.80872  113.18345 
233   112.57014  112.95913 
234   112.50451  112.65777 
235   112.50451  112.52762 
236   112.41392  112.50360 
237   112.03942  112.44956 
238   112.03942  112.18387 
239   111.13308  112.02753 
240   110.10117  111.33474 
241   110.10117  110.46353 
242   110.10117  110.10117 
243   110.10117  110.10117 
244   110.10117  110.10117 
245   109.17432  110.09068 
246   109.17432  109.47391 
247   109.17432  109.17432 
248   109.17432  109.17432 
249   109.15620  109.17414 
250   109.15620  109.16109 
251   108.62020  109.15084 
252   108.62020  108.85824 
253   107.52738  108.60788 
254   107.52738  107.95737 
255   107.38821  107.52599 
256   107.28333  107.44005 
257   106.76419  107.32219 
258   106.58812  106.93841 
259   106.58812  106.63699 
260   105.72201  106.57284 
261   105.25788  105.98900 
262   105.25788  105.40897 
263   104.10800  105.24028 
264   103.44647  104.56818 
265   103.32456  103.71004 
266   103.32271  103.38625 
267   102.90801  103.31928 
268   102.90801  103.07852 
269   102.82550  102.90702 
270   102.45714  102.85299 
271   102.16144  102.56543 
272   102.08965  102.28634 
273   100.83337  102.09116 
274   100.16931  101.27625 
275   100.16931  100.48262 
276   100.16931  100.16931 
277   100.16931  100.16931 
278   100.16931  100.16931 
279   99.76203   100.16524 
280   99.76203   99.95753  
281   99.76203   99.76203  
282   99.76203   99.76203  
283   99.76203   99.76203  
284   99.57468   99.76016  
285   99.33063   99.63163  
286   99.33063   99.40833  
287   99.05522   99.32788  
288   98.60100   99.15533  
289   98.28674   98.77427  
290   98.08261   98.40910  
291   98.08261   98.17549  
292   97.38595   98.07565  
293   97.38595   97.64799  
294   97.30503   97.38514  
295   97.30503   97.33820  
296   97.30503   97.30503  
297   97.30503   97.30503  
298   97.02962   97.30227  
299   97.02962   97.14614  
300   97.02962   97.02962  
301   96.10096   97.02033  
302   96.10096   96.40949  
303   95.63404   96.09526  
304   95.63404   95.70988  
305   95.63404   95.63404  
306   94.77233   95.62542  
307   94.51643   95.05611  
308   94.51643   94.61623  
309   93.56354   94.50690  
310   93.23320   93.89065  
311   92.63542   93.31023  
312   92.41181   92.89778  
313   92.41181   92.47619  
314   92.10402   92.40873  
315   92.10402   92.21452  
316   91.98935   92.10287  
317   91.37856   92.01645  
318   91.37856   91.65549  
319   91.37856   91.37856  
320   91.37307   91.37851  
321   91.37307   91.37488  
322   91.18304   91.37074  
323   91.18304   91.24078  
324   91.18304   91.18304  
325   91.18304   91.18304  
326   91.18304   91.18304  
327   91.18304   91.18304  
328   91.18304   91.18304  
329   91.06465   91.18186  
330   91.06465   91.11201  
331   91.06465   91.06465  
332   90.77098   91.06171  
333   90.77098   90.89853  
334   90.77098   90.77098  
335   90.41831   90.76746  
336   90.41831   90.55679  
337   90.41831   90.41831  
338   90.41831   90.41831  
339   90.41831   90.41831  
340   90.41831   90.41831  
341   90.41831   90.41831  
342   90.41831   90.41831  
343   89.91169   90.41325  
344   89.91169   90.07504  
345   89.69251   89.90950  
346   89.69251   89.77548  
347   89.38472   89.68943  
348   88.85783   89.53782  
349   88.85783   89.10060  
350   88.85783   88.85783  
351   88.85783   88.85783  
352   88.85783   88.85783  
353   88.85783   88.85783  
354   88.85783   88.85783  
355   88.85783   88.85783  
356   88.85783   88.85783  
357   88.85783   88.85783  
358   88.85783   88.85783  
359   88.85783   88.85783  
360   88.85783   88.85783  
361   88.85783   88.85783  
362   88.85783   88.85783  
363   88.85783   88.85783  
364   88.85783   88.85783  
365   88.47075   88.85396  
366   88.47075   88.67047  
367   88.47075   88.47075  
368   88.47075   88.47075  
369   88.47075   88.47075  
370   88.47075   88.47075  
371   88.47075   88.47075  
372   88.47075   88.47075  
373   88.47075   88.47075  
374   88.47075   88.47075  
375   88.47075   88.47075  
376   88.47075   88.47075  
377   88.47075   88.47075  
378   88.47075   88.47075  
379   88.47075   88.47075  
380   88.47075   88.47075  
381   88.47075   88.47075  
382   88.47075   88.47075  
383   88.47075   88.47075  
384   88.47075   88.47075  
385   88.47075   88.47075  
386   88.29798   88.46902  
387   88.29798   88.35500  
388   87.83008   88.29331  
389   87.83008   88.02733  
390   87.53563   87.82419  
391   87.53563   87.63676  
392   87.53563   87.53563  
393   87.39988   87.53427  
394   87.39988   87.43924  
395   87.39988   87.39988  
396   87.39988   87.39988  
397   87.39988   87.39988  
398   87.29690   87.39885  
399   87.09328   87.33445  
400   87.09328   87.15314  
401   87.09328   87.09328  
402   87.09328   87.09328  
403   86.97626   87.09211  
404   86.97626   87.02307  
405   86.97626   86.97626  
406   86.97626   86.97626  
407   86.82689   86.97401  
408   86.75118   86.88475  
409   86.71746   86.78270  
410   86.71746   86.72960  
411   86.71746   86.71746  
412   86.71746   86.71746  
413   86.71746   86.71746  
414   86.71746   86.71746  
415   86.71746   86.71746  
416   86.64175   86.71670  
417   86.64175   86.67203  
418   86.64175   86.64175  
419   86.64175   86.64175  
420   86.64175   86.64175  
421   86.64175   86.64175  
422   86.52190   86.64055  
423   86.52190   86.56916  
424   86.52190   86.52190  
425   86.52190   86.52190  
426   86.52190   86.52190  
427   86.52190   86.52190  
428   86.52190   86.52190  
429   86.52190   86.52190  
430   86.52190   86.52190  
431   86.52190   86.52190  
432   84.74503   86.50413  
433   84.74503   85.27487  
434   83.87438   84.73632  
435   83.87438   84.26526  
436   83.87438   83.87438  
437   83.49703   83.87060  
438   83.49703   83.65551  
439   83.49703   83.49703  
440   83.49703   83.49703  
441   83.49703   83.49703  
442   83.49703   83.49703  
443   83.49703   83.49703  
444   83.49703   83.49703  
445   83.49703   83.49703  
446   83.49703   83.49703  
447   83.49703   83.49703  
448   83.49703   83.49703  
449   83.38236   83.49588  
450   83.38236   83.43740  
451   83.38236   83.38236  
452   83.38236   83.38236  
453   83.38236   83.38236  
454   83.38236   83.38236  
455   83.38236   83.38236  
456   83.38236   83.38236  
457   83.38236   83.38236  
458   83.38236   83.38236  
459   83.38236   83.38236  
460   83.38236   83.38236  
461   83.38236   83.38236  
462   83.38236   83.38236  
463   83.38236   83.38236  
464   83.33259   83.38153  
465   83.33259   83.35119  
466   83.33259   83.33259  
467   83.33259   83.33259  
468   83.32006   83.33247  
469   83.32006   83.32295  
470   83.32006   83.32006  
471   83.32006   83.32006  
472   83.32006   83.32006  
473   83.32006   83.32006  
474   83.32006   83.32006  
475   83.32006   83.32006  
476   83.32006   83.32006  
477   83.02822   83.31715  
478   83.02822   83.13728  
479   83.02822   83.02822  
480   83.02822   83.02822  
481   83.02822   83.02822  
482   83.02822   83.02822  
483   82.39758   83.01663  
484   82.39758   82.57984  
485   82.39758   82.39758  
486   82.18215   82.39542  
487   82.18215   82.26186  
488   82.18215   82.18215  
489   82.14958   82.18183  
490   82.14958   82.16554  
491   82.14958   82.14958  
492   82.14958   82.14958  
493   82.14958   82.14958  
494   82.14958   82.14958  
495   82.14958   82.14958  
496   82.14958   82.14958  
497   82.14958   82.14958  
498   82.14958   82.14958  
499   82.14958   82.14958  
