0     455.48389  491.63334 
1     455.48389  491.63334 
2     446.98729  454.85710 
3     435.75757  446.27405 
4     423.66462  435.11988 
5     419.55042  423.37484 
6     414.10232  419.22433 
7     405.09110  413.82714 
8     396.04130  404.66947 
9     390.05413  395.76819 
10    383.30455  389.76881 
11    375.68954  382.96267 
12    373.20789  375.58869 
13    364.70441  372.91786 
14    359.83041  364.56992 
15    354.57773  359.59634 
16    347.18914  354.29998 
17    340.06448  346.91699 
18    324.75969  339.56694 
19    322.12378  324.57309 
20    314.53016  321.84860 
21    305.39624  314.25537 
22    302.98969  305.33450 
23    298.45499  302.85455 
24    295.43316  298.33666 
25    291.90904  295.28413 
26    290.86829  291.89085 
27    288.75468  290.82662 
28    284.19664  288.54732 
29    280.78757  284.10851 
30    275.63651  280.56198 
31    262.12901  275.48404 
32    255.48727  261.94370 
33    254.83926  255.46556 
34    251.37761  254.73829 
35    249.58921  251.30776 
36    247.79788  249.44781 
37    246.70595  247.75525 
38    244.46795  246.65286 
39    241.73297  244.39126 
40    236.62895  241.57824 
41    236.20136  236.62031 
42    231.88785  236.07205 
43    229.65624  231.82115 
44    227.47193  229.61333 
45    226.41163  227.42913 
46    224.24823  226.36977 
47    220.74736  224.17293 
48    217.88766  220.70156 
49    216.35053  217.84922 
50    214.24080  216.25981 
51    198.68104  214.05461 
52    196.76945  198.61627 
53    194.77193  196.73960 
54    192.98511  194.66473 
55    190.54699  192.87488 
56    189.53573  190.53205 
57    188.48302  189.50064 
58    187.43653  188.45002 
59    183.88987  187.38492 
60    182.23584  183.83966 
61    180.25326  182.17052 
62    178.00964  180.17840 
63    177.08770  177.98370 
64    176.07953  177.07533 
65    174.29099  176.04689 
66    173.87881  174.28218 
67    171.07590  173.84044 
68    170.13251  171.03921 
69    169.91352  170.12599 
70    168.72907  169.87277 
71    168.04917  168.70452 
72    166.86028  168.00697 
73    166.19095  166.82672 
74    165.13536  166.16027 
75    164.48857  165.11953 
76    163.65467  164.47001 
77    162.43028  163.64159 
78    160.71578  162.41243 
79    159.09923  160.67673 
80    157.63084  159.07178 
81    153.55280  157.58969 
82    150.30360  153.51405 
83    149.53787  150.28912 
84    148.89700  149.52657 
85    148.74772  148.89525 
86    147.88100  148.73816 
87    144.26374  147.83974 
88    143.03767  144.24460 
89    142.43569  143.03090 
90    138.40471  142.39397 
91    137.59678  138.39642 
92    136.72470  137.58265 
93    135.61810  136.69116 
94    135.27257  135.61465 
95    134.35593  135.26340 
96    134.15177  134.35381 
97    133.58356  134.14608 
98    132.30944  133.56736 
99    132.24340  132.30860 
100   130.31992  132.22166 
101   128.06844  130.29288 
102   127.13035  128.05541 
103   126.25257  127.12145 
104   125.63326  126.24627 
105   125.48457  125.63177 
106   124.73816  125.47699 
107   123.91537  124.72993 
108   123.30125  123.90923 
109   121.49353  123.27561 
110   121.19186  121.48860 
111   121.00076  121.18860 
112   120.61213  120.99518 
113   120.03040  120.60632 
114   119.98540  120.02995 
115   119.13248  119.96970 
116   119.13248  119.13248 
117   117.59470  119.11710 
118   117.55862  117.59434 
119   116.83884  117.54692 
120   116.79754  116.83843 
121   116.21200  116.79168 
122   115.59042  116.20170 
123   115.59042  115.59042 
124   115.30637  115.58758 
125   113.84184  115.27580 
126   113.84184  113.84184 
127   113.12418  113.82859 
128   113.10071  113.12394 
129   113.09659  113.10067 
130   112.71872  113.09281 
131   109.57505  112.68728 
132   109.57505  109.57505 
133   109.48230  109.57413 
134   109.48230  109.48230 
135   109.48230  109.48230 
136   109.48230  109.48230 
137   109.48230  109.48230 
138   109.48230  109.48230 
139   109.48230  109.48230 
140   109.10314  109.47851 
141   106.33719  109.07548 
142   106.11656  106.33319 
143   106.01581  106.11555 
144   106.01581  106.01581 
145   106.01581  106.01581 
146   106.01581  106.01581 
147   106.01581  106.01581 
148   105.98365  106.01548 
149   105.98365  105.98365 
150   105.26488  105.97349 
151   98.95408   105.19881 
152   98.95408   98.95408  
153   98.65556   98.95110  
154   98.57781   98.65478  
155   98.53214   98.57735  
156   98.29905   98.52748  
157   98.29905   98.29905  
158   98.29905   98.29905  
159   98.01374   98.29619  
160   98.01374   98.01374  
161   98.01374   98.01374  
162   98.01374   98.01374  
163   98.01374   98.01374  
164   98.01374   98.01374  
165   98.01374   98.01374  
166   98.01374   98.01374  
167   98.01374   98.01374  
168   98.01374   98.01374  
169   98.01374   98.01374  
170   97.68802   98.01048  
171   95.11906   97.66233  
172   95.11906   95.11906  
173   95.11906   95.11906  
174   95.11906   95.11906  
175   95.11906   95.11906  
176   95.11906   95.11906  
177   94.52290   95.11310  
178   94.52290   94.52290  
179   94.52290   94.52290  
180   94.52290   94.52290  
181   94.52290   94.52290  
182   94.52290   94.52290  
183   94.52290   94.52290  
184   94.52290   94.52290  
185   94.14844   94.51916  
186   94.14844   94.14844  
187   94.14844   94.14844  
188   94.14844   94.14844  
189   94.14844   94.14844  
190   94.14844   94.14844  
191   94.14124   94.14836  
192   94.14124   94.14124  
193   94.14124   94.14124  
194   94.14124   94.14124  
195   94.14124   94.14124  
196   94.14124   94.14124  
197   93.80269   94.13786  
198   93.80269   93.80269  
199   93.80269   93.80269  
200   93.04234   93.79509  
201   93.04234   93.04234  
202   93.04234   93.04234  
203   93.04234   93.04234  
204   93.00035   93.04192  
205   93.00035   93.00035  
206   93.00035   93.00035  
207   93.00035   93.00035  
208   93.00035   93.00035  
209   93.00035   93.00035  
210   92.99058   93.00025  
211   92.94046   92.99008  
212   92.94046   92.94046  
213   92.94046   92.94046  
214   92.94046   92.94046  
215   92.94046   92.94046  
216   92.94046   92.94046  
217   92.94046   92.94046  
218   92.94046   92.94046  
219   92.94046   92.94046  
220   92.79596   92.93902  
221   87.34832   92.74148  
222   86.97232   87.34456  
223   86.97232   86.97232  
224   86.97232   86.97232  
225   86.68909   86.96949  
226   86.48497   86.68705  
227   86.48497   86.48497  
228   86.48497   86.48497  
229   85.76355   86.47775  
230   85.59618   85.76188  
231   85.59618   85.59618  
232   85.48284   85.59505  
233   85.35302   85.48154  
234   85.35302   85.35302  
235   84.80134   85.34699  
236   84.80134   84.80134  
237   84.80134   84.80134  
238   84.10210   84.78781  
239   84.10210   84.10210  
240   84.10210   84.10210  
241   81.98173   84.08090  
242   81.98173   81.98173  
243   81.98173   81.98173  
244   81.98173   81.98173  
245   81.96692   81.98158  
246   81.96692   81.96692  
247   81.96692   81.96692  
248   81.90028   81.96625  
249   81.90028   81.90028  
250   81.75467   81.89882  
251   81.75467   81.75467  
252   81.75467   81.75467  
253   81.75467   81.75467  
254   81.75467   81.75467  
255   81.75467   81.75467  
256   80.85273   81.74565  
257   80.59707   80.85017  
258   80.47164   80.59582  
259   80.47164   80.47164  
260   80.24048   80.46742  
261   78.66567   80.22473  
262   78.66567   78.66567  
263   78.66567   78.66567  
264   78.33322   78.66234  
265   78.33322   78.33322  
266   78.33322   78.33322  
267   78.07026   78.33059  
268   78.07026   78.07026  
269   78.07026   78.07026  
270   77.87135   78.06827  
271   77.86638   77.87130  
272   77.86638   77.86638  
273   77.86638   77.86638  
274   77.86638   77.86638  
275   77.85643   77.86628  
276   77.85643   77.85643  
277   77.85643   77.85643  
278   77.85643   77.85643  
279   77.85643   77.85643  
280   77.85643   77.85643  
281   77.85643   77.85643  
282   77.85643   77.85643  
283   77.85643   77.85643  
284   77.85643   77.85643  
285   77.79990   77.85586  
286   77.79990   77.79990  
287   77.79990   77.79990  
288   77.79990   77.79990  
289   77.20162   77.79392  
290   77.20162   77.20162  
291   77.20162   77.20162  
292   77.15929   77.20120  
293   77.15929   77.15929  
294   77.15929   77.15929  
295   77.15929   77.15929  
296   76.85149   77.15621  
297   76.85149   76.85149  
298   76.85149   76.85149  
299   76.85149   76.85149  
300   76.85149   76.85149  
301   73.53388   76.81832  
302   73.53388   73.53388  
303   73.53388   73.53388  
304   73.53388   73.53388  
305   73.53388   73.53388  
306   73.43205   73.53286  
307   73.43205   73.43205  
308   73.43205   73.43205  
309   73.43205   73.43205  
310   73.43205   73.43205  
311   73.43205   73.43205  
312   73.43205   73.43205  
313   73.43205   73.43205  
314   73.43205   73.43205  
315   73.43205   73.43205  
316   73.43205   73.43205  
317   73.43205   73.43205  
318   73.43205   73.43205  
319   73.43205   73.43205  
320   73.43205   73.43205  
321   73.43205   73.43205  
322   73.43205   73.43205  
323   73.43205   73.43205  
324   73.43205   73.43205  
325   73.43205   73.43205  
326   73.43205   73.43205  
327   73.43205   73.43205  
328   73.43205   73.43205  
329   73.43205   73.43205  
330   73.43205   73.43205  
331   73.43205   73.43205  
332   73.43205   73.43205  
333   73.02729   73.42800  
334   73.02729   73.02729  
335   73.02729   73.02729  
336   72.96549   73.02667  
337   72.96549   72.96549  
338   72.96549   72.96549  
339   72.96549   72.96549  
340   72.96549   72.96549  
341   71.89353   72.95477  
342   71.73007   71.89190  
343   71.73007   71.73007  
344   71.73007   71.73007  
345   71.73007   71.73007  
346   71.73007   71.73007  
347   71.73007   71.73007  
348   71.73007   71.73007  
349   71.73007   71.73007  
350   71.73007   71.73007  
351   71.73007   71.73007  
352   71.73007   71.73007  
353   71.73007   71.73007  
354   71.73007   71.73007  
355   71.73007   71.73007  
356   71.73007   71.73007  
357   71.73007   71.73007  
358   71.73007   71.73007  
359   71.73007   71.73007  
360   71.73007   71.73007  
361   71.73007   71.73007  
362   71.73007   71.73007  
363   71.73007   71.73007  
364   71.73007   71.73007  
365   71.73007   71.73007  
366   71.73007   71.73007  
367   71.73007   71.73007  
368   71.73007   71.73007  
369   71.73007   71.73007  
370   71.73007   71.73007  
371   70.74498   71.72022  
372   70.74498   70.74498  
373   70.74498   70.74498  
374   70.74498   70.74498  
375   70.74498   70.74498  
376   70.74498   70.74498  
377   70.74498   70.74498  
378   70.74498   70.74498  
379   70.74498   70.74498  
380   70.74498   70.74498  
381   70.04815   70.73801  
382   70.04815   70.04815  
383   70.04815   70.04815  
384   70.04815   70.04815  
385   70.04815   70.04815  
386   70.04815   70.04815  
387   70.04815   70.04815  
388   70.04815   70.04815  
389   69.98635   70.04754  
390   69.98635   69.98635  
391   69.98635   69.98635  
392   69.98635   69.98635  
393   69.98635   69.98635  
394   69.98635   69.98635  
395   69.98635   69.98635  
396   69.98635   69.98635  
397   69.98635   69.98635  
398   69.66317   69.98312  
399   69.66317   69.66317  
400   69.62161   69.66275  
401   69.62161   69.62161  
402   69.61134   69.62151  
403   69.61134   69.61134  
404   69.38411   69.60906  
405   69.38411   69.38411  
406   69.38411   69.38411  
407   69.38411   69.38411  
408   69.38411   69.38411  
409   69.38411   69.38411  
410   69.38411   69.38411  
411   69.38411   69.38411  
412   69.38411   69.38411  
413   69.38411   69.38411  
414   69.38411   69.38411  
415   69.38411   69.38411  
416   69.38411   69.38411  
417   69.38411   69.38411  
418   69.38411   69.38411  
419   69.38411   69.38411  
420   69.38411   69.38411  
421   69.38411   69.38411  
422   69.38411   69.38411  
423   69.38411   69.38411  
424   69.38411   69.38411  
425   69.38411   69.38411  
426   69.38411   69.38411  
427   69.38411   69.38411  
428   69.38411   69.38411  
429   69.38411   69.38411  
430   69.38411   69.38411  
431   69.38411   69.38411  
432   69.38411   69.38411  
433   69.38411   69.38411  
434   69.38411   69.38411  
435   69.38411   69.38411  
436   69.38411   69.38411  
437   69.38411   69.38411  
438   69.38411   69.38411  
439   69.38411   69.38411  
440   69.38411   69.38411  
441   69.38411   69.38411  
442   69.38411   69.38411  
443   69.38411   69.38411  
444   69.38411   69.38411  
445   69.38411   69.38411  
446   69.38411   69.38411  
447   69.38411   69.38411  
448   69.38411   69.38411  
449   69.38411   69.38411  
450   69.38411   69.38411  
451   69.01434   69.38041  
452   69.01434   69.01434  
453   69.01434   69.01434  
454   69.01434   69.01434  
455   69.01434   69.01434  
456   69.01434   69.01434  
457   69.01434   69.01434  
458   69.01434   69.01434  
459   69.01434   69.01434  
460   69.01434   69.01434  
461   69.01434   69.01434  
462   69.01434   69.01434  
463   69.01434   69.01434  
464   69.01434   69.01434  
465   69.01434   69.01434  
466   69.01434   69.01434  
467   69.01434   69.01434  
468   69.01434   69.01434  
469   69.01434   69.01434  
470   69.01434   69.01434  
471   69.01434   69.01434  
472   69.01434   69.01434  
473   69.01434   69.01434  
474   69.01434   69.01434  
475   69.01434   69.01434  
476   69.01434   69.01434  
477   69.01434   69.01434  
478   69.01434   69.01434  
479   69.01434   69.01434  
480   69.01434   69.01434  
481   69.01434   69.01434  
482   69.01434   69.01434  
483   69.01434   69.01434  
484   69.01434   69.01434  
485   69.01434   69.01434  
486   69.01434   69.01434  
487   69.01434   69.01434  
488   69.01434   69.01434  
489   69.01434   69.01434  
490   69.01434   69.01434  
491   69.01434   69.01434  
492   69.01434   69.01434  
493   69.01434   69.01434  
494   69.01434   69.01434  
495   69.01434   69.01434  
496   69.01434   69.01434  
497   69.01434   69.01434  
498   69.01434   69.01434  
499   69.01434   69.01434  
