0     455.48389  491.63334 
1     455.48389  491.63334 
2     442.78099  455.28436 
3     438.38756  444.67652 
4     431.42491  438.08429 
5     417.52425  431.04494 
6     408.96868  418.96405 
7     403.49763  408.86983 
8     399.78038  403.60949 
9     393.41521  400.16177 
10    385.63008  394.09687 
11    382.86734  387.04893 
12    377.67607  382.66848 
13    371.57018  378.18352 
14    367.29896  372.29992 
15    361.61331  367.48915 
16    357.10747  361.63712 
17    353.30878  357.08101 
18    350.63780  353.55079 
19    347.09897  350.71771 
20    344.14081  347.57920 
21    328.52835  344.22305 
22    324.06615  331.98371 
23    322.60570  324.77984 
24    317.13426  322.55398 
25    307.76448  317.82131 
26    303.07335  310.01825 
27    300.53995  304.13710 
28    298.74428  301.00013 
29    297.29618  298.80665 
30    291.95885  297.81210 
31    287.60908  293.90467 
32    284.91149  287.82739 
33    280.27995  285.53770 
34    274.50299  281.08926 
35    270.63758  274.98161 
36    269.59814  271.47305 
37    267.70661  269.81104 
38    263.19785  267.78090 
39    261.91653  263.88040 
40    260.35899  262.00261 
41    258.48195  260.38855 
42    257.74063  258.61351 
43    254.90177  257.67567 
44    251.25799  254.94747 
45    248.41914  252.17476 
46    245.45965  248.94742 
47    245.34935  246.33058 
48    243.46860  245.33976 
49    240.90531  243.81603 
50    239.73450  241.71531 
51    239.19774  239.78758 
52    237.99373  239.21103 
53    233.65925  238.30161 
54    232.46946  234.22699 
55    231.93780  232.59161 
56    231.24108  231.92746 
57    229.97068  231.33682 
58    227.98437  230.37539 
59    227.50402  228.48305 
60    226.54539  227.58121 
61    218.37528  226.76282 
62    213.57772  220.34721 
63    212.85070  215.15563 
64    211.49660  213.05061 
65    210.42560  211.59568 
66    206.78451  210.38853 
67    206.78451  208.05619 
68    204.75835  206.74416 
69    203.85556  205.15367 
70    202.70926  204.21039 
71    195.47542  203.09462 
72    194.48661  197.63810 
73    192.57060  194.80194 
74    190.62049  193.41521 
75    188.13134  191.25182 
76    186.47823  188.80435 
77    186.03263  186.63112 
78    185.92602  186.22029 
79    184.74256  185.93457 
80    182.86180  184.70678 
81    182.53602  183.04876 
82    181.47168  182.62130 
83    179.81857  181.50874 
84    179.43111  180.12856 
85    179.38549  179.46687 
86    179.38549  179.40739 
87    179.01143  179.38175 
88    178.56152  179.11288 
89    178.26587  178.62548 
90    178.26587  178.35211 
91    170.04731  178.17044 
92    170.04731  173.35164 
93    170.04731  170.04731 
94    169.02679  170.01117 
95    168.65192  169.13686 
96    167.13242  168.66199 
97    167.03254  167.81458 
98    166.14361  167.06969 
99    165.40848  166.13623 
100   165.17857  165.68259 
101   156.71966  165.09716 
102   155.88590  159.90027 
103   154.10595  156.09589 
104   152.99589  154.66519 
105   152.25904  153.27505 
106   151.04057  152.51095 
107   150.32637  151.42291 
108   150.32637  150.63448 
109   150.21210  150.32504 
110   149.96910  150.25070 
111   149.96910  150.03175 
112   148.74451  149.94402 
113   148.31452  148.84798 
114   148.31452  148.41950 
115   147.94689  148.31085 
116   147.94689  148.05980 
117   147.84366  147.94586 
118   147.10097  147.88062 
119   146.91281  147.34212 
120   144.35654  146.96736 
121   143.80767  145.33842 
122   142.69761  143.99360 
123   140.32279  142.86057 
124   140.32279  141.09523 
125   139.59725  140.30557 
126   139.59725  139.76893 
127   138.87636  139.58929 
128   138.75134  139.17573 
129   138.75134  138.79210 
130   138.16550  138.74201 
131   138.16550  138.31464 
132   137.51681  138.15601 
133   136.18790  137.72491 
134   135.92427  136.31341 
135   135.77211  136.03725 
136   134.30316  135.81008 
137   132.93678  134.57007 
138   132.83598  132.94536 
139   131.91461  132.87142 
140   131.72811  132.02745 
141   131.35263  131.79291 
142   131.32920  131.55141 
143   130.56128  131.33006 
144   128.41991  130.72206 
145   127.72621  129.50936 
146   127.72621  127.90356 
147   127.46989  127.72365 
148   127.38838  127.55081 
149   127.09970  127.41386 
150   125.96482  127.16804 
151   124.01519  126.38971 
152   123.94132  124.84360 
153   123.63289  123.97337 
154   122.88515  123.73758 
155   122.70465  123.11356 
156   121.25565  122.69702 
157   120.42078  122.04825 
158   120.42078  120.72353 
159   119.88650  120.41177 
160   119.62689  120.04905 
161   119.50266  119.73656 
162   119.50266  119.55896 
163   119.05848  119.49790 
164   119.05848  119.20653 
165   117.96456  119.04697 
166   117.96456  118.49448 
167   117.83124  117.96322 
168   117.73057  117.89422 
169   117.50405  117.77159 
170   117.40338  117.60975 
171   112.88854  117.38072 
172   112.88854  114.35522 
173   112.87707  112.88843 
174   111.19562  112.86238 
175   111.19562  111.82016 
176   110.64542  111.18521 
177   110.24689  110.74098 
178   109.89026  110.35948 
179   108.69114  109.92259 
180   108.69114  109.05417 
181   108.36395  108.68660 
182   108.29164  108.46062 
183   108.23728  108.32074 
184   108.11306  108.26322 
185   108.11306  108.17268 
186   108.09282  108.11286 
187   105.86523  108.07904 
188   105.86523  106.84945 
189   105.49390  105.85792 
190   105.49390  105.54011 
191   104.74374  105.47943 
192   104.74374  104.90960 
193   104.40812  104.73877 
194   104.40236  104.51085 
195   104.40236  104.40495 
196   104.40236  104.40236 
197   104.04318  104.39853 
198   104.04318  104.22147 
199   103.97869  104.04254 
200   103.19888  104.00249 
201   99.20575   103.56085 
202   99.20575   100.70400 
203   99.20575   99.20575  
204   99.04939   99.20419  
205   99.04939   99.11819  
206   99.04939   99.04939  
207   99.04939   99.04939  
208   99.04939   99.04939  
209   98.73329   99.04546  
210   98.73329   98.87071  
211   96.83290   98.71428  
212   96.83290   97.59366  
213   96.83290   96.83290  
214   96.50730   96.82822  
215   96.50730   96.57313  
216   93.98337   96.47766  
217   93.58356   94.82808  
218   93.44073   93.76127  
219   93.38240   93.49285  
220   93.38240   93.38240  
221   93.38240   93.38240  
222   93.35397   93.38212  
223   93.35397   93.37046  
224   93.35397   93.35397  
225   92.91311   93.34957  
226   92.91311   93.10709  
227   92.27247   92.90155  
228   92.27247   92.34140  
229   92.22754   92.27202  
230   92.22754   92.24789  
231   92.22754   92.22754  
232   92.08471   92.22611  
233   92.08471   92.14756  
234   91.94341   92.08330  
235   91.71575   92.00472  
236   91.18176   91.80422  
237   90.74000   91.31756  
238   90.42819   90.89709  
239   90.42819   90.57370  
240   90.05923   90.42406  
241   90.05923   90.19250  
242   90.04022   90.05904  
243   90.04022   90.04649  
244   90.04022   90.04022  
245   89.73388   90.03703  
246   89.73388   89.88354  
247   89.73388   89.73388  
248   89.73388   89.73388  
249   89.73388   89.73388  
250   89.73388   89.73388  
251   86.04127   89.69695  
252   86.04127   87.60150  
253   85.49357   86.03536  
254   85.49357   85.74374  
255   84.90935   85.48773  
256   84.86545   85.16165  
257   84.86545   84.88710  
258   84.86545   84.86545  
259   84.86545   84.86545  
260   84.86545   84.86545  
261   84.86545   84.86545  
262   84.86545   84.86545  
263   84.86545   84.86545  
264   84.86545   84.86545  
265   84.86545   84.86545  
266   84.86545   84.86545  
267   84.46483   84.86145  
268   84.46483   84.60046  
269   83.82752   84.45845  
270   83.82752   84.10780  
271   83.82752   83.82752  
272   83.82752   83.82752  
273   83.82752   83.82752  
274   83.82752   83.82752  
275   83.82752   83.82752  
276   83.82752   83.82752  
277   83.82752   83.82752  
278   83.76579   83.82691  
279   83.64912   83.79655  
280   82.90040   83.69606  
281   82.90040   83.28946  
282   82.90040   82.90040  
283   82.90040   82.90040  
284   82.90040   82.90040  
285   82.90040   82.90040  
286   82.90040   82.90040  
287   82.90040   82.90040  
288   82.90040   82.90040  
289   82.73701   82.89877  
290   82.73701   82.82524  
291   82.42112   82.73385  
292   82.19534   82.55917  
293   81.81838   82.29677  
294   81.81838   81.85723  
295   81.46417   81.81484  
296   81.18069   81.62135  
297   81.18069   81.31009  
298   81.18069   81.18069  
299   81.18069   81.18069  
300   80.96527   81.17854  
301   80.96527   81.07073  
302   80.96527   80.96527  
303   80.96527   80.96527  
304   80.84860   80.96410  
305   80.84860   80.90460  
306   80.84860   80.84860  
307   80.84860   80.84860  
308   80.84860   80.84860  
309   80.84860   80.84860  
310   80.84860   80.84860  
311   80.84860   80.84860  
312   80.84860   80.84860  
313   80.84860   80.84860  
314   80.84860   80.84860  
315   79.98321   80.83995  
316   79.98321   80.31661  
317   79.98321   79.98321  
318   79.98321   79.98321  
319   79.98321   79.98321  
320   79.98321   79.98321  
321   79.98321   79.98321  
322   79.98321   79.98321  
323   79.98321   79.98321  
324   79.98321   79.98321  
325   79.98321   79.98321  
326   79.80187   79.98140  
327   79.80187   79.86497  
328   79.80187   79.80187  
329   79.37664   79.79762  
330   79.37664   79.63836  
331   79.37664   79.37664  
332   79.37664   79.37664  
333   79.37664   79.37664  
334   79.37664   79.37664  
335   79.37664   79.37664  
336   79.37664   79.37664  
337   79.37664   79.37664  
338   79.37664   79.37664  
339   79.37664   79.37664  
340   79.37664   79.37664  
341   79.37664   79.37664  
342   79.37664   79.37664  
343   79.37664   79.37664  
344   79.21483   79.37502  
345   79.21483   79.27190  
346   79.21483   79.21483  
347   79.21483   79.21483  
348   79.21483   79.21483  
349   79.21483   79.21483  
350   79.21483   79.21483  
351   79.21483   79.21483  
352   79.21483   79.21483  
353   79.21483   79.21483  
354   79.21483   79.21483  
355   79.21483   79.21483  
356   79.21483   79.21483  
357   79.21483   79.21483  
358   79.21483   79.21483  
359   79.21483   79.21483  
360   79.21483   79.21483  
361   79.21483   79.21483  
362   79.21483   79.21483  
363   79.21483   79.21483  
364   79.21483   79.21483  
365   79.21483   79.21483  
366   79.21483   79.21483  
367   79.21483   79.21483  
368   79.21483   79.21483  
369   79.21483   79.21483  
370   79.21483   79.21483  
371   77.64672   79.19915  
372   77.64672   78.09875  
373   77.64672   77.64672  
374   77.64672   77.64672  
375   77.64672   77.64672  
376   77.64672   77.64672  
377   77.64672   77.64672  
378   77.64672   77.64672  
379   77.64672   77.64672  
380   77.54515   77.64571  
381   77.54515   77.59086  
382   77.54515   77.54515  
383   77.54515   77.54515  
384   77.31816   77.54225  
385   77.31816   77.40370  
386   77.31816   77.31816  
387   77.31816   77.31816  
388   77.31816   77.31816  
389   77.31816   77.31816  
390   77.31816   77.31816  
391   77.31816   77.31816  
392   77.31816   77.31816  
393   77.31816   77.31816  
394   77.31816   77.31816  
395   77.27966   77.31778  
396   77.27966   77.29968  
397   77.27966   77.27966  
398   77.27966   77.27966  
399   77.27966   77.27966  
400   77.27966   77.27966  
401   76.56608   77.27252  
402   76.56608   76.87896  
403   76.56608   76.56608  
404   76.56608   76.56608  
405   76.56608   76.56608  
406   76.56608   76.56608  
407   76.56608   76.56608  
408   76.56608   76.56608  
409   76.56608   76.56608  
410   76.56608   76.56608  
411   76.56608   76.56608  
412   76.56608   76.56608  
413   76.56608   76.56608  
414   76.56608   76.56608  
415   76.56608   76.56608  
416   76.56608   76.56608  
417   76.56608   76.56608  
418   76.56608   76.56608  
419   76.56608   76.56608  
420   76.56608   76.56608  
421   76.38652   76.56429  
422   76.38652   76.47071  
423   76.38652   76.38652  
424   76.38652   76.38652  
425   76.38652   76.38652  
426   76.38652   76.38652  
427   76.32419   76.38589  
428   76.32419   76.35099  
429   76.32419   76.32419  
430   76.00219   76.32097  
431   76.00219   76.11809  
432   76.00219   76.00219  
433   76.00219   76.00219  
434   76.00219   76.00219  
435   76.00219   76.00219  
436   76.00219   76.00219  
437   76.00219   76.00219  
438   76.00219   76.00219  
439   76.00219   76.00219  
440   76.00219   76.00219  
441   76.00219   76.00219  
442   76.00219   76.00219  
443   76.00219   76.00219  
444   76.00219   76.00219  
445   76.00219   76.00219  
446   76.00219   76.00219  
447   76.00219   76.00219  
448   76.00219   76.00219  
449   76.00219   76.00219  
450   76.00219   76.00219  
451   76.00219   76.00219  
452   76.00219   76.00219  
453   76.00219   76.00219  
454   76.00219   76.00219  
455   76.00219   76.00219  
456   76.00219   76.00219  
457   76.00219   76.00219  
458   76.00219   76.00219  
459   76.00219   76.00219  
460   76.00219   76.00219  
461   76.00219   76.00219  
462   76.00219   76.00219  
463   76.00219   76.00219  
464   76.00219   76.00219  
465   76.00219   76.00219  
466   76.00219   76.00219  
467   76.00219   76.00219  
468   76.00219   76.00219  
469   76.00219   76.00219  
470   76.00219   76.00219  
471   76.00219   76.00219  
472   76.00219   76.00219  
473   76.00219   76.00219  
474   76.00219   76.00219  
475   76.00219   76.00219  
476   76.00219   76.00219  
477   76.00219   76.00219  
478   76.00219   76.00219  
479   76.00219   76.00219  
480   76.00219   76.00219  
481   75.45883   75.99676  
482   75.45883   75.66880  
483   75.45883   75.45883  
484   75.45883   75.45883  
485   75.45883   75.45883  
486   75.45883   75.45883  
487   75.45883   75.45883  
488   75.45883   75.45883  
489   75.45883   75.45883  
490   75.45883   75.45883  
491   75.45883   75.45883  
492   75.45883   75.45883  
493   75.45883   75.45883  
494   75.45883   75.45883  
495   75.45883   75.45883  
496   75.45883   75.45883  
497   75.45883   75.45883  
498   75.45883   75.45883  
499   75.45883   75.45883  
