0     33.53818   40.28408  
1     33.53818   40.28408  
2     30.21058   33.41152  
3     29.09041   30.17901  
4     25.44630   28.94096  
5     24.26478   25.39592  
6     22.22838   24.18797  
7     21.21734   22.18365  
8     20.36204   21.18779  
9     19.44138   20.30966  
10    19.41912   19.44105  
11    18.50963   19.40109  
12    18.00593   18.49238  
13    17.71500   17.99280  
14    17.39025   17.70343  
15    17.32850   17.38935  
16    17.16242   17.32196  
17    16.73344   17.15509  
18    16.28296   16.72880  
19    16.09479   16.28048  
20    15.12677   16.08443  
21    14.97056   15.12487  
22    12.46542   14.93763  
23    12.46542   12.46542  
24    12.40325   12.46435  
25    11.95775   12.39869  
26    10.73724   11.94497  
27    10.70329   10.73688  
28    10.06102   10.69684  
29    9.36709    10.05398  
30    9.35431    9.36673   
31    9.34422    9.35421   
32    9.34422    9.34422   
33    9.32529    9.34403   
34    9.32529    9.32529   
35    8.11296    9.31008   
36    8.11296    8.11296   
37    8.11296    8.11296   
38    8.11296    8.11296   
39    8.11296    8.11296   
40    7.80515    8.10988   
41    7.80515    7.80515   
42    7.80515    7.80515   
43    7.80515    7.80515   
44    7.80515    7.80515   
45    7.80515    7.80515   
46    7.80515    7.80515   
47    7.47505    7.80185   
48    7.47505    7.47505   
49    7.47505    7.47505   
50    7.47505    7.47505   
51    7.47505    7.47505   
52    7.47505    7.47505   
53    7.47505    7.47505   
54    7.47505    7.47505   
55    7.47505    7.47505   
56    7.47505    7.47505   
57    7.47505    7.47505   
58    7.47505    7.47505   
59    7.47505    7.47505   
60    7.47505    7.47505   
61    7.47505    7.47505   
62    7.47505    7.47505   
63    7.47505    7.47505   
64    7.47505    7.47505   
65    7.47505    7.47505   
66    7.47505    7.47505   
67    7.47505    7.47505   
68    7.47505    7.47505   
69    7.47505    7.47505   
70    7.47505    7.47505   
71    7.47505    7.47505   
72    7.47505    7.47505   
73    7.47505    7.47505   
74    7.47505    7.47505   
75    7.47505    7.47505   
76    7.47505    7.47505   
77    7.47505    7.47505   
78    7.47505    7.47505   
79    7.47505    7.47505   
80    7.47505    7.47505   
81    7.47505    7.47505   
82    7.47505    7.47505   
83    7.47505    7.47505   
84    7.47505    7.47505   
85    7.47505    7.47505   
86    7.47505    7.47505   
87    7.47505    7.47505   
88    7.47505    7.47505   
89    7.47505    7.47505   
90    7.47505    7.47505   
91    7.47505    7.47505   
92    7.47505    7.47505   
93    7.47505    7.47505   
94    7.47505    7.47505   
95    7.47505    7.47505   
96    7.47505    7.47505   
97    7.47505    7.47505   
98    7.47505    7.47505   
99    7.47505    7.47505   
100   7.47505    7.47505   
101   7.47505    7.47505   
102   7.47505    7.47505   
103   7.47505    7.47505   
104   7.47505    7.47505   
105   7.47505    7.47505   
106   7.47505    7.47505   
107   7.47505    7.47505   
108   7.47505    7.47505   
109   7.47505    7.47505   
110   7.47505    7.47505   
111   7.47505    7.47505   
112   7.47505    7.47505   
113   7.47505    7.47505   
114   7.47505    7.47505   
115   7.47505    7.47505   
116   7.47505    7.47505   
117   7.47505    7.47505   
118   7.47505    7.47505   
119   7.47505    7.47505   
120   7.47505    7.47505   
121   7.47505    7.47505   
122   7.47505    7.47505   
123   7.47505    7.47505   
124   7.47505    7.47505   
125   7.47505    7.47505   
126   7.47505    7.47505   
127   7.47505    7.47505   
128   7.47505    7.47505   
129   7.47505    7.47505   
130   7.47505    7.47505   
131   7.47505    7.47505   
132   7.47505    7.47505   
133   7.47505    7.47505   
134   7.47505    7.47505   
135   7.04464    7.47075   
136   7.04464    7.04464   
137   7.04464    7.04464   
138   7.04464    7.04464   
139   7.04464    7.04464   
140   7.04464    7.04464   
141   7.04464    7.04464   
142   7.04464    7.04464   
143   7.04464    7.04464   
144   7.04464    7.04464   
145   7.04464    7.04464   
146   7.04464    7.04464   
147   7.04464    7.04464   
148   7.04464    7.04464   
149   7.04464    7.04464   
150   7.04464    7.04464   
151   7.04464    7.04464   
152   7.04464    7.04464   
153   7.04464    7.04464   
154   7.04464    7.04464   
155   7.04464    7.04464   
156   7.04464    7.04464   
157   7.04464    7.04464   
158   7.04464    7.04464   
159   7.04464    7.04464   
160   7.04464    7.04464   
161   7.04464    7.04464   
162   7.04464    7.04464   
163   7.04464    7.04464   
164   7.04464    7.04464   
165   7.04464    7.04464   
166   7.04464    7.04464   
167   7.04464    7.04464   
168   7.04464    7.04464   
169   7.04464    7.04464   
170   7.04464    7.04464   
171   7.04464    7.04464   
172   7.04464    7.04464   
173   7.04464    7.04464   
174   7.04464    7.04464   
175   7.04464    7.04464   
176   7.04464    7.04464   
177   7.04464    7.04464   
178   7.04464    7.04464   
179   7.04464    7.04464   
180   7.04464    7.04464   
181   7.04464    7.04464   
182   7.04464    7.04464   
183   7.04464    7.04464   
184   7.04464    7.04464   
185   7.04464    7.04464   
186   7.04464    7.04464   
187   7.04464    7.04464   
188   7.04464    7.04464   
189   7.04464    7.04464   
190   7.04464    7.04464   
191   7.04464    7.04464   
192   7.04464    7.04464   
193   7.04464    7.04464   
194   7.04464    7.04464   
195   7.04464    7.04464   
196   7.04464    7.04464   
197   7.04464    7.04464   
198   7.04464    7.04464   
199   7.04464    7.04464   
200   7.04464    7.04464   
201   7.04464    7.04464   
202   7.04464    7.04464   
203   7.04464    7.04464   
204   7.04464    7.04464   
205   7.04464    7.04464   
206   7.04464    7.04464   
207   7.04464    7.04464   
208   7.04464    7.04464   
209   7.04464    7.04464   
210   7.04464    7.04464   
211   7.04464    7.04464   
212   7.04464    7.04464   
213   7.04464    7.04464   
214   7.04464    7.04464   
215   7.04464    7.04464   
216   7.04464    7.04464   
217   7.04464    7.04464   
218   7.04464    7.04464   
219   7.04464    7.04464   
220   7.04464    7.04464   
221   7.04464    7.04464   
222   7.04464    7.04464   
223   7.04464    7.04464   
224   7.04464    7.04464   
225   7.04464    7.04464   
226   7.04464    7.04464   
227   7.04464    7.04464   
228   7.04464    7.04464   
229   7.04464    7.04464   
230   7.04464    7.04464   
231   7.04464    7.04464   
232   7.04464    7.04464   
233   7.04464    7.04464   
234   7.04464    7.04464   
235   7.04464    7.04464   
236   7.04464    7.04464   
237   7.04464    7.04464   
238   7.04464    7.04464   
239   7.04464    7.04464   
240   7.04464    7.04464   
241   7.04464    7.04464   
242   7.04464    7.04464   
243   6.24306    7.03662   
244   6.24306    6.24306   
245   6.24306    6.24306   
246   6.24306    6.24306   
247   6.24306    6.24306   
248   6.24306    6.24306   
249   6.24306    6.24306   
250   6.24306    6.24306   
251   6.24306    6.24306   
252   6.24306    6.24306   
253   6.24306    6.24306   
254   6.24306    6.24306   
255   6.24306    6.24306   
256   6.24306    6.24306   
257   6.24306    6.24306   
258   6.24306    6.24306   
259   6.24306    6.24306   
260   6.24306    6.24306   
261   6.24306    6.24306   
262   6.24306    6.24306   
263   6.24306    6.24306   
264   6.24306    6.24306   
265   6.24306    6.24306   
266   6.24306    6.24306   
267   6.24306    6.24306   
268   6.24306    6.24306   
269   6.24306    6.24306   
270   6.24306    6.24306   
271   6.24306    6.24306   
272   6.24306    6.24306   
273   6.24306    6.24306   
274   6.24306    6.24306   
275   6.24306    6.24306   
276   6.24306    6.24306   
277   6.24306    6.24306   
278   6.24306    6.24306   
279   6.24306    6.24306   
280   6.24306    6.24306   
281   6.24306    6.24306   
282   6.24306    6.24306   
283   6.24306    6.24306   
284   6.24306    6.24306   
285   6.24306    6.24306   
286   6.24306    6.24306   
287   6.24306    6.24306   
288   6.24306    6.24306   
289   6.24306    6.24306   
290   6.24306    6.24306   
291   6.24306    6.24306   
292   6.24306    6.24306   
293   6.24306    6.24306   
294   6.24306    6.24306   
295   6.24306    6.24306   
296   6.24306    6.24306   
297   6.24306    6.24306   
298   6.24306    6.24306   
299   6.24306    6.24306   
300   6.24306    6.24306   
301   6.24306    6.24306   
302   6.24306    6.24306   
303   6.24306    6.24306   
304   6.24306    6.24306   
305   6.24306    6.24306   
306   6.24306    6.24306   
307   6.24306    6.24306   
308   6.24306    6.24306   
309   6.24306    6.24306   
310   6.24306    6.24306   
311   6.24306    6.24306   
312   6.24306    6.24306   
313   6.24306    6.24306   
314   6.24306    6.24306   
315   6.24306    6.24306   
316   6.24306    6.24306   
317   6.24306    6.24306   
318   6.24306    6.24306   
319   6.24306    6.24306   
320   6.24306    6.24306   
321   6.24306    6.24306   
322   6.24306    6.24306   
323   6.24306    6.24306   
324   6.24306    6.24306   
325   6.24306    6.24306   
326   6.24306    6.24306   
327   6.24306    6.24306   
328   6.24306    6.24306   
329   6.24306    6.24306   
330   6.24306    6.24306   
331   6.24306    6.24306   
332   6.24306    6.24306   
333   6.24306    6.24306   
334   6.24306    6.24306   
335   6.24306    6.24306   
336   6.24306    6.24306   
337   6.24306    6.24306   
338   6.24306    6.24306   
339   6.24306    6.24306   
340   6.24306    6.24306   
341   6.24306    6.24306   
342   6.24306    6.24306   
343   6.24306    6.24306   
344   6.24306    6.24306   
345   6.24306    6.24306   
346   6.24306    6.24306   
347   6.24306    6.24306   
348   6.24306    6.24306   
349   6.24306    6.24306   
350   6.24306    6.24306   
351   6.24306    6.24306   
352   6.24306    6.24306   
353   6.24306    6.24306   
354   6.24306    6.24306   
355   6.24306    6.24306   
356   6.24306    6.24306   
357   6.24306    6.24306   
358   6.24306    6.24306   
359   6.24306    6.24306   
360   6.24306    6.24306   
361   6.24306    6.24306   
362   6.24306    6.24306   
363   6.24306    6.24306   
364   6.24306    6.24306   
365   6.24306    6.24306   
366   6.24306    6.24306   
367   6.24306    6.24306   
368   6.24306    6.24306   
369   6.24306    6.24306   
370   6.24306    6.24306   
371   6.24306    6.24306   
372   6.24306    6.24306   
373   6.24306    6.24306   
374   6.24306    6.24306   
375   6.24306    6.24306   
376   6.24306    6.24306   
377   6.24306    6.24306   
378   6.24306    6.24306   
379   6.24306    6.24306   
380   6.24306    6.24306   
381   6.24306    6.24306   
382   6.24306    6.24306   
383   6.24306    6.24306   
384   6.24306    6.24306   
385   6.24306    6.24306   
386   6.24306    6.24306   
387   6.24306    6.24306   
388   6.24306    6.24306   
389   6.24306    6.24306   
390   6.24306    6.24306   
391   6.24306    6.24306   
392   6.24306    6.24306   
393   6.24306    6.24306   
394   6.24306    6.24306   
395   6.24306    6.24306   
396   6.24306    6.24306   
397   6.24306    6.24306   
398   6.24306    6.24306   
399   6.24306    6.24306   
400   6.24306    6.24306   
401   6.24306    6.24306   
402   6.24306    6.24306   
403   6.24306    6.24306   
404   6.24306    6.24306   
405   6.24306    6.24306   
406   6.24306    6.24306   
407   6.24306    6.24306   
408   6.24306    6.24306   
409   6.24306    6.24306   
410   6.24306    6.24306   
411   6.24306    6.24306   
412   6.24306    6.24306   
413   6.24306    6.24306   
414   6.24306    6.24306   
415   6.24306    6.24306   
416   6.24306    6.24306   
417   6.24306    6.24306   
418   6.24306    6.24306   
419   6.24306    6.24306   
420   6.24306    6.24306   
421   6.24306    6.24306   
422   6.24306    6.24306   
423   6.24306    6.24306   
424   6.24306    6.24306   
425   6.24306    6.24306   
426   6.24306    6.24306   
427   6.24306    6.24306   
428   6.24306    6.24306   
429   6.24306    6.24306   
430   6.24306    6.24306   
431   6.24306    6.24306   
432   6.24306    6.24306   
433   6.24306    6.24306   
434   6.24306    6.24306   
435   6.24306    6.24306   
436   6.24306    6.24306   
437   6.24306    6.24306   
438   6.24306    6.24306   
439   6.24306    6.24306   
440   6.24306    6.24306   
441   6.24306    6.24306   
442   6.24306    6.24306   
443   6.24306    6.24306   
444   6.24306    6.24306   
445   6.24306    6.24306   
446   6.24306    6.24306   
447   6.24306    6.24306   
448   6.24306    6.24306   
449   6.24306    6.24306   
450   6.24306    6.24306   
451   6.24306    6.24306   
452   6.24306    6.24306   
453   6.24306    6.24306   
454   6.24306    6.24306   
455   6.24306    6.24306   
456   6.24306    6.24306   
457   6.24306    6.24306   
458   6.24306    6.24306   
459   6.24306    6.24306   
460   6.24306    6.24306   
461   6.24306    6.24306   
462   6.24306    6.24306   
463   6.24306    6.24306   
464   6.24306    6.24306   
465   6.24306    6.24306   
466   6.24306    6.24306   
467   6.24306    6.24306   
468   6.24306    6.24306   
469   6.24306    6.24306   
470   6.24306    6.24306   
471   6.24306    6.24306   
472   6.24306    6.24306   
473   6.24306    6.24306   
474   6.24306    6.24306   
475   6.24306    6.24306   
476   6.24306    6.24306   
477   6.24306    6.24306   
478   6.24306    6.24306   
479   6.24306    6.24306   
480   6.24306    6.24306   
481   6.24306    6.24306   
482   6.24306    6.24306   
483   6.24306    6.24306   
484   6.24306    6.24306   
485   6.24306    6.24306   
486   6.24306    6.24306   
487   6.24306    6.24306   
488   6.24306    6.24306   
489   6.24306    6.24306   
490   6.24306    6.24306   
491   6.24306    6.24306   
492   6.24306    6.24306   
493   6.24306    6.24306   
494   6.24306    6.24306   
495   6.24306    6.24306   
496   6.24306    6.24306   
497   6.24306    6.24306   
498   6.24306    6.24306   
499   6.24306    6.24306   
