0     455.48389  491.63334 
1     455.48389  491.63334 
2     448.89428  456.91002 
3     444.98371  449.13238 
4     435.28707  444.91207 
5     426.24265  435.60107 
6     416.09133  427.16999 
7     414.03538  417.63515 
8     407.60793  414.38663 
9     399.00827  408.59225 
10    393.86131  399.21879 
11    390.15845  394.47969 
12    386.40256  390.63117 
13    370.88581  386.91688 
14    361.43877  373.19395 
15    356.53726  363.18926 
16    355.49651  357.28142 
17    349.68567  355.66749 
18    345.72770  350.63693 
19    340.48711  346.43057 
20    337.81891  341.18853 
21    335.62147  338.13063 
22    332.70382  335.94096 
23    327.48665  333.04821 
24    326.42675  328.32493 
25    324.29547  326.49694 
26    318.70323  324.71654 
27    316.93846  319.90751 
28    314.96926  317.17726 
29    310.76726  315.32616 
30    305.91928  311.68354 
31    303.63051  307.01088 
32    301.62094  304.25249 
33    296.06063  301.92735 
34    293.99000  296.69850 
35    292.34785  294.38531 
36    289.44511  292.62860 
37    283.47137  290.43124 
38    280.35657  284.80626 
39    277.00505  281.15435 
40    274.89930  278.05225 
41    254.62213  275.30714 
42    253.09113  259.79915 
43    252.25810  253.58179 
44    250.29630  252.34196 
45    247.36486  250.55252 
46    240.95606  248.16003 
47    240.34440  242.60653 
48    238.45116  240.49135 
49    236.41642  238.85353 
50    235.70921  236.95876 
51    232.74297  235.88254 
52    232.30886  233.46823 
53    231.86985  232.43975 
54    228.27388  231.95460 
55    225.98781  228.94855 
56    223.29533  226.56856 
57    221.36752  224.18042 
58    221.36752  221.75325 
59    218.07078  221.33328 
60    217.16974  219.17263 
61    214.62310  217.44388 
62    212.82015  215.56468 
63    212.32126  213.38290 
64    211.17136  212.38963 
65    210.44568  211.39099 
66    207.45073  210.52883 
67    206.17591  208.02875 
68    204.97401  206.63704 
69    204.70344  205.27705 
70    199.17029  204.72088 
71    198.99175  200.84740 
72    198.20929  199.06072 
73    197.66835  198.37868 
74    196.58649  197.70818 
75    194.79753  196.86516 
76    193.99567  195.29713 
77    193.73077  194.12320 
78    190.24082  193.75145 
79    189.46120  191.00134 
80    188.18526  189.76820 
81    184.06284  188.59839 
82    182.60138  185.56016 
83    182.04499  183.04419 
84    179.89108  182.20573 
85    175.37192  180.58400 
86    175.37192  176.62691 
87    175.10183  175.36751 
88    173.60763  175.16233 
89    168.57057  173.78055 
90    168.24651  169.67136 
91    167.54826  168.37479 
92    167.53592  167.71434 
93    165.69594  167.48595 
94    165.53431  165.99996 
95    165.53431  165.59725 
96    161.53655  165.48515 
97    160.24286  163.04298 
98    160.11466  160.78241 
99    159.81315  160.15362 
100   159.17878  159.90920 
101   159.14319  159.35403 
102   159.14319  159.15365 
103   157.71207  159.10500 
104   155.50365  158.07403 
105   154.36176  156.12895 
106   153.82607  154.78372 
107   153.75445  154.02444 
108   153.29617  153.76534 
109   152.76233  153.39340 
110   152.16204  152.92266 
111   152.15254  152.28326 
112   151.46350  152.14563 
113   151.35234  151.69438 
114   151.34285  151.40783 
115   150.95310  151.33498 
116   150.19475  151.02881 
117   149.42169  150.36590 
118   148.27979  149.70075 
119   147.59011  148.60967 
120   147.59011  147.85069 
121   138.07690  147.49296 
122   138.07690  140.96313 
123   137.25793  138.06671 
124   136.41887  137.56045 
125   135.54939  136.61081 
126   135.50306  135.82297 
127   132.26792  135.48432 
128   131.92737  133.41039 
129   131.66593  132.07798 
130   131.65564  131.73380 
131   131.65564  131.65955 
132   131.59240  131.65501 
133   131.56136  131.62024 
134   129.41974  131.53406 
135   128.95803  129.87816 
136   128.02071  129.07852 
137   127.58278  128.45750 
138   127.57852  127.66812 
139   125.81262  127.56227 
140   125.60880  126.46337 
141   125.60880  125.67963 
142   124.76975  125.59145 
143   124.76975  125.11927 
144   124.24219  124.76447 
145   124.24219  124.40316 
146   123.20651  124.22078 
147   123.20651  123.49542 
148   121.92200  123.18594 
149   121.92200  122.27559 
150   121.92015  121.92198 
151   121.09531  121.91122 
152   120.79272  121.43536 
153   120.46854  120.88789 
154   120.45965  120.57546 
155   120.17069  120.45946 
156   119.39258  120.28297 
157   119.39258  119.66123 
158   119.30229  119.39159 
159   119.22877  119.32810 
160   118.63007  119.23449 
161   116.21701  118.76886 
162   115.26727  116.98942 
163   115.26727  115.59341 
164   114.98082  115.26441 
165   114.50564  115.10194 
166   113.82428  114.67996 
167   113.82428  114.09759 
168   113.63803  113.82242 
169   113.35760  113.70630 
170   112.78479  113.45921 
171   111.88092  113.00955 
172   111.74730  112.26496 
173   111.74730  111.79863 
174   111.40105  111.74264 
175   111.25260  111.53561 
176   111.05260  111.32131 
177   111.05260  111.10860 
178   110.93867  111.05146 
179   110.76768  110.98413 
180   110.45548  110.80901 
181   109.12905  110.54384 
182   109.12905  109.61966 
183   109.12905  109.12905 
184   108.72178  109.12403 
185   108.72178  108.90440 
186   108.35501  108.71768 
187   108.06220  108.48115 
188   108.06220  108.14524 
189   107.92301  108.06061 
190   107.92301  107.97747 
191   107.78136  107.92113 
192   107.69124  107.82300 
193   105.98240  107.70404 
194   105.56679  106.49708 
195   105.56679  105.72583 
196   105.32891  105.56441 
197   105.32891  105.42842 
198   104.58506  105.32147 
199   102.82168  104.83690 
200   102.82168  103.50961 
201   102.82168  102.82168 
202   102.67503  102.82021 
203   102.67503  102.74339 
204   101.21964  102.65911 
205   100.93005  101.59387 
206   100.76991  101.05063 
207   100.76991  100.84266 
208   100.48146  100.76702 
209   100.42412  100.59448 
210   99.86272   100.43913 
211   99.86272   100.05379 
212   99.86272   99.86272  
213   99.64778   99.86057  
214   99.64778   99.74393  
215   99.48936   99.64522  
216   99.48936   99.55797  
217   99.43202   99.48878  
218   99.43202   99.45438  
219   99.43202   99.43202  
220   99.21675   99.42986  
221   99.21675   99.30932  
222   98.99548   99.21454  
223   98.99548   99.08700  
224   98.40689   98.98959  
225   98.40689   98.56290  
226   98.18086   98.40423  
227   98.18086   98.27852  
228   97.89828   98.17803  
229   97.79361   98.00520  
230   95.15061   97.80910  
231   95.15061   96.21133  
232   95.15061   95.15061  
233   95.15061   95.15061  
234   95.15061   95.15061  
235   95.15061   95.15061  
236   95.00872   95.14919  
237   95.00872   95.05804  
238   95.00872   95.00872  
239   95.00872   95.00872  
240   93.83969   94.99703  
241   93.83969   94.30464  
242   93.83969   93.83969  
243   93.83969   93.83969  
244   93.71252   93.83842  
245   93.71252   93.74985  
246   93.16871   93.70708  
247   93.16871   93.39915  
248   92.83837   93.16129  
249   92.83837   92.91010  
250   92.72797   92.83727  
251   92.72797   92.77103  
252   92.72797   92.72797  
253   92.72797   92.72797  
254   92.03452   92.71889  
255   92.03452   92.26554  
256   91.99395   92.03412  
257   91.18915   91.98831  
258   91.18915   91.27639  
259   91.18915   91.18915  
260   91.18915   91.18915  
261   89.39898   91.17125  
262   89.35493   90.13403  
263   89.35493   89.37607  
264   89.35493   89.35493  
265   89.35493   89.35493  
266   89.35493   89.35493  
267   89.11544   89.35253  
268   89.11544   89.21409  
269   89.11544   89.11544  
270   89.05727   89.11486  
271   85.81472   89.04927  
272   85.81472   86.89255  
273   85.81472   85.81472  
274   85.43009   85.81087  
275   85.43009   85.56248  
276   85.37323   85.42953  
277   85.37323   85.39768  
278   85.37323   85.37323  
279   85.37323   85.37323  
280   85.37323   85.37323  
281   84.85066   85.36800  
282   84.85066   85.00032  
283   84.85066   84.85066  
284   84.85066   84.85066  
285   84.52032   84.84405  
286   84.52032   84.63943  
287   84.52032   84.52032  
288   84.52032   84.52032  
289   84.52032   84.52032  
290   84.52032   84.52032  
291   83.91400   84.51426  
292   83.91400   84.14578  
293   83.91400   83.91400  
294   83.91400   83.91400  
295   83.91400   83.91400  
296   83.91400   83.91400  
297   83.91400   83.91400  
298   83.91400   83.91400  
299   83.91400   83.91400  
300   83.91400   83.91400  
301   83.91400   83.91400  
302   83.91400   83.91400  
303   83.91400   83.91400  
304   83.91400   83.91400  
305   83.91400   83.91400  
306   83.91400   83.91400  
307   83.91400   83.91400  
308   83.91400   83.91400  
309   83.91400   83.91400  
310   83.91400   83.91400  
311   83.91400   83.91400  
312   83.91400   83.91400  
313   83.91400   83.91400  
314   83.91400   83.91400  
315   83.91400   83.91400  
316   83.91400   83.91400  
317   83.91400   83.91400  
318   83.91400   83.91400  
319   83.91400   83.91400  
320   83.80944   83.91296  
321   79.88511   83.80261  
322   79.88511   81.23655  
323   79.88511   79.88511  
324   79.87277   79.88499  
325   79.82825   79.87591  
326   79.82825   79.84606  
327   79.81591   79.82813  
328   79.81591   79.82035  
329   79.81591   79.81591  
330   79.81591   79.81591  
331   79.81591   79.81591  
332   79.81591   79.81591  
333   79.81591   79.81591  
334   79.81591   79.81591  
335   79.81591   79.81591  
336   79.81591   79.81591  
337   79.81591   79.81591  
338   79.28926   79.81064  
339   79.28926   79.45229  
340   79.28926   79.28926  
341   79.28926   79.28926  
342   79.28926   79.28926  
343   79.28926   79.28926  
344   79.28926   79.28926  
345   79.28926   79.28926  
346   79.28926   79.28926  
347   79.28926   79.28926  
348   79.28926   79.28926  
349   79.28926   79.28926  
350   79.28926   79.28926  
351   77.88690   79.27524  
352   77.88690   78.44734  
353   77.88690   77.88690  
354   77.88690   77.88690  
355   77.88690   77.88690  
356   77.88690   77.88690  
357   77.88690   77.88690  
358   77.88690   77.88690  
359   77.88690   77.88690  
360   77.88690   77.88690  
361   77.88690   77.88690  
362   77.88690   77.88690  
363   77.88690   77.88690  
364   77.88690   77.88690  
365   77.88690   77.88690  
366   77.88690   77.88690  
367   77.88690   77.88690  
368   77.88690   77.88690  
369   77.88690   77.88690  
370   77.88690   77.88690  
371   75.10086   77.85904  
372   75.10086   76.47149  
373   75.10086   75.10086  
374   75.10086   75.10086  
375   75.00694   75.09992  
376   75.00694   75.03511  
377   75.00694   75.00694  
378   75.00694   75.00694  
379   75.00694   75.00694  
380   75.00694   75.00694  
381   75.00694   75.00694  
382   75.00694   75.00694  
383   75.00694   75.00694  
384   75.00694   75.00694  
385   75.00694   75.00694  
386   74.86276   75.00549  
387   74.86276   74.91669  
388   74.86276   74.86276  
389   74.86276   74.86276  
390   74.86276   74.86276  
391   74.55729   74.85971  
392   74.55729   74.68910  
393   74.22388   74.55396  
394   74.22388   74.36725  
395   74.22388   74.22388  
396   74.22388   74.22388  
397   74.22388   74.22388  
398   74.22388   74.22388  
399   74.22388   74.22388  
400   74.22388   74.22388  
401   74.22388   74.22388  
402   74.22388   74.22388  
403   74.22388   74.22388  
404   74.22388   74.22388  
405   74.22388   74.22388  
406   74.22388   74.22388  
407   74.22388   74.22388  
408   74.22388   74.22388  
409   74.22388   74.22388  
410   74.22388   74.22388  
411   74.22388   74.22388  
412   74.22388   74.22388  
413   74.22388   74.22388  
414   74.22388   74.22388  
415   74.22388   74.22388  
416   74.22388   74.22388  
417   74.22388   74.22388  
418   74.22388   74.22388  
419   74.22388   74.22388  
420   74.22388   74.22388  
421   74.17199   74.22336  
422   74.17199   74.18912  
423   74.17199   74.17199  
424   74.17199   74.17199  
425   74.17199   74.17199  
426   74.17199   74.17199  
427   74.17199   74.17199  
428   74.17199   74.17199  
429   74.17199   74.17199  
430   74.17199   74.17199  
431   74.17199   74.17199  
432   74.17199   74.17199  
433   74.17199   74.17199  
434   74.17199   74.17199  
435   74.17199   74.17199  
436   74.17199   74.17199  
437   74.17199   74.17199  
438   74.17199   74.17199  
439   74.17199   74.17199  
440   74.17199   74.17199  
441   74.17199   74.17199  
442   74.17199   74.17199  
443   74.17199   74.17199  
444   74.17199   74.17199  
445   74.17199   74.17199  
446   74.17199   74.17199  
447   74.17199   74.17199  
448   74.17199   74.17199  
449   74.17199   74.17199  
450   74.17199   74.17199  
451   74.17199   74.17199  
452   74.17199   74.17199  
453   74.17199   74.17199  
454   74.17199   74.17199  
455   74.17199   74.17199  
456   74.17199   74.17199  
457   74.17199   74.17199  
458   74.17199   74.17199  
459   74.17199   74.17199  
460   74.17199   74.17199  
461   73.97664   74.17004  
462   73.97664   74.05185  
463   73.97664   73.97664  
464   73.97664   73.97664  
465   73.97664   73.97664  
466   73.97664   73.97664  
467   73.97664   73.97664  
468   73.97664   73.97664  
469   73.97664   73.97664  
470   73.97664   73.97664  
471   73.97664   73.97664  
472   73.97664   73.97664  
473   73.97664   73.97664  
474   73.97664   73.97664  
475   73.97664   73.97664  
476   73.97664   73.97664  
477   73.97664   73.97664  
478   73.97664   73.97664  
479   73.97664   73.97664  
480   73.97664   73.97664  
481   73.12528   73.96813  
482   73.12528   73.36495  
483   73.12528   73.12528  
484   73.12528   73.12528  
485   73.12528   73.12528  
486   73.12528   73.12528  
487   73.12528   73.12528  
488   73.12528   73.12528  
489   73.12528   73.12528  
490   73.12528   73.12528  
491   73.12528   73.12528  
492   73.12528   73.12528  
493   73.12528   73.12528  
494   73.12528   73.12528  
495   73.12528   73.12528  
496   73.12528   73.12528  
497   73.12528   73.12528  
498   73.12528   73.12528  
499   73.12528   73.12528  
