0     455.48389  491.63334 
1     455.48389  491.63334 
2     446.61947  456.93419 
3     440.02457  446.86535 
4     433.03662  440.68612 
5     427.01619  433.93371 
6     422.58560  427.73703 
7     411.36000  422.99106 
8     406.12937  413.08284 
9     402.50405  407.19170 
10    397.37367  403.08698 
11    395.15980  397.93693 
12    388.01601  395.32873 
13    381.97814  388.69104 
14    369.70936  382.57065 
15    367.45321  371.80057 
16    366.01856  367.90216 
17    362.20992  366.06296 
18    360.11244  362.30629 
19    353.88190  360.21173 
20    344.96804  354.34499 
21    342.93314  346.20966 
22    338.24525  343.30620 
23    335.60204  338.40061 
24    330.12473  335.57823 
25    319.11228  330.75679 
26    315.61870  322.62889 
27    311.42421  316.61218 
28    305.07305  312.30035 
29    299.91827  305.92178 
30    297.99774  301.20092 
31    292.78300  298.35201 
32    291.61509  294.15074 
33    286.64673  291.81731 
34    283.98417  287.85640 
35    281.88367  284.89496 
36    278.51089  282.36359 
37    276.76648  278.90456 
38    275.05103  277.30888 
39    269.41286  275.28223 
40    267.09961  270.14045 
41    264.96787  267.69493 
42    262.04989  265.40936 
43    260.64412  262.81717 
44    259.27439  261.04756 
45    258.38484  259.57757 
46    256.93267  258.60289 
47    255.08654  257.26528 
48    252.91274  255.63857 
49    251.95418  253.50108 
50    250.22895  252.11844 
51    249.02586  250.54016 
52    244.29463  249.23460 
53    242.20944  244.75615 
54    240.42921  242.88791 
55    236.59464  240.88478 
56    235.97363  237.63463 
57    234.57140  236.14155 
58    233.67731  234.91525 
59    231.14015  233.80930 
60    230.51887  231.63486 
61    228.43402  230.67276 
62    227.75030  228.89045 
63    226.84049  227.93536 
64    226.09364  226.98370 
65    226.09364  226.34167 
66    225.81664  226.08556 
67    224.78744  225.81814 
68    221.95123  225.01018 
69    220.53348  222.78581 
70    220.02309  221.16631 
71    218.90147  220.15048 
72    218.06874  219.23751 
73    216.74745  218.34858 
74    216.24120  217.02276 
75    215.54697  216.38571 
76    214.32307  215.70314 
77    211.64309  214.72115 
78    209.48907  212.23437 
79    206.77355  209.93655 
80    206.51626  207.16795 
81    205.29236  206.57432 
82    204.59198  205.73359 
83    202.87219  204.81085 
84    200.58215  203.41797 
85    199.12088  201.11510 
86    197.88221  199.61066 
87    197.67706  198.21339 
88    196.81632  197.71851 
89    195.96281  197.10516 
90    195.19633  196.24990 
91    192.72774  195.42054 
92    190.81889  193.39590 
93    189.46708  191.24192 
94    188.42596  189.83053 
95    188.32733  188.70127 
96    187.19621  188.35177 
97    185.98539  187.59454 
98    185.89056  186.23580 
99    184.69042  185.90258 
100   183.03620  185.00978 
101   181.55237  183.34226 
102   181.01441  182.05043 
103   178.06351  181.23836 
104   177.98297  179.12271 
105   177.98297  178.00169 
106   177.33606  177.97440 
107   175.71829  177.45564 
108   174.71552  176.11276 
109   174.20469  174.95144 
110   173.73513  174.39795 
111   173.33407  173.87484 
112   172.36251  173.45807 
113   171.79323  172.73362 
114   170.11149  171.93780 
115   170.11049  170.60710 
116   169.07599  170.09160 
117   168.82027  169.35235 
118   168.71967  168.87341 
119   168.62069  168.75090 
120   167.58619  168.61620 
121   167.06726  167.78312 
122   166.81490  167.19894 
123   166.81490  166.90575 
124   166.81490  166.81490 
125   164.84594  166.78228 
126   164.84594  165.49271 
127   164.30248  164.84050 
128   162.19078  164.48235 
129   161.05929  162.66028 
130   160.66990  161.44146 
131   159.67386  160.78741 
132   157.39867  159.92016 
133   156.93704  158.08738 
134   155.58170  157.05237 
135   155.45625  156.04839 
136   152.79925  155.47168 
137   151.44391  153.58680 
138   150.67986  151.94023 
139   150.43345  150.94837 
140   149.66940  150.49747 
141   149.35130  149.95118 
142   148.45568  149.41160 
143   146.96337  148.73240 
144   146.70928  147.53748 
145   146.08278  146.80784 
146   145.88320  146.24839 
147   144.69260  145.91586 
148   143.79696  145.06008 
149   143.26514  144.10268 
150   143.26514  143.38194 
151   141.54498  143.24262 
152   141.26654  142.09982 
153   140.03137  141.35565 
154   139.06264  140.37528 
155   138.66299  139.26417 
156   138.53755  138.79261 
157   137.02394  138.55236 
158   136.22335  137.47895 
159   135.37761  136.48127 
160   135.37761  135.69280 
161   134.39707  135.35556 
162   133.99054  134.60547 
163   133.71677  134.11795 
164   133.22366  133.77261 
165   132.76376  133.32856 
166   129.61124  132.82483 
167   129.05056  130.89709 
168   129.05056  129.24857 
169   129.01344  129.05019 
170   128.92461  129.02666 
171   128.12401  128.95396 
172   127.87290  128.31106 
173   127.60042  127.94556 
174   125.85182  127.70321 
175   125.75294  126.48661 
176   124.91811  125.79052 
177   123.57941  125.25581 
178   123.57941  124.16872 
179   122.68804  123.56403 
180   121.72510  122.88294 
181   120.35356  122.01628 
182   119.50096  120.83898 
183   119.50096  119.83066 
184   119.35012  119.49945 
185   119.01239  119.38274 
186   118.62311  119.12066 
187   118.37684  118.80245 
188   117.99964  118.46612 
189   117.76036  118.15498 
190   117.76036  117.87296 
191   117.76036  117.76036 
192   113.96954  117.72096 
193   113.96954  115.53548 
194   113.65057  113.96635 
195   113.27005  113.76159 
196   112.74011  113.44178 
197   112.74011  112.83564 
198   112.74011  112.74011 
199   112.42800  112.73660 
200   112.38884  112.56098 
201   112.01120  112.40248 
202   111.19785  112.17390 
203   111.19785  111.52733 
204   111.14051  111.19728 
205   111.14051  111.16058 
206   110.52177  111.12994 
207   110.52177  110.64047 
208   110.52177  110.52177 
209   110.11898  110.51774 
210   110.11898  110.24434 
211   110.05833  110.11837 
212   110.05833  110.07531 
213   110.05833  110.05833 
214   107.53117  110.03306 
215   107.53117  108.60741 
216   107.18574  107.52772 
217   107.18574  107.30866 
218   106.10197  107.16968 
219   106.04433  106.54889 
220   106.04433  106.06752 
221   106.04433  106.04433 
222   105.81048  106.04100 
223   104.53600  105.85637 
224   104.53600  104.98634 
225   104.53600  104.53600 
226   104.21784  104.53123 
227   104.18462  104.31252 
228   103.24786  104.19001 
229   103.24786  103.73655 
230   102.66407  103.24202 
231   102.42834  102.90826 
232   102.34124  102.55206 
233   102.19187  102.37991 
234   102.06086  102.25064 
235   101.80138  102.10487 
236   101.80138  101.88701 
237   101.42262  101.79542 
238   101.42262  101.49076 
239   101.42262  101.42262 
240   98.53217   101.39372 
241   98.53217   99.62055  
242   98.02075   98.52706  
243   98.02075   98.20631  
244   97.49472   98.01116  
245   97.49472   97.66944  
246   97.17576   97.49153  
247   96.68154   97.27336  
248   96.13107   96.86912  
249   96.13107   96.30788  
250   95.92626   96.12903  
251   95.57779   96.02313  
252   95.54649   95.73080  
253   95.54649   95.55964  
254   95.54649   95.54649  
255   95.54649   95.54649  
256   95.26931   95.54044  
257   95.26931   95.36154  
258   95.26931   95.26931  
259   95.26931   95.26931  
260   95.26931   95.26931  
261   95.26931   95.26931  
262   94.08472   95.25622  
263   94.08472   94.51812  
264   93.15843   94.07227  
265   93.15843   93.48946  
266   93.15843   93.15843  
267   93.15843   93.15843  
268   93.15843   93.15843  
269   93.15843   93.15843  
270   92.95796   93.15642  
271   92.95796   93.06220  
272   92.91599   92.95754  
273   92.91599   92.93362  
274   92.36910   92.90434  
275   92.36910   92.54332  
276   92.36910   92.36910  
277   92.36910   92.36910  
278   92.08926   92.36630  
279   92.08926   92.22136  
280   92.08926   92.08926  
281   91.48534   92.07718  
282   91.48534   91.68497  
283   91.48534   91.48534  
284   91.31097   91.48359  
285   90.90317   91.37489  
286   90.90317   91.04419  
287   90.90317   90.90317  
288   90.90317   90.90317  
289   90.90317   90.90317  
290   90.58420   90.89679  
291   90.58420   90.70455  
292   90.58420   90.58420  
293   90.58420   90.58420  
294   90.58420   90.58420  
295   90.40531   90.58242  
296   90.40531   90.45361  
297   90.40531   90.40531  
298   90.40531   90.40531  
299   89.69098   90.39817  
300   89.69098   90.00784  
301   89.69098   89.69098  
302   89.21839   89.68626  
303   89.21839   89.39945  
304   89.21839   89.21839  
305   89.10831   89.21729  
306   88.82147   89.15168  
307   88.82147   88.94191  
308   85.43159   88.78757  
309   85.43159   86.56189  
310   85.03661   85.42764  
311   85.03661   85.20302  
312   85.03661   85.03661  
313   84.79770   85.03422  
314   84.79770   84.91238  
315   83.96007   84.78932  
316   83.96007   84.27010  
317   83.96007   83.96007  
318   83.96007   83.96007  
319   83.96007   83.96007  
320   83.73163   83.95779  
321   83.73163   83.83950  
322   83.73163   83.73163  
323   83.73163   83.73163  
324   83.73163   83.73163  
325   83.73163   83.73163  
326   83.73163   83.73163  
327   83.73163   83.73163  
328   83.73163   83.73163  
329   83.73163   83.73163  
330   83.55469   83.72986  
331   83.55469   83.60069  
332   83.55469   83.55469  
333   83.55469   83.55469  
334   83.55469   83.55469  
335   83.55469   83.55469  
336   83.55469   83.55469  
337   83.55469   83.55469  
338   83.55469   83.55469  
339   83.55469   83.55469  
340   83.55469   83.55469  
341   83.55469   83.55469  
342   83.55469   83.55469  
343   83.55469   83.55469  
344   83.55469   83.55469  
345   83.55469   83.55469  
346   83.55469   83.55469  
347   83.55469   83.55469  
348   82.68280   83.54597  
349   82.68280   83.04483  
350   82.68280   82.68280  
351   82.34874   82.67946  
352   82.34874   82.44309  
353   81.81064   82.34336  
354   81.81064   81.98301  
355   81.81064   81.81064  
356   81.81064   81.81064  
357   81.81064   81.81064  
358   81.81064   81.81064  
359   81.81064   81.81064  
360   81.81064   81.81064  
361   81.81064   81.81064  
362   81.81064   81.81064  
363   81.74490   81.80998  
364   81.74490   81.76159  
365   81.74490   81.74490  
366   81.74490   81.74490  
367   81.74490   81.74490  
368   81.74490   81.74490  
369   81.74490   81.74490  
370   81.74490   81.74490  
371   81.74490   81.74490  
372   81.74490   81.74490  
373   81.74490   81.74490  
374   81.74490   81.74490  
375   81.74490   81.74490  
376   81.74490   81.74490  
377   81.65134   81.74397  
378   81.65134   81.68409  
379   81.65134   81.65134  
380   81.64418   81.65127  
381   81.64418   81.64661  
382   81.64418   81.64418  
383   81.64418   81.64418  
384   81.64418   81.64418  
385   81.64418   81.64418  
386   81.64418   81.64418  
387   81.64418   81.64418  
388   81.37012   81.64144  
389   81.37012   81.43261  
390   81.37012   81.37012  
391   81.21806   81.36860  
392   81.21806   81.27432  
393   81.21806   81.21806  
394   80.75219   81.21340  
395   80.75219   80.96173  
396   80.75219   80.75219  
397   80.75219   80.75219  
398   80.62779   80.75095  
399   80.62779   80.68808  
400   80.62779   80.62779  
401   80.62779   80.62779  
402   80.62779   80.62779  
403   80.62779   80.62779  
404   80.62779   80.62779  
405   80.62779   80.62779  
406   80.62779   80.62779  
407   80.62779   80.62779  
408   80.62779   80.62779  
409   80.62779   80.62779  
410   80.62779   80.62779  
411   80.62779   80.62779  
412   80.62779   80.62779  
413   80.62779   80.62779  
414   80.43868   80.62590  
415   80.02615   80.50452  
416   80.02615   80.18704  
417   80.02615   80.02615  
418   80.02615   80.02615  
419   80.02615   80.02615  
420   80.02615   80.02615  
421   79.64988   80.02239  
422   79.64988   79.82502  
423   79.64988   79.65515  
424   79.64988   79.64988  
425   79.24189   79.64580  
426   79.24189   79.41385  
427   78.73851   79.23583  
428   78.73851   78.89874  
429   78.73851   78.73851  
430   78.68764   78.73801  
431   78.68764   78.70545  
432   78.68764   78.68764  
433   78.68764   78.68764  
434   78.68764   78.68764  
435   78.68764   78.68764  
436   78.68764   78.68764  
437   78.68764   78.68764  
438   78.68764   78.68764  
439   78.68764   78.68764  
440   77.94920   78.68026  
441   77.94920   78.12053  
442   77.94920   77.94920  
443   77.94920   77.94920  
444   77.94920   77.94920  
445   77.94920   77.94920  
446   77.94920   77.94920  
447   77.94920   77.94920  
448   77.94920   77.94920  
449   77.94920   77.94920  
450   77.94920   77.94920  
451   77.94920   77.94920  
452   77.94920   77.94920  
453   77.94920   77.94920  
454   77.94920   77.94920  
455   77.94920   77.94920  
456   77.94920   77.94920  
457   77.94920   77.94920  
458   77.94920   77.94920  
459   77.94920   77.94920  
460   77.94920   77.94920  
461   77.94920   77.94920  
462   77.49786   77.94468  
463   77.49786   77.71781  
464   77.49786   77.49786  
465   76.93381   77.49222  
466   76.93381   77.16828  
467   76.93381   76.93381  
468   76.75049   76.93198  
469   76.75049   76.83115  
470   76.75049   76.75049  
471   76.75049   76.75049  
472   76.67047   76.74969  
473   76.67047   76.70248  
474   76.67047   76.67047  
475   76.67047   76.67047  
476   76.67047   76.67047  
477   76.67047   76.67047  
478   76.67047   76.67047  
479   76.67047   76.67047  
480   76.67047   76.67047  
481   76.67047   76.67047  
482   76.67047   76.67047  
483   76.67047   76.67047  
484   76.67047   76.67047  
485   76.67047   76.67047  
486   76.67047   76.67047  
487   76.67047   76.67047  
488   76.67047   76.67047  
489   76.67047   76.67047  
490   76.67047   76.67047  
491   76.67047   76.67047  
492   76.67047   76.67047  
493   76.67047   76.67047  
494   76.67047   76.67047  
495   75.97532   76.66352  
496   75.97532   76.31514  
497   75.97532   75.97532  
498   75.97532   75.97532  
499   75.97532   75.97532  
