0     455.48389  491.63334 
1     455.48389  491.63334 
2     445.03025  455.06317 
3     431.43862  444.54530 
4     422.50391  432.42708 
5     413.38387  424.21031 
6     408.81556  415.66453 
7     401.68010  408.66848 
8     397.42497  401.80132 
9     390.19678  397.80257 
10    388.58698  390.61759 
11    373.39834  388.23076 
12    369.62865  376.85301 
13    364.12929  369.70811 
14    351.32322  364.22887 
15    349.34487  355.04007 
16    341.53791  349.13962 
17    339.57288  341.84522 
18    335.42650  339.81365 
19    327.20559  335.62964 
20    324.36442  327.66494 
21    318.89579  324.56556 
22    316.67429  319.75804 
23    315.76811  317.11786 
24    310.29448  315.60366 
25    306.55147  310.39361 
26    302.52644  307.08518 
27    295.68906  302.88477 
28    291.55579  297.10584 
29    287.58159  291.67789 
30    282.14638  288.38810 
31    282.14638  282.66344 
32    279.18223  282.02530 
33    275.13127  279.39628 
34    274.28375  275.51119 
35    273.97854  274.53964 
36    271.52142  273.97286 
37    265.95781  271.85462 
38    264.97843  267.34383 
39    262.95539  265.11949 
40    260.43866  263.29646 
41    256.56483  260.56799 
42    255.07669  257.59238 
43    251.76867  255.35166 
44    251.76867  252.57630 
45    250.68991  251.72449 
46    246.85693  250.68392 
47    243.70213  247.09158 
48    243.70213  244.31975 
49    242.22699  243.66298 
50    240.14286  242.42293 
51    238.51138  240.57052 
52    234.52113  238.64154 
53    232.08626  235.78858 
54    229.80870  232.07560 
55    227.21110  230.48850 
56    226.41674  228.03025 
57    224.63312  226.55034 
58    223.12924  224.63945 
59    222.41131  223.84090 
60    219.68023  222.56630 
61    217.89661  220.37056 
62    216.96066  217.96059 
63    213.96736  217.32547 
64    212.77518  214.89253 
65    210.12960  212.94774 
66    209.48755  210.84071 
67    206.94134  209.74104 
68    203.67943  207.44452 
69    203.24705  204.63336 
70    202.32884  203.33693 
71    197.33463  202.39596 
72    196.36252  198.77453 
73    195.66344  196.53095 
74    194.93177  195.65310 
75    194.34062  195.01712 
76    193.63638  194.38749 
77    192.40943  193.80980 
78    189.67061  192.78662 
79    188.59689  190.54843 
80    186.72394  189.08535 
81    186.61188  186.98540 
82    184.91109  186.61151 
83    184.21199  185.44891 
84    183.64352  184.45076 
85    182.84276  183.84620 
86    182.78450  183.18794 
87    181.00332  182.76859 
88    180.83298  181.21107 
89    180.62180  180.88891 
90    179.31116  180.66612 
91    178.36054  179.42363 
92    176.17320  178.61265 
93    176.03308  176.58886 
94    175.83787  176.09979 
95    175.25137  175.91349 
96    174.26739  175.41945 
97    173.41477  174.54062 
98    172.06351  173.45378 
99    172.06351  172.43843 
100   170.80252  172.02390 
101   170.24469  170.92637 
102   170.15632  170.47787 
103   169.91553  170.18823 
104   169.91553  170.00578 
105   166.54792  169.86735 
106   165.46060  167.42625 
107   164.51604  165.64530 
108   162.90625  164.74439 
109   161.49465  163.08418 
110   160.69007  161.83648 
111   160.54527  161.02304 
112   159.62789  160.58249 
113   158.59510  159.78555 
114   156.45324  159.00603 
115   154.78226  157.03825 
116   152.47903  155.15790 
117   152.20532  153.22316 
118   151.47928  152.24931 
119   149.85734  151.61815 
120   149.85734  150.58016 
121   148.48089  149.82528 
122   148.48089  148.63600 
123   148.42315  148.47965 
124   147.39036  148.41035 
125   146.68729  147.45976 
126   146.46768  147.04872 
127   145.61254  146.49171 
128   145.45920  145.90562 
129   144.28371  145.50865 
130   144.27904  144.58754 
131   142.95021  144.26326 
132   142.81008  143.45010 
133   141.94171  142.85867 
134   141.71450  142.18289 
135   141.34142  141.80240 
136   140.47498  141.35149 
137   139.17734  140.47173 
138   138.40910  139.66643 
139   138.40910  138.71596 
140   138.18949  138.40609 
141   137.69377  138.26614 
142   137.69377  137.84959 
143   137.55365  137.69117 
144   134.53984  137.53358 
145   133.03255  135.97031 
146   133.03255  133.61297 
147   133.03255  133.03255 
148   132.46701  133.02462 
149   130.62127  132.57950 
150   130.62127  130.75761 
151   129.90037  130.60724 
152   129.78517  130.13359 
153   128.67044  129.82028 
154   127.90288  128.97985 
155   126.94049  128.21503 
156   126.06052  127.27574 
157   125.85365  126.48383 
158   125.20602  125.91916 
159   124.69298  125.21116 
160   124.33766  124.80910 
161   123.60784  124.44650 
162   123.60784  123.89591 
163   123.25466  123.59822 
164   122.90956  123.27937 
165   122.90589  122.95185 
166   122.48935  122.89900 
167   122.32811  122.53362 
168   122.00115  122.32843 
169   121.21923  122.02544 
170   120.58526  121.38538 
171   120.58526  120.69385 
172   120.23208  120.57655 
173   119.76610  120.24719 
174   119.54652  119.84930 
175   119.54652  119.61599 
176   119.27597  119.53979 
177   119.06909  119.28674 
178   118.64500  119.16189 
179   118.49166  118.78710 
180   118.46590  118.54907 
181   117.33162  118.46047 
182   117.11954  117.72505 
183   116.98422  117.20985 
184   116.98422  117.04512 
185   116.77735  116.98167 
186   116.67178  116.85084 
187   116.60771  116.71644 
188   116.54301  116.63414 
189   116.54301  116.56989 
190   115.66098  116.53076 
191   115.04773  115.84455 
192   114.99039  115.26815 
193   114.99039  115.01161 
194   114.49642  114.98091 
195   114.49642  114.57256 
196   114.46525  114.49592 
197   113.22473  114.46123 
198   113.20616  113.81765 
199   113.15022  113.21312 
200   112.97504  113.15719 
201   112.63211  113.06777 
202   111.73634  112.81044 
203   111.43299  111.78955 
204   110.45321  111.50365 
205   109.81971  110.83705 
206   108.12621  110.02643 
207   108.12621  108.66873 
208   107.88535  108.12334 
209   106.18156  107.97478 
210   106.13459  106.90642 
211   105.74226  106.15791 
212   105.51288  105.88437 
213   105.51288  105.59658 
214   105.51288  105.51288 
215   105.46646  105.51241 
216   104.44459  105.47473 
217   104.44459  104.86778 
218   104.44459  104.44459 
219   104.44459  104.44459 
220   103.58967  104.43578 
221   103.58967  103.88122 
222   103.58048  103.58958 
223   103.09014  103.57999 
224   103.09014  103.31579 
225   102.84928  103.08773 
226   102.32917  102.93750 
227   102.32917  102.52430 
228   102.26339  102.32851 
229   101.67810  102.27784 
230   101.43724  101.78744 
231   101.37898  101.51837 
232   101.37898  101.40636 
233   101.37898  101.37898 
234   101.37277  101.37892 
235   101.36325  101.37597 
236   101.34350  101.36762 
237   101.06811  101.34898 
238   100.23869  101.15804 
239   100.23869  100.68043 
240   99.10275   100.22733 
241   99.10275   99.61006  
242   98.92898   99.10057  
243   98.68986   99.00236  
244   98.41157   98.76664  
245   98.41157   98.47138  
246   98.37439   98.41120  
247   98.37439   98.39028  
248   98.37439   98.37439  
249   97.99464   98.37059  
250   97.91013   98.13801  
251   97.63361   97.93909  
252   97.45983   97.73453  
253   97.40121   97.50023  
254   97.25018   97.42684  
255   97.25018   97.29286  
256   97.25018   97.25018  
257   96.44534   97.24213  
258   96.03555   96.70607  
259   95.96996   96.17644  
260   94.14595   95.96369  
261   93.46995   94.69114  
262   93.40463   93.72061  
263   93.40463   93.43003  
264   93.40463   93.40463  
265   93.06136   93.39777  
266   93.06136   93.08715  
267   93.06136   93.06136  
268   92.36028   93.05435  
269   91.70084   92.73897  
270   91.10315   91.90020  
271   91.10315   91.17600  
272   91.04158   91.10253  
273   90.81399   91.06168  
274   90.81399   90.92096  
275   90.81399   90.81399  
276   90.81399   90.81399  
277   90.72868   90.81314  
278   90.25790   90.76322  
279   90.25790   90.46446  
280   90.25790   90.25790  
281   90.25790   90.25790  
282   90.25790   90.25790  
283   90.25790   90.25790  
284   88.89738   90.24429  
285   88.89738   89.52201  
286   88.60630   88.89371  
287   88.36985   88.70540  
288   88.36985   88.45626  
289   87.91043   88.36479  
290   87.91043   88.10944  
291   87.91043   87.91043  
292   87.91043   87.91043  
293   87.91043   87.91043  
294   87.91043   87.91043  
295   87.91043   87.91043  
296   87.91043   87.91043  
297   87.91043   87.91043  
298   87.91043   87.91043  
299   87.91043   87.91043  
300   87.91043   87.91043  
301   87.91043   87.91043  
302   87.91043   87.91043  
303   87.91043   87.91043  
304   87.91043   87.91043  
305   87.91043   87.91043  
306   87.91043   87.91043  
307   87.89979   87.91032  
308   87.89979   87.90543  
309   87.89979   87.89979  
310   87.89979   87.89979  
311   87.89979   87.89979  
312   87.89979   87.89979  
313   87.84259   87.89922  
314   87.84259   87.87291  
315   86.58708   87.83004  
316   86.58708   87.15454  
317   86.58708   86.58708  
318   86.52604   86.58647  
319   86.26193   86.54576  
320   86.03674   86.26885  
321   85.98935   86.14661  
322   85.98935   86.00641  
323   85.98935   85.98935  
324   85.98935   85.98935  
325   85.50985   85.98309  
326   85.50985   85.63632  
327   84.86710   85.50200  
328   84.81724   85.07170  
329   84.81724   84.84122  
330   84.81724   84.81724  
331   84.81724   84.81724  
332   84.33896   84.80640  
333   84.33896   84.44059  
334   84.04165   84.33599  
335   84.04165   84.21409  
336   84.04165   84.04165  
337   84.04165   84.04165  
338   83.89566   84.03902  
339   83.89566   83.92324  
340   83.77864   83.89449  
341   83.77864   83.83098  
342   83.77864   83.77864  
343   83.77864   83.77864  
344   83.77864   83.77864  
345   83.77864   83.77864  
346   83.77864   83.77864  
347   83.77864   83.77864  
348   83.60467   83.77690  
349   83.60467   83.69339  
350   83.60467   83.60467  
351   83.60467   83.60467  
352   83.60467   83.60467  
353   83.60467   83.60467  
354   83.60467   83.60467  
355   83.60467   83.60467  
356   83.52577   83.60388  
357   83.52577   83.56127  
358   83.52577   83.52577  
359   83.52577   83.52577  
360   83.52577   83.52577  
361   83.17024   83.52222  
362   83.17024   83.35156  
363   83.17024   83.17024  
364   83.17024   83.17024  
365   82.38118   83.16235  
366   82.38118   82.70967  
367   82.38118   82.38118  
368   82.11990   82.37857  
369   82.11990   82.25838  
370   82.11990   82.11990  
371   82.11990   82.11990  
372   82.11990   82.11990  
373   82.11990   82.11990  
374   82.11990   82.11990  
375   82.11990   82.11990  
376   82.11990   82.11990  
377   82.11990   82.11990  
378   82.11990   82.11990  
379   82.11990   82.11990  
380   82.11990   82.11990  
381   82.11990   82.11990  
382   82.11990   82.11990  
383   82.11990   82.11990  
384   82.11990   82.11990  
385   82.11990   82.11990  
386   82.11990   82.11990  
387   82.11990   82.11990  
388   81.95809   82.11828  
389   81.95809   82.03474  
390   81.82338   81.95674  
391   81.82338   81.88804  
392   81.43434   81.81949  
393   81.43434   81.63171  
394   81.09447   81.43094  
395   81.09447   81.24709  
396   81.09447   81.09447  
397   81.09447   81.09447  
398   81.09447   81.09447  
399   81.09447   81.09447  
400   81.09447   81.09447  
401   81.09447   81.09447  
402   81.09447   81.09447  
403   81.09447   81.09447  
404   81.09447   81.09447  
405   81.09447   81.09447  
406   81.09447   81.09447  
407   81.09447   81.09447  
408   81.09447   81.09447  
409   81.09447   81.09447  
410   81.09447   81.09447  
411   81.09447   81.09447  
412   80.86295   81.09215  
413   80.86295   80.98981  
414   80.86295   80.86295  
415   80.86295   80.86295  
416   80.86295   80.86295  
417   80.86295   80.86295  
418   80.73187   80.86164  
419   80.73187   80.79741  
420   80.39704   80.72721  
421   80.39704   80.51710  
422   80.39704   80.39704  
423   80.39704   80.39704  
424   80.39704   80.39704  
425   80.39704   80.39704  
426   80.39704   80.39704  
427   80.39704   80.39704  
428   80.39704   80.39704  
429   80.39704   80.39704  
430   79.82630   80.39133  
431   79.82630   80.06574  
432   79.82630   79.82630  
433   79.82630   79.82630  
434   79.82630   79.82630  
435   79.82630   79.82630  
436   79.82630   79.82630  
437   79.82630   79.82630  
438   79.82630   79.82630  
439   79.82630   79.82630  
440   79.82630   79.82630  
441   79.82630   79.82630  
442   79.82630   79.82630  
443   79.82630   79.82630  
444   79.82630   79.82630  
445   79.82630   79.82630  
446   79.82630   79.82630  
447   79.82630   79.82630  
448   79.82630   79.82630  
449   79.82630   79.82630  
450   79.82630   79.82630  
451   79.41682   79.82220  
452   79.41682   79.58810  
453   79.41682   79.41682  
454   79.27234   79.41537  
455   79.27234   79.33830  
456   79.27234   79.27234  
457   79.27234   79.27234  
458   79.27234   79.27234  
459   79.27234   79.27234  
460   79.27234   79.27234  
461   78.85385   79.26816  
462   78.85385   79.04060  
463   78.85385   78.85385  
464   78.85385   78.85385  
465   78.85385   78.85385  
466   78.85385   78.85385  
467   78.85385   78.85385  
468   78.85385   78.85385  
469   78.75819   78.85290  
470   78.75819   78.81941  
471   78.75819   78.75819  
472   78.75819   78.75819  
473   78.75819   78.75819  
474   78.75819   78.75819  
475   78.75819   78.75819  
476   78.75819   78.75819  
477   78.75819   78.75819  
478   78.75819   78.75819  
479   78.75819   78.75819  
480   78.75819   78.75819  
481   78.75819   78.75819  
482   78.75819   78.75819  
483   78.75804   78.75819  
484   78.13368   78.74971  
485   78.13368   78.36861  
486   77.75372   78.12774  
487   77.75372   77.87401  
488   77.75372   77.75372  
489   77.53964   77.75158  
490   77.53964   77.63013  
491   77.53964   77.53964  
492   77.53964   77.53964  
493   77.53964   77.53964  
494   77.53964   77.53964  
495   77.53964   77.53964  
496   77.53964   77.53964  
497   77.53964   77.53964  
498   77.53964   77.53964  
499   77.53964   77.53964  
