0     455.48389  491.63334 
1     455.48389  491.63334 
2     447.16293  454.88979 
3     442.95927  446.81914 
4     431.95235  442.41411 
5     425.37796  431.60885 
6     419.66920  425.06196 
7     413.09673  419.27368 
8     402.26177  412.51113 
9     380.24226  401.74543 
10    377.42118  380.13887 
11    368.40509  376.96803 
12    361.38277  368.08922 
13    349.09544  361.04752 
14    341.62481  348.69631 
15    336.91378  341.38872 
16    331.67049  336.56060 
17    326.37694  331.38198 
18    324.57275  326.29433 
19    322.73684  324.52481 
20    317.09448  322.57536 
21    315.41818  316.97740 
22    309.12977  315.16932 
23    304.24110  308.98243 
24    301.13085  304.14295 
25    299.52105  301.10126 
26    297.09691  299.45484 
27    292.35141  296.87990 
28    289.34451  292.15913 
29    287.73640  289.28512 
30    282.90194  287.55894 
31    278.02953  282.73623 
32    271.49251  277.86321 
33    268.03532  271.37947 
34    265.05731  267.92253 
35    262.51966  264.92630 
36    261.39841  262.43307 
37    260.31401  261.36353 
38    259.45995  260.27180 
39    257.52103  259.41673 
40    254.09080  257.44115 
41    247.83694  253.93195 
42    245.42667  247.80966 
43    242.83322  245.35961 
44    238.73530  242.71881 
45    235.95813  238.65500 
46    234.23450  235.89913 
47    232.50971  234.17733 
48    231.33354  232.48816 
49    229.31510  231.27370 
50    228.27435  229.27177 
51    225.91153  228.18498 
52    223.02639  225.84252 
53    221.66323  222.97353 
54    218.78809  221.58832 
55    218.24112  218.76438 
56    217.84067  218.23393 
57    215.75894  217.77268 
58    214.88837  215.72440 
59    210.67535  214.82323 
60    209.52304  210.64881 
61    208.73773  209.50135 
62    207.58514  208.70691 
63    205.01949  207.54466 
64    201.59660  204.95616 
65    199.42341  201.54007 
66    198.10674  199.39916 
67    197.21144  198.07817 
68    196.77914  197.19852 
69    196.46269  196.77331 
70    194.62809  196.40321 
71    194.08651  194.62267 
72    193.59165  194.06651 
73    192.13896  193.56311 
74    191.47708  192.12021 
75    188.62592  191.44647 
76    188.07030  188.59993 
77    187.51489  188.06424 
78    184.75558  187.47619 
79    181.56827  184.67740 
80    181.02598  181.54474 
81    175.87857  180.96149 
82    171.70609  175.80745 
83    169.86615  171.64631 
84    169.37296  169.85757 
85    166.81646  169.33883 
86    165.07380  166.77355 
87    163.92221  165.06228 
88    163.51577  163.90959 
89    163.14197  163.51203 
90    162.61331  163.13172 
91    160.23439  162.57965 
92    159.30745  160.21332 
93    158.92887  159.29316 
94    158.62737  158.92086 
95    158.54455  158.62654 
96    158.44654  158.54357 
97    157.48547  158.43487 
98    157.02316  157.47748 
99    156.25831  157.01551 
100   156.25831  156.25831 
101   156.06277  156.25636 
102   155.36920  156.05494 
103   154.06151  155.35376 
104   154.06151  154.06151 
105   152.55415  154.02604 
106   151.72776  152.54295 
107   151.34999  151.72029 
108   149.01081  151.31480 
109   146.78515  148.98855 
110   146.03761  146.77387 
111   143.94938  145.99391 
112   142.49662  143.91856 
113   141.66198  142.47973 
114   141.52710  141.66028 
115   141.49207  141.52598 
116   140.55329  141.47544 
117   139.91807  140.54510 
118   139.85803  139.91709 
119   139.24698  139.85149 
120   138.40063  139.22919 
121   137.67753  138.39103 
122   136.25480  137.66273 
123   135.53034  136.24755 
124   135.36535  135.52648 
125   135.36535  135.36535 
126   134.76945  135.35882 
127   134.76617  134.76941 
128   133.18001  134.71823 
129   133.12267  133.17944 
130   132.83311  133.11867 
131   132.02893  132.82197 
132   131.42114  132.01862 
133   131.03597  131.41729 
134   130.92557  131.03487 
135   129.57347  130.90577 
136   129.15780  129.56539 
137   129.15153  129.15774 
138   129.05566  129.15057 
139   128.02584  129.04536 
140   128.02584  128.02584 
141   127.54018  128.02098 
142   126.78005  127.53258 
143   126.78005  126.78005 
144   126.23504  126.77460 
145   126.12528  126.23313 
146   125.76736  126.11834 
147   119.21534  125.68569 
148   118.81435  119.20798 
149   118.81177  118.81432 
150   118.22609  118.80130 
151   117.89055  118.21603 
152   117.01212  117.87213 
153   116.93665  117.01137 
154   116.85696  116.93585 
155   116.85696  116.85696 
156   115.74673  116.84581 
157   115.62062  115.74547 
158   115.62062  115.62062 
159   115.61030  115.62041 
160   114.49093  115.59281 
161   114.49089  114.49092 
162   114.37278  114.48971 
163   114.09947  114.37004 
164   113.76522  114.09612 
165   113.75931  113.76504 
166   113.75931  113.75931 
167   113.05013  113.75222 
168   113.05013  113.05013 
169   110.56659  113.02530 
170   110.56659  110.56659 
171   110.48718  110.56580 
172   109.61264  110.47843 
173   109.61264  109.61264 
174   109.39677  109.61048 
175   109.15851  109.39438 
176   109.15851  109.15851 
177   107.37811  109.13421 
178   107.22708  107.37660 
179   107.20225  107.22683 
180   107.20225  107.20225 
181   107.20225  107.20225 
182   107.20225  107.20225 
183   107.18323  107.20206 
184   107.18323  107.18323 
185   107.07637  107.18216 
186   106.45235  107.07005 
187   106.21729  106.44931 
188   105.57317  106.21085 
189   105.57317  105.57317 
190   105.56552  105.57301 
191   105.56552  105.56552 
192   105.32933  105.56316 
193   105.32933  105.32933 
194   105.15148  105.32637 
195   105.15148  105.15148 
196   105.15148  105.15148 
197   105.15148  105.15148 
198   105.15148  105.15148 
199   104.90358  105.14900 
200   104.90358  104.90358 
201   104.54721  104.89728 
202   104.54721  104.54721 
203   102.94848  104.52610 
204   102.94848  102.94848 
205   102.80492  102.94704 
206   102.80492  102.80492 
207   102.80492  102.80492 
208   102.75218  102.80440 
209   102.75218  102.75218 
210   102.75218  102.75218 
211   102.75218  102.75218 
212   102.75218  102.75218 
213   102.75218  102.75218 
214   102.46462  102.74931 
215   102.46462  102.46462 
216   102.46462  102.46462 
217   102.46462  102.46462 
218   100.36386  102.44362 
219   100.22276  100.36013 
220   100.22276  100.22276 
221   100.10684  100.22160 
222   98.70954   100.08440 
223   97.80451   98.70049  
224   96.88648   97.78695  
225   96.88648   96.88648  
226   96.74963   96.88475  
227   96.74963   96.74963  
228   96.09519   96.74309  
229   96.09519   96.09519  
230   96.09519   96.09519  
231   96.09519   96.09519  
232   94.45175   96.07875  
233   94.17810   94.44901  
234   93.90149   94.17534  
235   93.90149   93.90149  
236   93.90149   93.90149  
237   93.59902   93.89846  
238   93.01612   93.59320  
239   93.01612   93.01612  
240   93.01612   93.01612  
241   92.16935   93.00765  
242   91.99731   92.16763  
243   91.99731   91.99731  
244   91.99731   91.99731  
245   91.99731   91.99731  
246   91.99731   91.99731  
247   91.99731   91.99731  
248   91.99731   91.99731  
249   91.75162   91.99485  
250   91.75162   91.75162  
251   91.53791   91.74948  
252   91.36650   91.53620  
253   91.36650   91.36650  
254   91.36650   91.36650  
255   91.36491   91.36648  
256   91.36491   91.36491  
257   91.36491   91.36491  
258   90.89167   91.36017  
259   90.89167   90.89167  
260   90.89167   90.89167  
261   90.89167   90.89167  
262   90.89167   90.89167  
263   90.89167   90.89167  
264   90.89167   90.89167  
265   90.89167   90.89167  
266   90.89167   90.89167  
267   90.89167   90.89167  
268   90.89167   90.89167  
269   90.89167   90.89167  
270   90.89167   90.89167  
271   90.89167   90.89167  
272   90.89167   90.89167  
273   90.89167   90.89167  
274   90.78699   90.89063  
275   90.78699   90.78699  
276   90.78699   90.78699  
277   90.33006   90.78242  
278   90.33006   90.33006  
279   90.33006   90.33006  
280   90.33006   90.33006  
281   90.26967   90.32946  
282   90.26967   90.26967  
283   90.26967   90.26967  
284   90.26967   90.26967  
285   90.26967   90.26967  
286   89.66938   90.25791  
287   89.66938   89.66938  
288   89.66938   89.66938  
289   89.66938   89.66938  
290   89.66938   89.66938  
291   89.66938   89.66938  
292   89.66938   89.66938  
293   89.66938   89.66938  
294   89.66938   89.66938  
295   89.66938   89.66938  
296   89.66938   89.66938  
297   89.66938   89.66938  
298   89.66938   89.66938  
299   89.60899   89.66877  
300   89.60899   89.60899  
301   89.60899   89.60899  
302   89.60899   89.60899  
303   89.60899   89.60899  
304   89.60899   89.60899  
305   89.60899   89.60899  
306   89.60899   89.60899  
307   89.60899   89.60899  
308   89.60899   89.60899  
309   89.60899   89.60899  
310   89.60899   89.60899  
311   87.62913   89.58919  
312   87.62913   87.62913  
313   87.62913   87.62913  
314   87.62913   87.62913  
315   87.62913   87.62913  
316   87.62913   87.62913  
317   87.62913   87.62913  
318   87.62913   87.62913  
319   87.62913   87.62913  
320   87.62913   87.62913  
321   87.62913   87.62913  
322   87.62913   87.62913  
323   87.62913   87.62913  
324   87.62913   87.62913  
325   87.62913   87.62913  
326   87.62913   87.62913  
327   87.62913   87.62913  
328   87.62913   87.62913  
329   87.62913   87.62913  
330   87.62489   87.62909  
331   86.75953   87.60709  
332   86.21795   86.75411  
333   86.21795   86.21795  
334   86.21795   86.21795  
335   86.21795   86.21795  
336   86.21795   86.21795  
337   85.64192   86.21219  
338   85.64192   85.64192  
339   85.64192   85.64192  
340   85.64192   85.64192  
341   85.64192   85.64192  
342   85.64192   85.64192  
343   85.64192   85.64192  
344   85.64192   85.64192  
345   85.64192   85.64192  
346   85.64192   85.64192  
347   85.64192   85.64192  
348   85.64192   85.64192  
349   84.89980   85.63450  
350   84.89980   84.89980  
351   84.89980   84.89980  
352   84.89980   84.89980  
353   84.89980   84.89980  
354   84.89980   84.89980  
355   84.89980   84.89980  
356   84.89980   84.89980  
357   84.89980   84.89980  
358   84.89980   84.89980  
359   84.89980   84.89980  
360   84.89980   84.89980  
361   84.89980   84.89980  
362   84.89980   84.89980  
363   84.89980   84.89980  
364   84.89980   84.89980  
365   84.89980   84.89980  
366   84.89980   84.89980  
367   84.89980   84.89980  
368   84.89980   84.89980  
369   84.65419   84.89734  
370   84.65419   84.65419  
371   84.65419   84.65419  
372   84.65419   84.65419  
373   84.65419   84.65419  
374   84.65419   84.65419  
375   84.65419   84.65419  
376   84.65419   84.65419  
377   84.65419   84.65419  
378   84.65419   84.65419  
379   84.65419   84.65419  
380   84.65419   84.65419  
381   84.65419   84.65419  
382   84.65419   84.65419  
383   84.65419   84.65419  
384   84.65419   84.65419  
385   84.65419   84.65419  
386   84.65419   84.65419  
387   84.65419   84.65419  
388   84.65419   84.65419  
389   84.65419   84.65419  
390   84.65419   84.65419  
391   84.65419   84.65419  
392   84.65419   84.65419  
393   84.65419   84.65419  
394   84.65419   84.65419  
395   84.65419   84.65419  
396   84.09595   84.64861  
397   84.09595   84.09595  
398   84.09595   84.09595  
399   84.09595   84.09595  
400   83.75544   84.09255  
401   83.52087   83.75310  
402   83.52087   83.52087  
403   83.52087   83.52087  
404   83.52087   83.52087  
405   83.52087   83.52087  
406   83.52087   83.52087  
407   83.52087   83.52087  
408   83.40730   83.51973  
409   83.40730   83.40730  
410   83.40730   83.40730  
411   83.40730   83.40730  
412   83.40730   83.40730  
413   83.40730   83.40730  
414   83.40730   83.40730  
415   83.40730   83.40730  
416   83.40730   83.40730  
417   83.40730   83.40730  
418   83.40730   83.40730  
419   83.40730   83.40730  
420   83.40730   83.40730  
421   83.40730   83.40730  
422   82.87915   83.40201  
423   81.86885   82.86905  
424   81.86885   81.86885  
425   81.86885   81.86885  
426   81.86885   81.86885  
427   81.86885   81.86885  
428   81.86885   81.86885  
429   81.86885   81.86885  
430   81.86885   81.86885  
431   81.86885   81.86885  
432   81.86885   81.86885  
433   81.60102   81.86617  
434   81.60102   81.60102  
435   81.60102   81.60102  
436   81.60102   81.60102  
437   81.60102   81.60102  
438   81.10276   81.59466  
439   81.04911   81.10223  
440   80.77327   81.04636  
441   80.77327   80.77327  
442   80.77327   80.77327  
443   80.77327   80.77327  
444   80.77327   80.77327  
445   80.65771   80.77211  
446   80.65771   80.65771  
447   80.65771   80.65771  
448   80.57498   80.65689  
449   80.57498   80.57498  
450   80.57498   80.57498  
451   80.57498   80.57498  
452   80.57498   80.57498  
453   80.57498   80.57498  
454   80.57498   80.57498  
455   80.57498   80.57498  
456   80.57498   80.57498  
457   80.57498   80.57498  
458   80.57498   80.57498  
459   80.57498   80.57498  
460   80.57498   80.57498  
461   80.57498   80.57498  
462   80.57498   80.57498  
463   80.57498   80.57498  
464   80.57498   80.57498  
465   80.57498   80.57498  
466   80.57498   80.57498  
467   80.57498   80.57498  
468   80.57498   80.57498  
469   80.43087   80.57354  
470   80.43087   80.43087  
471   80.43087   80.43087  
472   80.43087   80.43087  
473   80.43087   80.43087  
474   80.43087   80.43087  
475   80.43087   80.43087  
476   80.43087   80.43087  
477   80.43087   80.43087  
478   80.43087   80.43087  
479   80.43087   80.43087  
480   80.43087   80.43087  
481   80.43087   80.43087  
482   80.43087   80.43087  
483   80.43087   80.43087  
484   80.43087   80.43087  
485   80.43087   80.43087  
486   80.43087   80.43087  
487   80.43087   80.43087  
488   80.43087   80.43087  
489   80.12471   80.42781  
490   80.12471   80.12471  
491   79.82353   80.12169  
492   79.82353   79.82353  
493   79.82353   79.82353  
494   79.82353   79.82353  
495   79.82353   79.82353  
496   79.82353   79.82353  
497   79.82353   79.82353  
498   79.74280   79.82272  
499   79.74280   79.74280  
