0     455.48389  491.63334 
1     455.48389  491.63334 
2     447.16293  454.88979 
3     442.95927  446.81914 
4     431.95235  442.41411 
5     425.37796  431.60885 
6     419.66920  425.06196 
7     413.09673  419.27368 
8     402.26177  412.51113 
9     380.24226  401.74543 
10    377.42118  380.13887 
11    368.40509  376.96803 
12    361.38277  368.08922 
13    349.09544  361.04752 
14    341.62481  348.69631 
15    336.91378  341.38872 
16    331.67049  336.56060 
17    326.37694  331.38198 
18    324.57275  326.29433 
19    322.73684  324.52481 
20    317.09448  322.57536 
21    310.00066  316.92323 
22    304.90567  309.81547 
23    301.81061  304.81913 
24    298.83288  301.72727 
25    295.90284  298.68457 
26    290.71514  295.74512 
27    285.59809  290.42240 
28    283.01415  285.56176 
29    274.71122  282.83183 
30    273.36829  274.67373 
31    264.82458  273.21812 
32    262.06373  264.74412 
33    257.38176  261.97739 
34    255.20278  257.27329 
35    254.03203  255.15532 
36    250.80348  253.92704 
37    244.31508  250.68972 
38    241.14562  244.26710 
39    237.02650  241.05153 
40    234.03855  236.97144 
41    231.55663  233.99448 
42    228.54973  231.51091 
43    224.45908  228.44811 
44    220.67531  224.38737 
45    218.04837  220.58566 
46    215.74870  217.98358 
47    213.87215  215.70802 
48    213.42183  213.85896 
49    211.31254  213.36803 
50    207.68164  211.24427 
51    204.71093  207.52245 
52    203.71533  204.70015 
53    199.48879  203.61740 
54    196.18740  199.39895 
55    193.51475  196.13831 
56    193.27530  193.50693 
57    184.82957  193.13138 
58    181.63306  184.70930 
59    178.74875  181.53438 
60    177.40177  178.71557 
61    175.57604  177.36665 
62    172.92535  175.49784 
63    171.14355  172.89444 
64    169.83814  171.11596 
65    166.83611  169.77572 
66    165.99636  166.81162 
67    163.74587  165.95548 
68    162.43605  163.72273 
69    161.81895  162.41915 
70    158.68377  161.77554 
71    157.97327  158.67352 
72    157.26376  157.95133 
73    156.91877  157.25473 
74    156.66075  156.91570 
75    156.31583  156.65651 
76    153.97733  156.26499 
77    152.03189  153.94319 
78    151.03385  152.00026 
79    150.71107  151.02840 
80    148.19840  150.66622 
81    147.79252  148.19007 
82    147.62157  147.79081 
83    146.34758  147.59582 
84    145.81925  146.33908 
85    145.31842  145.80917 
86    141.26903  145.25424 
87    141.07065  141.26252 
88    140.16788  141.05784 
89    139.95127  140.16434 
90    139.47046  139.94020 
91    139.30427  139.46577 
92    139.16795  139.30278 
93    139.16795  139.16795 
94    139.16795  139.16795 
95    137.89243  139.15520 
96    137.12010  137.88074 
97    136.10865  137.10287 
98    132.25584  136.04132 
99    131.75019  132.24753 
100   131.43784  131.74189 
101   130.35378  131.41863 
102   129.88435  130.34785 
103   128.47430  129.86528 
104   128.03209  128.46623 
105   127.87072  128.02896 
106   126.87550  127.86077 
107   126.52550  126.86888 
108   126.21981  126.52245 
109   124.24644  126.19301 
110   124.12231  124.24520 
111   123.92350  124.11885 
112   123.38081  123.90562 
113   123.26095  123.37961 
114   122.93818  123.25550 
115   121.89409  122.92372 
116   121.53856  121.89049 
117   121.53856  121.53856 
118   121.31449  121.53435 
119   120.70287  121.30659 
120   120.69338  120.70278 
121   118.59473  120.67239 
122   118.59473  118.59473 
123   117.79856  118.58360 
124   117.43103  117.79489 
125   115.98476  117.40091 
126   115.94676  115.98438 
127   114.75073  115.93417 
128   114.40193  114.74715 
129   114.23218  114.40023 
130   113.31480  114.22126 
131   110.17278  113.28213 
132   110.12268  110.17190 
133   108.81821  110.10605 
134   108.81821  108.81821 
135   108.51595  108.81258 
136   108.51595  108.51595 
137   108.51577  108.51595 
138   108.34959  108.51269 
139   107.68979  108.34299 
140   107.68979  107.68979 
141   107.68979  107.68979 
142   107.68979  107.68979 
143   106.69306  107.67891 
144   106.69306  106.69306 
145   106.31816  106.68623 
146   106.31816  106.31816 
147   105.07126  106.30569 
148   105.03878  105.07093 
149   104.77598  105.03616 
150   104.20274  104.76678 
151   104.20274  104.20274 
152   104.20274  104.20274 
153   104.10007  104.20171 
154   104.10007  104.10007 
155   104.10007  104.10007 
156   104.10007  104.10007 
157   104.10007  104.10007 
158   102.85294  104.08691 
159   102.85294  102.85294 
160   102.10228  102.83919 
161   100.60099  102.08727 
162   100.45922  100.59885 
163   99.69099   100.43617 
164   99.33492   99.68743  
165   99.33492   99.33492  
166   99.15511   99.33312  
167   99.15511   99.15511  
168   99.15511   99.15511  
169   98.92202   99.15278  
170   98.92202   98.92202  
171   96.16590   98.89445  
172   96.16590   96.16590  
173   96.16590   96.16590  
174   96.16590   96.16590  
175   96.16590   96.16590  
176   96.16590   96.16590  
177   96.16590   96.16590  
178   96.16590   96.16590  
179   96.16590   96.16590  
180   96.00295   96.16427  
181   93.85532   95.98147  
182   93.71355   93.85381  
183   93.71355   93.71355  
184   93.71355   93.71355  
185   93.59276   93.71235  
186   93.59276   93.59276  
187   93.19939   93.58882  
188   93.19939   93.19939  
189   92.86297   93.19603  
190   92.86297   92.86297  
191   92.64732   92.86082  
192   92.64732   92.64732  
193   92.64732   92.64732  
194   92.64732   92.64732  
195   91.70199   92.63787  
196   91.70199   91.70199  
197   91.05241   91.69549  
198   91.05241   91.05241  
199   91.05241   91.05241  
200   91.05241   91.05241  
201   90.25917   91.04448  
202   90.09567   90.25753  
203   90.09567   90.09567  
204   90.09567   90.09567  
205   90.09567   90.09567  
206   90.02751   90.09499  
207   89.51334   90.02236  
208   89.51334   89.51334  
209   89.51334   89.51334  
210   89.51334   89.51334  
211   89.14571   89.50966  
212   89.14571   89.14571  
213   89.14571   89.14571  
214   89.14571   89.14571  
215   89.14571   89.14571  
216   89.14571   89.14571  
217   89.14571   89.14571  
218   89.14571   89.14571  
219   89.14571   89.14571  
220   89.14571   89.14571  
221   89.14571   89.14571  
222   88.89056   89.14315  
223   88.01692   88.88183  
224   87.49017   88.01166  
225   87.49017   87.49017  
226   87.34172   87.48868  
227   87.34172   87.34172  
228   87.34172   87.34172  
229   87.34172   87.34172  
230   86.58524   87.33416  
231   85.20091   86.57037  
232   85.20091   85.20091  
233   85.20091   85.20091  
234   85.20091   85.20091  
235   85.08325   85.19974  
236   85.08325   85.08325  
237   85.08325   85.08325  
238   85.08325   85.08325  
239   85.08325   85.08325  
240   85.08325   85.08325  
241   85.08325   85.08325  
242   85.08325   85.08325  
243   85.08325   85.08325  
244   85.08325   85.08325  
245   85.08325   85.08325  
246   85.08325   85.08325  
247   85.08325   85.08325  
248   85.08325   85.08325  
249   85.08325   85.08325  
250   85.08325   85.08325  
251   83.75734   85.06999  
252   83.75734   83.75734  
253   83.75734   83.75734  
254   83.75734   83.75734  
255   83.75734   83.75734  
256   83.62250   83.75599  
257   83.62250   83.62250  
258   83.62250   83.62250  
259   83.51307   83.62141  
260   83.51307   83.51307  
261   81.18380   83.48978  
262   81.18380   81.18380  
263   81.10669   81.18303  
264   81.10669   81.10669  
265   81.10669   81.10669  
266   81.10669   81.10669  
267   81.10669   81.10669  
268   81.10669   81.10669  
269   81.10669   81.10669  
270   81.10669   81.10669  
271   81.10669   81.10669  
272   81.10669   81.10669  
273   81.10669   81.10669  
274   81.10669   81.10669  
275   81.10669   81.10669  
276   81.10669   81.10669  
277   81.10669   81.10669  
278   81.10669   81.10669  
279   81.10669   81.10669  
280   81.10669   81.10669  
281   78.91790   81.08480  
282   78.91790   78.91790  
283   78.91790   78.91790  
284   78.91790   78.91790  
285   78.91790   78.91790  
286   78.91790   78.91790  
287   78.91790   78.91790  
288   78.91790   78.91790  
289   78.91790   78.91790  
290   78.91790   78.91790  
291   78.91790   78.91790  
292   78.91790   78.91790  
293   78.91790   78.91790  
294   78.91095   78.91783  
295   78.91095   78.91095  
296   78.91095   78.91095  
297   78.91095   78.91095  
298   78.91095   78.91095  
299   78.91095   78.91095  
300   78.91095   78.91095  
301   78.91095   78.91095  
302   78.91095   78.91095  
303   78.91095   78.91095  
304   78.91095   78.91095  
305   78.91095   78.91095  
306   78.91095   78.91095  
307   78.91095   78.91095  
308   78.91095   78.91095  
309   78.91095   78.91095  
310   78.91095   78.91095  
311   77.06218   78.89246  
312   77.06218   77.06218  
313   77.06218   77.06218  
314   77.06218   77.06218  
315   77.06218   77.06218  
316   77.06218   77.06218  
317   77.06218   77.06218  
318   77.06218   77.06218  
319   77.06218   77.06218  
320   77.06218   77.06218  
321   76.68002   77.05836  
322   76.40139   76.67724  
323   76.40139   76.40139  
324   76.40139   76.40139  
325   76.40139   76.40139  
326   76.40139   76.40139  
327   76.40139   76.40139  
328   76.40139   76.40139  
329   76.40139   76.40139  
330   76.40139   76.40139  
331   76.40139   76.40139  
332   76.40139   76.40139  
333   76.40139   76.40139  
334   76.40139   76.40139  
335   76.36882   76.40106  
336   76.36882   76.36882  
337   76.36882   76.36882  
338   76.36882   76.36882  
339   76.36882   76.36882  
340   76.36882   76.36882  
341   76.35531   76.36869  
342   76.35531   76.35531  
343   76.35531   76.35531  
344   76.35531   76.35531  
345   76.35531   76.35531  
346   75.84122   76.35017  
347   75.84122   75.84122  
348   75.84122   75.84122  
349   75.84122   75.84122  
350   75.84122   75.84122  
351   75.84122   75.84122  
352   75.76411   75.84045  
353   75.76411   75.76411  
354   75.76411   75.76411  
355   75.76411   75.76411  
356   75.76411   75.76411  
357   75.76411   75.76411  
358   75.76411   75.76411  
359   75.76411   75.76411  
360   75.76411   75.76411  
361   75.44009   75.76087  
362   75.44009   75.44009  
363   75.41994   75.43968  
364   75.41994   75.41994  
365   75.41994   75.41994  
366   75.41994   75.41994  
367   75.41994   75.41994  
368   75.41994   75.41994  
369   75.41994   75.41994  
370   75.41994   75.41994  
371   75.41994   75.41994  
372   75.41994   75.41994  
373   75.41994   75.41994  
374   75.41994   75.41994  
375   75.41994   75.41994  
376   75.41994   75.41994  
377   75.41994   75.41994  
378   75.41994   75.41994  
379   75.41994   75.41994  
380   75.41994   75.41994  
381   75.41994   75.41994  
382   75.41994   75.41994  
383   75.41994   75.41994  
384   75.41994   75.41994  
385   75.41994   75.41994  
386   75.41994   75.41994  
387   75.41994   75.41994  
388   75.41994   75.41994  
389   75.41994   75.41994  
390   75.41994   75.41994  
391   75.41994   75.41994  
392   75.41994   75.41994  
393   75.41994   75.41994  
394   75.41994   75.41994  
395   75.41994   75.41994  
396   75.41994   75.41994  
397   75.41994   75.41994  
398   75.41994   75.41994  
399   75.41994   75.41994  
400   75.41994   75.41994  
401   75.41994   75.41994  
402   75.41994   75.41994  
403   75.41994   75.41994  
404   75.41994   75.41994  
405   75.41994   75.41994  
406   75.41994   75.41994  
407   75.41994   75.41994  
408   75.41994   75.41994  
409   75.41994   75.41994  
410   75.41994   75.41994  
411   75.41994   75.41994  
412   75.41994   75.41994  
413   75.41994   75.41994  
414   75.02807   75.41602  
415   75.02807   75.02807  
416   75.02807   75.02807  
417   75.02807   75.02807  
418   75.02807   75.02807  
419   75.02807   75.02807  
420   75.02807   75.02807  
421   75.02807   75.02807  
422   75.02807   75.02807  
423   75.02807   75.02807  
424   75.02807   75.02807  
425   75.02807   75.02807  
426   75.02807   75.02807  
427   75.02807   75.02807  
428   75.02807   75.02807  
429   75.02807   75.02807  
430   75.02807   75.02807  
431   75.02807   75.02807  
432   75.02807   75.02807  
433   75.02807   75.02807  
434   75.02807   75.02807  
435   75.02807   75.02807  
436   75.02807   75.02807  
437   75.02807   75.02807  
438   75.02807   75.02807  
439   75.02807   75.02807  
440   75.02807   75.02807  
441   75.02807   75.02807  
442   75.02807   75.02807  
443   75.02807   75.02807  
444   75.02807   75.02807  
445   75.02807   75.02807  
446   75.02807   75.02807  
447   75.02807   75.02807  
448   75.02807   75.02807  
449   75.02807   75.02807  
450   75.02807   75.02807  
451   75.02807   75.02807  
452   75.02807   75.02807  
453   75.02807   75.02807  
454   75.02807   75.02807  
455   75.02807   75.02807  
456   75.02807   75.02807  
457   75.02807   75.02807  
458   75.02807   75.02807  
459   75.02807   75.02807  
460   75.02807   75.02807  
461   75.02807   75.02807  
462   75.02807   75.02807  
463   75.02807   75.02807  
464   75.02807   75.02807  
465   75.02807   75.02807  
466   75.02807   75.02807  
467   75.02807   75.02807  
468   75.02807   75.02807  
469   75.02807   75.02807  
470   75.02807   75.02807  
471   75.02807   75.02807  
472   75.02807   75.02807  
473   75.02807   75.02807  
474   75.02807   75.02807  
475   75.02807   75.02807  
476   75.02807   75.02807  
477   75.02807   75.02807  
478   75.02807   75.02807  
479   75.02807   75.02807  
480   75.02807   75.02807  
481   75.01771   75.02797  
482   75.01771   75.01771  
483   75.01771   75.01771  
484   75.01771   75.01771  
485   75.01771   75.01771  
486   75.01771   75.01771  
487   75.01771   75.01771  
488   75.01771   75.01771  
489   75.01771   75.01771  
490   75.01771   75.01771  
491   75.01771   75.01771  
492   75.01771   75.01771  
493   75.01771   75.01771  
494   75.01771   75.01771  
495   75.01771   75.01771  
496   75.01771   75.01771  
497   75.01771   75.01771  
498   75.01771   75.01771  
499   75.01771   75.01771  
