0     455.48389  491.63334 
1     455.48389  491.63334 
2     446.29166  454.97071 
3     437.39036  445.51380 
4     429.94028  436.89279 
5     419.04690  429.22876 
6     411.28577  418.31229 
7     401.15832  411.05219 
8     393.58452  400.68613 
9     388.10887  393.28541 
10    385.73206  387.97573 
11    380.84166  385.42083 
12    374.36187  380.45358 
13    366.14957  374.06621 
14    359.39999  365.84806 
15    355.66593  359.24285 
16    348.43219  355.39509 
17    346.27420  348.36112 
18    340.77668  346.09075 
19    333.40711  340.49169 
20    329.66814  333.20468 
21    327.47122  329.60483 
22    324.77019  327.41224 
23    323.16636  324.68087 
24    320.94045  323.06758 
25    314.58209  320.79264 
26    310.71766  314.41950 
27    302.79999  310.51415 
28    296.18867  302.64299 
29    289.68592  295.97910 
30    287.22196  289.63207 
31    280.98315  287.08100 
32    274.54626  280.59648 
33    272.11534  274.46263 
34    269.10928  272.02469 
35    264.99508  269.01943 
36    257.74774  264.79930 
37    251.17104  257.57015 
38    250.02971  251.12560 
39    245.93466  249.87429 
40    244.28446  245.87875 
41    243.40142  244.27248 
42    242.41411  243.35099 
43    241.16662  242.38628 
44    240.08531  241.13824 
45    236.01632  239.96590 
46    234.52101  235.99182 
47    232.99986  234.45281 
48    228.91704  232.94290 
49    226.83789  228.85469 
50    224.54440  226.78610 
51    224.08759  224.52240 
52    220.42719  223.97531 
53    216.06971  220.32957 
54    214.68482  216.04149 
55    212.71491  214.60984 
56    210.42938  212.64636 
57    208.84373  210.40752 
58    208.47965  208.83551 
59    205.77955  208.41255 
60    205.17346  205.76698 
61    205.10479  205.17277 
62    204.01504  205.06468 
63    193.17613  203.86093 
64    192.18935  193.14278 
65    190.70694  192.13984 
66    189.88457  190.68248 
67    187.37782  189.83902 
68    186.89362  187.36596 
69    185.04255  186.86053 
70    184.08020  185.02163 
71    183.46521  184.06520 
72    181.70276  183.43899 
73    181.02716  181.68925 
74    181.02716  181.02716 
75    180.61867  181.02259 
76    180.61274  180.61861 
77    179.90754  180.60455 
78    179.32114  179.89396 
79    178.20404  179.30826 
80    176.07094  178.16338 
81    175.34668  176.04336 
82    175.28440  175.34605 
83    175.13225  175.28267 
84    174.91317  175.13006 
85    174.58059  174.90962 
86    173.38095  174.55968 
87    172.72982  173.36821 
88    171.95258  172.72193 
89    170.57098  171.93450 
90    168.58746  170.55066 
91    165.36679  168.53638 
92    163.36833  165.33747 
93    163.31978  163.36784 
94    163.08067  163.31482 
95    162.07242  163.07059 
96    162.07242  162.07242 
97    161.65074  162.06324 
98    161.22350  161.64538 
99    160.40012  161.20879 
100   160.14857  160.39641 
101   159.05131  160.12033 
102   158.38755  159.04418 
103   157.08062  158.37038 
104   153.73654  157.03237 
105   152.38338  153.71977 
106   151.01429  152.36442 
107   149.13516  150.97864 
108   148.76263  149.12917 
109   147.65957  148.74944 
110   146.98299  147.64883 
111   146.02159  146.97121 
112   144.98048  146.00154 
113   144.59146  144.97091 
114   143.83234  144.57896 
115   143.39349  143.82653 
116   143.31242  143.39267 
117   143.24322  143.31173 
118   142.51320  143.23450 
119   141.70288  142.50231 
120   140.34430  141.68888 
121   139.57294  140.31930 
122   139.36512  139.57077 
123   139.27521  139.36373 
124   139.13371  139.27274 
125   138.25596  139.11751 
126   136.42444  138.23546 
127   136.20208  136.42222 
128   135.78900  136.19795 
129   135.61278  135.78582 
130   135.45029  135.60868 
131   134.40406  135.43494 
132   133.05605  134.38917 
133   132.76879  133.05318 
134   132.69403  132.76734 
135   132.63674  132.69319 
136   132.07418  132.63112 
137   131.38501  132.06729 
138   131.27860  131.38394 
139   131.12291  131.27538 
140   130.98128  131.12149 
141   130.98128  130.98128 
142   129.41714  130.94885 
143   129.39015  129.41660 
144   128.20652  129.37628 
145   128.20652  128.20652 
146   126.42745  128.18306 
147   125.92977  126.42248 
148   125.21887  125.91483 
149   124.16841  125.18104 
150   123.89407  124.16345 
151   123.89407  123.89407 
152   123.81947  123.89332 
153   123.68179  123.81809 
154   123.35970  123.67819 
155   123.26606  123.35876 
156   123.03473  123.26201 
157   122.83497  123.03085 
158   122.83497  122.83497 
159   122.18435  122.82823 
160   121.31783  122.17034 
161   121.29523  121.31760 
162   120.54471  121.28773 
163   120.04847  120.53892 
164   119.92190  120.04721 
165   119.92190  119.92190 
166   119.92190  119.92190 
167   119.47056  119.91016 
168   119.47056  119.47056 
169   119.14703  119.46504 
170   118.88132  119.14208 
171   118.49466  118.87707 
172   118.18343  118.48968 
173   118.16918  118.18328 
174   117.19641  118.15945 
175   115.67111  117.17031 
176   115.03560  115.66417 
177   113.98533  115.02159 
178   113.76154  113.98310 
179   113.71202  113.76104 
180   113.29266  113.70553 
181   113.29266  113.29266 
182   113.29266  113.29266 
183   112.07698  113.28007 
184   111.81099  112.07380 
185   110.95371  111.80012 
186   110.95371  110.95371 
187   110.79396  110.95062 
188   110.55337  110.79155 
189   110.13330  110.54430 
190   109.21962  110.11843 
191   108.76631  109.21200 
192   108.72625  108.76591 
193   108.49719  108.72305 
194   108.49719  108.49719 
195   108.49719  108.49719 
196   108.18393  108.49106 
197   108.18393  108.18393 
198   107.31042  108.17520 
199   107.31042  107.31042 
200   107.31042  107.31042 
201   107.21915  107.30950 
202   107.21915  107.21915 
203   107.21915  107.21915 
204   107.21915  107.21915 
205   107.21915  107.21915 
206   107.21915  107.21915 
207   107.21915  107.21915 
208   106.38784  107.21083 
209   106.21773  106.38444 
210   106.21773  106.21773 
211   105.94980  106.21503 
212   105.37576  105.94406 
213   104.71391  105.36421 
214   104.71391  104.71391 
215   104.54943  104.71226 
216   103.94157  104.54335 
217   103.61534  103.93831 
218   103.61534  103.61534 
219   103.61534  103.61534 
220   103.61534  103.61534 
221   103.40657  103.61325 
222   103.18038  103.40431 
223   101.77669  103.16152 
224   101.29524  101.77188 
225   100.12803  101.28357 
226   99.96873   100.12343 
227   99.96873   99.96873  
228   99.89200   99.96796  
229   99.87240   99.89180  
230   99.87240   99.87240  
231   99.87240   99.87240  
232   99.87240   99.87240  
233   99.78113   99.87149  
234   99.78113   99.78113  
235   99.78113   99.78113  
236   99.76301   99.78095  
237   99.02076   99.75426  
238   99.02076   99.02076  
239   99.02076   99.02076  
240   98.86239   99.01917  
241   98.86239   98.86239  
242   98.53370   98.85910  
243   98.53370   98.53370  
244   98.53370   98.53370  
245   98.53370   98.53370  
246   98.53370   98.53370  
247   98.03171   98.52868  
248   98.03171   98.03171  
249   97.49023   98.02315  
250   97.49023   97.49023  
251   97.49023   97.49023  
252   96.82765   97.48360  
253   96.82765   96.82765  
254   96.82765   96.82765  
255   96.70748   96.82644  
256   95.36926   96.69410  
257   95.36926   95.36926  
258   95.36926   95.36926  
259   95.36826   95.36925  
260   95.36826   95.36826  
261   95.36826   95.36826  
262   95.36826   95.36826  
263   94.81780   95.35725  
264   94.81780   94.81780  
265   94.81780   94.81780  
266   94.81780   94.81780  
267   94.81780   94.81780  
268   94.50275   94.81464  
269   94.35172   94.50124  
270   94.35172   94.35172  
271   94.35172   94.35172  
272   94.31373   94.35134  
273   94.31373   94.31373  
274   93.52063   94.30580  
275   93.32281   93.51866  
276   92.98940   93.31947  
277   92.98940   92.98940  
278   92.98940   92.98940  
279   92.98940   92.98940  
280   92.98940   92.98940  
281   92.18376   92.98134  
282   92.09966   92.18292  
283   92.09966   92.09966  
284   92.09966   92.09966  
285   91.96749   92.09833  
286   91.96749   91.96749  
287   91.96749   91.96749  
288   91.96749   91.96749  
289   91.96749   91.96749  
290   91.96749   91.96749  
291   91.96749   91.96749  
292   91.72832   91.96509  
293   91.72832   91.72832  
294   91.31552   91.72419  
295   91.31552   91.31552  
296   91.31552   91.31552  
297   91.31552   91.31552  
298   91.31552   91.31552  
299   90.90428   91.31141  
300   89.64850   90.89172  
301   89.64850   89.64850  
302   89.64850   89.64850  
303   89.62271   89.64825  
304   88.54466   89.61193  
305   88.22757   88.54149  
306   88.22757   88.22757  
307   87.75572   88.22285  
308   87.40189   87.75218  
309   87.40189   87.40189  
310   87.40189   87.40189  
311   87.40189   87.40189  
312   87.13016   87.39918  
313   87.13016   87.13016  
314   87.13016   87.13016  
315   86.78633   87.12672  
316   86.70539   86.78471  
317   86.70539   86.70539  
318   86.70539   86.70539  
319   86.70539   86.70539  
320   86.70539   86.70539  
321   86.70539   86.70539  
322   86.70539   86.70539  
323   86.70539   86.70539  
324   86.70539   86.70539  
325   86.15248   86.69986  
326   86.15248   86.15248  
327   86.15248   86.15248  
328   86.15248   86.15248  
329   86.15248   86.15248  
330   86.15248   86.15248  
331   86.15248   86.15248  
332   86.15248   86.15248  
333   85.37616   86.14471  
334   85.37616   85.37616  
335   85.37616   85.37616  
336   85.37616   85.37616  
337   85.37616   85.37616  
338   85.37616   85.37616  
339   85.37616   85.37616  
340   85.37616   85.37616  
341   85.37616   85.37616  
342   85.37616   85.37616  
343   84.62364   85.36863  
344   84.62364   84.62364  
345   84.62364   84.62364  
346   84.62364   84.62364  
347   83.96305   84.61703  
348   83.96305   83.96305  
349   83.96305   83.96305  
350   83.68437   83.96003  
351   83.68437   83.68437  
352   83.68437   83.68437  
353   83.68437   83.68437  
354   83.68437   83.68437  
355   83.62319   83.68376  
356   83.62319   83.62319  
357   83.62319   83.62319  
358   83.33852   83.62035  
359   83.33852   83.33852  
360   83.33852   83.33852  
361   83.01738   83.33531  
362   83.01738   83.01738  
363   82.60414   83.01325  
364   82.35433   82.60164  
365   82.35433   82.35433  
366   82.25166   82.35330  
367   82.25166   82.25166  
368   82.25166   82.25166  
369   82.25166   82.25166  
370   82.25166   82.25166  
371   82.25166   82.25166  
372   82.25166   82.25166  
373   82.25166   82.25166  
374   82.25166   82.25166  
375   82.25166   82.25166  
376   82.25166   82.25166  
377   82.25166   82.25166  
378   82.25166   82.25166  
379   82.25166   82.25166  
380   82.25166   82.25166  
381   82.25166   82.25166  
382   82.25166   82.25166  
383   82.25166   82.25166  
384   82.25166   82.25166  
385   82.25166   82.25166  
386   82.25166   82.25166  
387   82.25166   82.25166  
388   82.25166   82.25166  
389   82.25166   82.25166  
390   82.25166   82.25166  
391   82.25166   82.25166  
392   82.18393   82.25098  
393   82.18393   82.18393  
394   82.18393   82.18393  
395   82.16041   82.18370  
396   82.16041   82.16041  
397   82.16041   82.16041  
398   82.16041   82.16041  
399   82.16041   82.16041  
400   82.16041   82.16041  
401   82.16041   82.16041  
402   82.16041   82.16041  
403   82.16041   82.16041  
404   82.16041   82.16041  
405   82.16041   82.16041  
406   82.16041   82.16041  
407   82.16041   82.16041  
408   82.16041   82.16041  
409   82.16041   82.16041  
410   82.16041   82.16041  
411   82.16041   82.16041  
412   82.10530   82.15986  
413   82.10530   82.10530  
414   82.09584   82.10520  
415   82.09584   82.09584  
416   82.09584   82.09584  
417   82.09584   82.09584  
418   82.09584   82.09584  
419   82.09584   82.09584  
420   82.09584   82.09584  
421   82.09584   82.09584  
422   82.09584   82.09584  
423   82.09584   82.09584  
424   82.09584   82.09584  
425   82.09584   82.09584  
426   81.98466   82.09473  
427   81.98466   81.98466  
428   81.98466   81.98466  
429   81.98466   81.98466  
430   81.98466   81.98466  
431   81.98466   81.98466  
432   81.98466   81.98466  
433   81.98466   81.98466  
434   81.98466   81.98466  
435   81.98466   81.98466  
436   81.98466   81.98466  
437   81.98466   81.98466  
438   81.98466   81.98466  
439   81.98466   81.98466  
440   81.98466   81.98466  
441   81.98466   81.98466  
442   81.98466   81.98466  
443   81.98466   81.98466  
444   81.98466   81.98466  
445   81.98466   81.98466  
446   81.98466   81.98466  
447   81.98466   81.98466  
448   81.98466   81.98466  
449   81.98466   81.98466  
450   81.98466   81.98466  
451   81.98466   81.98466  
452   81.98466   81.98466  
453   81.98466   81.98466  
454   81.98466   81.98466  
455   81.98466   81.98466  
456   81.98466   81.98466  
457   81.98466   81.98466  
458   81.67697   81.98158  
459   81.67697   81.67697  
460   81.67697   81.67697  
461   81.67697   81.67697  
462   81.67697   81.67697  
463   81.67697   81.67697  
464   81.67626   81.67696  
465   81.67626   81.67626  
466   81.67626   81.67626  
467   81.67626   81.67626  
468   81.67626   81.67626  
469   81.67626   81.67626  
470   81.67626   81.67626  
471   81.67626   81.67626  
472   81.67626   81.67626  
473   81.67626   81.67626  
474   81.67626   81.67626  
475   81.67626   81.67626  
476   81.67626   81.67626  
477   81.67626   81.67626  
478   81.67626   81.67626  
479   81.67626   81.67626  
480   81.67626   81.67626  
481   81.67626   81.67626  
482   81.67626   81.67626  
483   81.67626   81.67626  
484   81.67626   81.67626  
485   81.67626   81.67626  
486   81.67626   81.67626  
487   81.67626   81.67626  
488   81.67626   81.67626  
489   81.67626   81.67626  
490   81.67626   81.67626  
491   81.67626   81.67626  
492   81.67626   81.67626  
493   81.67626   81.67626  
494   81.67626   81.67626  
495   81.67626   81.67626  
496   81.67626   81.67626  
497   81.62076   81.67571  
498   81.62076   81.62076  
499   81.62076   81.62076  
