0     455.48389  491.63334 
1     455.48389  491.63334 
2     444.06437  455.13774 
3     434.14217  444.85307 
4     421.29538  434.56233 
5     405.56097  421.21617 
6     397.59631  409.44237 
7     391.34844  397.85997 
8     380.90966  391.28684 
9     371.00973  382.24821 
10    368.90786  373.50390 
11    363.77748  368.98419 
12    358.48394  364.84514 
13    353.48470  359.60460 
14    346.17389  353.33665 
15    341.29991  347.07348 
16    338.77629  342.95487 
17    332.94206  338.65414 
18    325.20363  333.95115 
19    321.39409  326.35318 
20    316.75637  321.87068 
21    314.54339  317.11808 
22    314.17004  314.76521 
23    309.32485  314.08220 
24    307.15848  310.15832 
25    302.90916  307.05366 
26    300.50420  303.97171 
27    298.73231  300.90864 
28    293.38274  299.31042 
29    291.98713  294.54619 
30    290.72007  292.03582 
31    279.06616  290.78082 
32    274.87303  283.62830 
33    274.69022  276.05404 
34    270.24136  274.64881 
35    268.41419  270.90345 
36    266.45152  268.44617 
37    264.00471  266.66261 
38    258.11570  264.52254 
39    255.27924  258.72631 
40    250.65490  256.37555 
41    249.34477  252.39990 
42    247.79241  249.72637 
43    247.31754  248.18851 
44    244.90992  247.45443 
45    243.41926  245.38883 
46    240.54575  243.63404 
47    237.98103  241.16031 
48    236.61876  238.30122 
49    236.42953  237.05591 
50    234.78075  236.40682 
51    234.46359  235.00226 
52    232.37478  234.57527 
53    230.03990  232.86106 
54    230.03990  230.76175 
55    228.82763  230.01674 
56    225.77760  228.98254 
57    225.04861  226.95275 
58    222.80791  225.11353 
59    222.12495  223.34599 
60    220.79038  222.30154 
61    217.07944  221.36628 
62    216.16738  217.90197 
63    214.99620  216.43227 
64    214.10789  215.07053 
65    210.90821  214.22004 
66    210.11792  211.89504 
67    206.17139  210.32438 
68    205.75459  207.28960 
69    205.39726  205.89080 
70    203.83254  205.41898 
71    188.76444  204.06686 
72    186.67656  193.68788 
73    186.04327  187.03015 
74    185.24972  186.23769 
75    184.07558  185.48457 
76    183.42923  184.45427 
77    183.42923  183.74544 
78    180.74642  183.38829 
79    180.56035  181.66375 
80    178.46456  180.57299 
81    178.46456  178.74648 
82    176.90570  178.44437 
83    175.64048  177.48648 
84    175.64048  175.70735 
85    174.76452  175.61042 
86    174.16526  174.90561 
87    172.71965  174.36201 
88    167.67951  173.29050 
89    165.93310  169.09445 
90    165.67247  166.56393 
91    165.08997  165.76882 
92    164.16358  165.17861 
93    163.54768  164.22996 
94    163.24052  163.80093 
95    161.95187  163.30419 
96    161.95187  162.26515 
97    161.86261  161.94914 
98    160.01446  161.82216 
99    159.28906  160.25561 
100   157.44735  159.58214 
101   157.38583  158.14024 
102   156.27577  157.38070 
103   155.85546  156.56024 
104   155.73817  156.05340 
105   155.57587  155.78875 
106   154.59679  155.60689 
107   153.37832  154.78643 
108   152.06756  153.80212 
109   151.51231  152.27690 
110   151.11280  151.53903 
111   149.48657  151.16744 
112   148.68599  149.94188 
113   148.42236  148.81019 
114   148.05265  148.50557 
115   147.70613  148.24604 
116   146.86022  147.74333 
117   146.86022  147.18008 
118   146.41979  146.85255 
119   146.13543  146.54393 
120   145.78116  146.24638 
121   145.63279  145.96124 
122   144.11419  145.68506 
123   143.83459  144.72942 
124   142.41479  143.93242 
125   141.89843  142.52388 
126   140.78837  141.93943 
127   140.78837  141.31701 
128   140.41951  140.78041 
129   140.32983  140.45991 
130   139.30342  140.34557 
131   136.91925  139.56886 
132   135.30257  137.92924 
133   135.30257  135.87390 
134   133.97432  135.28866 
135   133.77017  134.43588 
136   133.46174  133.84218 
137   133.07835  133.48977 
138   132.72717  133.19126 
139   132.61690  132.85328 
140   132.26511  132.62757 
141   127.27651  132.39556 
142   127.27651  128.32225 
143   126.83126  127.27193 
144   126.10568  127.04608 
145   125.85646  126.27780 
146   125.65679  125.96125 
147   125.65679  125.77069 
148   124.98498  125.64969 
149   124.79486  125.27557 
150   124.79486  124.88170 
151   122.47956  124.77150 
152   122.19711  123.37414 
153   121.31924  122.28573 
154   121.31924  121.55712 
155   120.57891  121.31067 
156   120.29104  120.86233 
157   120.29104  120.40984 
158   120.29104  120.29104 
159   120.29104  120.29104 
160   119.50266  120.28261 
161   114.19174  119.77739 
162   114.19174  116.71044 
163   113.79988  114.18782 
164   113.64773  113.96862 
165   113.50956  113.69960 
166   113.35741  113.57315 
167   113.35741  113.41442 
168   112.85557  113.35004 
169   112.24941  112.95396 
170   111.94098  112.41033 
171   111.84790  112.07336 
172   111.02441  111.89089 
173   110.83428  111.28392 
174   110.59436  110.89223 
175   110.40661  110.70669 
176   110.40661  110.48106 
177   110.00510  110.39985 
178   110.00510  110.12058 
179   110.00510  110.00510 
180   109.96367  110.00469 
181   109.95949  109.98353 
182   109.87735  109.96043 
183   109.86155  109.92004 
184   109.86155  109.86721 
185   109.86155  109.86155 
186   109.80985  109.86103 
187   108.90931  109.82210 
188   108.59783  109.32204 
189   108.38778  108.74673 
190   107.71295  108.49504 
191   107.71295  108.04570 
192   107.71295  107.71295 
193   107.50290  107.70599 
194   107.45729  107.50313 
195   107.13450  107.47248 
196   105.95885  107.30121 
197   105.95885  106.51810 
198   105.62086  105.95393 
199   105.44867  105.71156 
200   105.06677  105.45248 
201   105.06677  105.23001 
202   104.75879  105.06323 
203   104.67190  104.86745 
204   104.67190  104.70689 
205   104.67190  104.67190 
206   104.34156  104.66123 
207   104.34156  104.37163 
208   104.31380  104.34128 
209   104.31380  104.32685 
210   103.97881  104.30507 
211   102.08957  104.00081 
212   102.08957  102.80815 
213   101.51428  102.08381 
214   101.51428  101.77053 
215   101.22243  101.51136 
216   101.22243  101.34872 
217   100.88954  101.21824 
218   100.71521  101.00914 
219   100.71521  100.78494 
220   100.06187  100.70840 
221   100.06187  100.25580 
222   100.03412  100.06160 
223   99.79411   100.04356 
224   99.03574   99.90173  
225   99.03574   99.35599  
226   98.87160   99.03409  
227   98.76333   98.94647  
228   98.76333   98.79730  
229   98.73557   98.76305  
230   98.67701   98.74664  
231   98.56586   98.69707  
232   98.03046   98.57630  
233   97.91927   98.22174  
234   97.91927   97.97197  
235   97.61155   97.91468  
236   97.61155   97.70361  
237   97.61155   97.61155  
238   96.43519   97.59828  
239   96.43519   96.98079  
240   96.43519   96.43519  
241   88.05948   96.35144  
242   88.05948   91.37156  
243   87.98662   88.05874  
244   87.35029   88.00373  
245   87.09370   87.52111  
246   87.09370   87.16150  
247   86.69307   87.08864  
248   86.44273   86.89020  
249   86.44273   86.55038  
250   86.36987   86.44150  
251   86.36987   86.39492  
252   86.36987   86.36987  
253   86.30013   86.36855  
254   86.30013   86.31165  
255   86.23840   86.29951  
256   86.23840   86.27173  
257   86.23840   86.23840  
258   86.23840   86.23840  
259   86.23840   86.23840  
260   86.23840   86.23840  
261   86.23840   86.23840  
262   86.23840   86.23840  
263   86.23840   86.23840  
264   86.23840   86.23840  
265   85.50877   86.23110  
266   85.50877   85.84162  
267   85.50877   85.50877  
268   85.50877   85.50877  
269   85.50877   85.50877  
270   85.50877   85.50877  
271   84.12541   85.49494  
272   84.01423   84.69493  
273   84.01423   84.07093  
274   84.01423   84.01423  
275   83.86320   84.01121  
276   83.30127   83.88118  
277   83.30127   83.31416  
278   83.30127   83.30127  
279   83.30127   83.30127  
280   83.30127   83.30127  
281   83.30127   83.30127  
282   83.30127   83.30127  
283   83.30127   83.30127  
284   82.96387   83.29790  
285   82.96387   83.11863  
286   82.96387   82.96387  
287   82.96387   82.96387  
288   82.91997   82.96343  
289   82.91997   82.94104  
290   82.91997   82.91997  
291   82.73701   82.91814  
292   82.73701   82.82300  
293   82.73701   82.73701  
294   82.73701   82.73701  
295   82.73701   82.73701  
296   82.73701   82.73701  
297   82.50736   82.73359  
298   82.50736   82.56793  
299   82.50736   82.50736  
300   82.50736   82.50736  
301   82.50736   82.50736  
302   82.50736   82.50736  
303   82.50736   82.50736  
304   82.32016   82.50549  
305   82.32016   82.41376  
306   81.60150   82.31298  
307   81.60150   81.85654  
308   81.21768   81.59766  
309   81.21768   81.34923  
310   81.21768   81.21768  
311   81.21768   81.21768  
312   81.21768   81.21768  
313   81.21768   81.21768  
314   81.21768   81.21768  
315   81.21768   81.21768  
316   80.74029   81.21290  
317   80.74029   80.90592  
318   80.69187   80.73981  
319   80.69187   80.71366  
320   80.69187   80.69187  
321   80.69187   80.69187  
322   80.69187   80.69187  
323   80.69187   80.69187  
324   80.69187   80.69187  
325   80.67196   80.69167  
326   80.67196   80.68052  
327   80.26179   80.66786  
328   80.26179   80.40525  
329   80.26179   80.26179  
330   80.26179   80.26179  
331   80.26179   80.26179  
332   80.26179   80.26179  
333   80.26179   80.26179  
334   80.26179   80.26179  
335   80.26179   80.26179  
336   80.17700   80.26094  
337   80.04343   80.20789  
338   80.04343   80.10220  
339   80.04343   80.04343  
340   80.04343   80.04343  
341   80.04343   80.04343  
342   80.04343   80.04343  
343   80.04343   80.04343  
344   80.04343   80.04343  
345   80.04343   80.04343  
346   80.04343   80.04343  
347   80.04343   80.04343  
348   79.42491   80.03725  
349   79.42491   79.73633  
350   79.41837   79.42485  
351   78.34277   79.41030  
352   78.34277   78.78951  
353   78.34277   78.34277  
354   78.34277   78.34277  
355   78.34277   78.34277  
356   78.34277   78.34277  
357   77.64672   78.33581  
358   77.64672   77.98234  
359   77.64672   77.64672  
360   77.64672   77.64672  
361   77.64672   77.64672  
362   77.64672   77.64672  
363   77.64511   77.64671  
364   77.64511   77.64592  
365   77.64511   77.64511  
366   77.64511   77.64511  
367   77.44622   77.64312  
368   77.44622   77.55163  
369   77.44622   77.44622  
370   77.44622   77.44622  
371   77.44622   77.44622  
372   77.44622   77.44622  
373   77.44622   77.44622  
374   77.44622   77.44622  
375   77.21899   77.44167  
376   77.21899   77.22581  
377   77.21899   77.21899  
378   77.18617   77.21867  
379   77.18617   77.20160  
380   77.18617   77.18617  
381   77.12186   77.18553  
382   77.12186   77.15016  
383   77.12186   77.12186  
384   77.12186   77.12186  
385   77.12186   77.12186  
386   76.89464   77.11959  
387   76.89464   76.99671  
388   76.89464   76.89464  
389   76.89464   76.89464  
390   76.89464   76.89464  
391   76.89464   76.89464  
392   76.89464   76.89464  
393   76.89464   76.89464  
394   76.70667   76.89276  
395   76.70667   76.80063  
396   76.68855   76.70649  
397   76.68855   76.69598  
398   76.68855   76.68855  
399   76.68855   76.68855  
400   76.68855   76.68855  
401   76.68855   76.68855  
402   76.68855   76.68855  
403   76.68855   76.68855  
404   76.65005   76.68817  
405   76.65005   76.66661  
406   76.65005   76.65005  
407   76.65005   76.65005  
408   76.65005   76.65005  
409   76.65005   76.65005  
410   76.65005   76.65005  
411   76.65005   76.65005  
412   76.65005   76.65005  
413   76.65005   76.65005  
414   76.65005   76.65005  
415   76.65005   76.65005  
416   76.65005   76.65005  
417   76.65005   76.65005  
418   76.65005   76.65005  
419   76.32149   76.64676  
420   76.32149   76.45949  
421   76.32149   76.32149  
422   76.32149   76.32149  
423   76.32149   76.32149  
424   76.32149   76.32149  
425   76.32149   76.32149  
426   76.32149   76.32149  
427   76.32149   76.32149  
428   76.32149   76.32149  
429   76.32149   76.32149  
430   76.32149   76.32149  
431   76.32149   76.32149  
432   76.32149   76.32149  
433   76.32149   76.32149  
434   76.32149   76.32149  
435   76.32149   76.32149  
436   76.32149   76.32149  
437   76.32149   76.32149  
438   76.32149   76.32149  
439   76.32149   76.32149  
440   76.32149   76.32149  
441   76.32149   76.32149  
442   76.32149   76.32149  
443   76.32149   76.32149  
444   76.32149   76.32149  
445   76.32149   76.32149  
446   76.32149   76.32149  
447   76.32149   76.32149  
448   76.32149   76.32149  
449   76.32149   76.32149  
450   76.32149   76.32149  
451   76.00219   76.31830  
452   76.00219   76.14023  
453   76.00219   76.00219  
454   76.00219   76.00219  
455   75.71060   75.99928  
456   75.71060   75.81727  
457   75.71060   75.71060  
458   75.67425   75.71024  
459   75.66491   75.69088  
460   75.66491   75.66874  
461   75.66491   75.66491  
462   75.66491   75.66491  
463   75.66491   75.66491  
464   75.66491   75.66491  
465   75.66491   75.66491  
466   75.66491   75.66491  
467   75.66491   75.66491  
468   75.66491   75.66491  
469   75.66491   75.66491  
470   75.66491   75.66491  
471   75.66491   75.66491  
472   75.66491   75.66491  
473   75.66491   75.66491  
474   75.66491   75.66491  
475   75.66491   75.66491  
476   75.66491   75.66491  
477   75.66491   75.66491  
478   75.66491   75.66491  
479   75.66491   75.66491  
480   75.66491   75.66491  
481   75.66491   75.66491  
482   75.66491   75.66491  
483   75.66491   75.66491  
484   75.66491   75.66491  
485   75.66491   75.66491  
486   75.66491   75.66491  
487   75.66491   75.66491  
488   75.66491   75.66491  
489   75.66491   75.66491  
490   75.66491   75.66491  
491   75.45883   75.66285  
492   75.45883   75.55301  
493   75.45883   75.45883  
494   75.45883   75.45883  
495   75.45883   75.45883  
496   75.45883   75.45883  
497   75.45883   75.45883  
498   75.45883   75.45883  
499   75.45883   75.45883  
