0     455.48389  491.63334 
1     455.48389  491.63334 
2     451.21180  455.52367 
3     440.36859  450.95357 
4     433.77369  441.18571 
5     424.72927  433.97293 
6     416.53630  425.46680 
7     409.88552  417.88663 
8     397.94110  409.91210 
9     391.23800  400.47090 
10    387.48646  392.36267 
11    376.34972  387.58483 
12    371.70507  378.68469 
13    369.19772  372.01433 
14    363.68666  368.99182 
15    356.62469  364.05662 
16    349.89946  358.64815 
17    347.23286  351.77262 
18    345.76478  347.47872 
19    342.98497  345.80584 
20    335.80077  343.21610 
21    324.23551  336.58504 
22    322.65585  327.47793 
23    316.70190  323.00650 
24    315.66115  318.31864 
25    311.45691  315.76020 
26    307.89125  312.57980 
27    305.45394  308.26691 
28    300.21065  305.35809 
29    298.46595  300.76289 
30    295.16770  298.46062 
31    290.54727  295.78276 
32    288.11819  291.43965 
33    282.80052  288.14288 
34    280.62319  283.73514 
35    274.62189  280.60403 
36    273.96256  276.06663 
37    267.88913  273.93653 
38    266.05483  268.92788 
39    257.67732  266.18606 
40    255.82512  259.21959 
41    253.82816  255.77325 
42    252.09867  253.95291 
43    251.08666  252.12263 
44    249.95062  251.15527 
45    248.96859  250.08443 
46    246.98224  249.03152 
47    244.92569  247.30995 
48    243.89775  245.68548 
49    242.13460  244.22371 
50    242.13460  242.75206 
51    240.18064  242.11144 
52    236.99344  240.91323 
53    235.03644  237.78617 
54    233.10716  235.35088 
55    230.19234  233.58821 
56    227.25079  230.79356 
57    225.13718  227.60112 
58    223.37374  225.73600 
59    222.90833  223.67523 
60    220.82066  222.90941 
61    211.87932  220.80360 
62    210.86007  214.86737 
63    208.23476  211.00549 
64    207.75126  209.24192 
65    199.58622  207.84513 
66    195.87715  201.45420 
67    193.95791  196.47478 
68    193.50360  194.52672 
69    192.69553  193.65450 
70    191.41242  193.02345 
71    189.31178  191.69373 
72    189.31178  190.10738 
73    188.03369  189.29247 
74    187.85495  188.48291 
75    185.52915  187.88154 
76    183.88284  186.45800 
77    183.17181  184.02310 
78    182.58866  183.31777 
79    181.46925  182.64106 
80    179.58276  181.53524 
81    179.58276  180.11933 
82    178.34163  179.55649 
83    178.34163  178.55321 
84    177.30088  178.31198 
85    176.66468  177.40751 
86    175.01838  176.74027 
87    173.97529  175.53167 
88    173.97529  174.31715 
89    170.72450  173.92876 
90    169.40693  171.82785 
91    168.46674  169.81879 
92    168.09911  168.80096 
93    167.13779  168.12255 
94    166.55323  167.32838 
95    165.85163  166.77084 
96    165.85163  166.08645 
97    165.79507  165.85106 
98    164.95579  165.79808 
99    164.49938  165.03279 
100   163.68954  164.56678 
101   157.19202  163.95698 
102   155.91147  159.46400 
103   152.86630  155.90341 
104   152.86630  154.10029 
105   152.04234  152.85170 
106   150.19927  152.23275 
107   150.07633  150.61513 
108   147.75742  150.07136 
109   146.59148  148.05628 
110   145.73191  146.84062 
111   145.69912  146.01896 
112   145.16692  145.69904 
113   143.73604  145.20080 
114   143.73604  143.93411 
115   143.41112  143.73013 
116   143.41112  143.50750 
117   142.87947  143.39865 
118   142.71844  142.93927 
119   141.10177  142.71875 
120   141.10177  141.70545 
121   138.45343  141.05741 
122   138.05398  139.31916 
123   137.59854  138.13616 
124   137.16295  137.75344 
125   135.95042  137.31834 
126   135.89356  136.21695 
127   135.06083  135.89147 
128   134.04911  135.12289 
129   133.51291  134.39093 
130   133.14271  133.63538 
131   133.14271  133.27317 
132   130.82476  133.09987 
133   130.81141  131.49700 
134   129.62060  130.79651 
135   129.62060  129.84601 
136   129.21846  129.61658 
137   128.28704  129.37019 
138   127.74458  128.42111 
139   127.74458  127.97274 
140   127.32487  127.73485 
141   127.32487  127.40902 
142   126.49214  127.31088 
143   125.37948  126.56832 
144   125.22733  125.73172 
145   121.73391  125.22758 
146   121.73391  122.92404 
147   121.16745  121.72502 
148   121.16745  121.28659 
149   120.12654  121.15704 
150   119.59407  120.58116 
151   119.59407  119.75700 
152   119.10827  119.58578 
153   118.96909  119.15954 
154   118.71721  119.03866 
155   118.71721  118.82346 
156   117.32576  118.69065 
157   115.60171  117.59350 
158   115.40097  116.23520 
159   114.52752  115.47925 
160   114.20509  114.77203 
161   114.20509  114.34249 
162   113.76649  114.20070 
163   113.26171  113.95853 
164   111.98242  113.40221 
165   111.83027  112.46641 
166   111.22411  111.84171 
167   111.03398  111.35924 
168   110.64212  111.12132 
169   110.20939  110.73074 
170   110.20939  110.39115 
171   110.20939  110.20939 
172   109.87848  110.20524 
173   109.48719  109.99363 
174   109.48719  109.60789 
175   109.17876  109.48410 
176   108.92719  109.31711 
177   108.11870  109.01700 
178   108.11870  108.52078 
179   108.11870  108.11870 
180   108.11870  108.11870 
181   108.11870  108.11870 
182   107.15633  108.10600 
183   107.15633  107.55141 
184   107.15633  107.15633 
185   106.65155  107.15128 
186   106.65155  106.83590 
187   106.56523  106.65027 
188   105.97747  106.58112 
189   105.97747  106.00487 
190   105.97747  105.97747 
191   105.93603  105.97678 
192   105.81299  105.94629 
193   105.81299  105.87451 
194   104.82206  105.79164 
195   104.17060  104.88880 
196   104.17060  104.44507 
197   103.98047  104.16818 
198   103.84858  104.04576 
199   103.79583  103.88873 
200   103.60570  103.82333 
201   103.60570  103.66318 
202   103.60570  103.60570 
203   103.34906  103.60079 
204   103.33904  103.42755 
205   102.47762  103.33544 
206   102.47762  102.88975 
207   102.47762  102.47762 
208   101.83461  102.47000 
209   101.79317  102.05609 
210   101.63420  101.80784 
211   101.63420  101.67677 
212   101.63420  101.63420 
213   101.63420  101.63420 
214   101.63420  101.63420 
215   101.23240  101.62913 
216   101.23240  101.39121 
217   100.20184  101.22210 
218   99.59857   100.61259 
219   99.59857   99.73270  
220   99.57073   99.59829  
221   95.35766   99.53918  
222   95.35766   96.68276  
223   95.35766   95.35766  
224   95.35766   95.35766  
225   95.35766   95.35766  
226   95.18209   95.35590  
227   95.18209   95.26110  
228   95.18209   95.18209  
229   94.58966   95.17617  
230   94.57154   94.87061  
231   92.55536   94.55953  
232   92.51620   93.40198  
233   91.82573   92.52848  
234   91.82573   92.13885  
235   91.82573   91.82573  
236   91.82573   91.82573  
237   91.53906   91.82286  
238   91.53906   91.68987  
239   91.53906   91.53906  
240   91.53906   91.53906  
241   91.12149   91.53489  
242   90.39186   91.32451  
243   90.39186   90.73641  
244   90.39186   90.39186  
245   90.39186   90.39186  
246   90.39186   90.39186  
247   90.36932   90.39163  
248   90.36932   90.37991  
249   90.27490   90.36818  
250   90.27490   90.31811  
251   88.88324   90.25653  
252   88.88324   89.35234  
253   88.88324   88.88324  
254   88.88324   88.88324  
255   88.88324   88.88324  
256   88.82488   88.88266  
257   88.62429   88.85673  
258   88.57860   88.69820  
259   88.47411   88.59825  
260   88.47411   88.51695  
261   87.37056   88.46308  
262   87.37056   87.87476  
263   87.37056   87.37056  
264   87.37056   87.37056  
265   87.37056   87.37056  
266   87.25213   87.36937  
267   86.73278   87.30067  
268   86.68889   86.96633  
269   86.57683   86.70796  
270   86.45841   86.62607  
271   83.73100   86.49745  
272   83.73100   84.78464  
273   83.73100   83.73100  
274   83.73100   83.73100  
275   83.73100   83.73100  
276   83.73100   83.73100  
277   83.73100   83.73100  
278   83.73100   83.73100  
279   83.73100   83.73100  
280   83.73100   83.73100  
281   83.71060   83.73080  
282   83.37679   83.71624  
283   83.37679   83.52033  
284   83.37679   83.37679  
285   83.37679   83.37679  
286   83.26561   83.37568  
287   83.26561   83.32342  
288   83.26561   83.26561  
289   83.26561   83.26561  
290   83.26561   83.26561  
291   83.26561   83.26561  
292   83.11458   83.26410  
293   83.11458   83.16291  
294   83.11458   83.11458  
295   83.10224   83.11445  
296   83.10224   83.10705  
297   83.10224   83.10224  
298   83.10224   83.10224  
299   83.10224   83.10224  
300   83.10224   83.10224  
301   82.98415   83.10105  
302   82.98415   83.03729  
303   82.98415   82.98415  
304   82.98415   82.98415  
305   82.98415   82.98415  
306   82.98415   82.98415  
307   82.98415   82.98415  
308   82.67936   82.98111  
309   82.67936   82.81159  
310   82.67936   82.67936  
311   81.21768   82.66474  
312   81.21768   81.75130  
313   81.21768   81.21768  
314   81.21768   81.21768  
315   81.21768   81.21768  
316   81.16926   81.21719  
317   81.16926   81.18814  
318   81.16926   81.16926  
319   81.16926   81.16926  
320   81.16926   81.16926  
321   80.80346   81.16560  
322   80.80346   80.92448  
323   80.80346   80.80346  
324   80.80346   80.80346  
325   79.93807   80.79364  
326   79.93807   80.24452  
327   79.93807   79.93807  
328   79.93807   79.93807  
329   79.93807   79.93807  
330   79.93807   79.93807  
331   79.93807   79.93807  
332   79.93807   79.93807  
333   79.93807   79.93807  
334   79.93807   79.93807  
335   79.93807   79.93807  
336   79.93807   79.93807  
337   79.93807   79.93807  
338   79.93807   79.93807  
339   79.93807   79.93807  
340   79.93807   79.93807  
341   78.34277   79.92212  
342   78.34277   79.00853  
343   78.34277   78.34277  
344   78.34277   78.34277  
345   78.34277   78.34277  
346   78.34277   78.34277  
347   78.34277   78.34277  
348   78.34277   78.34277  
349   78.34277   78.34277  
350   78.34277   78.34277  
351   78.34277   78.34277  
352   78.34277   78.34277  
353   78.34277   78.34277  
354   78.34277   78.34277  
355   78.34277   78.34277  
356   78.34277   78.34277  
357   78.34277   78.34277  
358   78.34277   78.34277  
359   78.34277   78.34277  
360   78.34277   78.34277  
361   77.64672   78.33581  
362   77.64672   77.94351  
363   77.64672   77.64672  
364   77.64672   77.64672  
365   77.64672   77.64672  
366   77.64672   77.64672  
367   77.64672   77.64672  
368   77.64672   77.64672  
369   77.64672   77.64672  
370   77.64672   77.64672  
371   77.64672   77.64672  
372   77.64672   77.64672  
373   77.64672   77.64672  
374   77.64672   77.64672  
375   77.64672   77.64672  
376   77.64672   77.64672  
377   77.64672   77.64672  
378   77.64672   77.64672  
379   77.64672   77.64672  
380   77.64672   77.64672  
381   77.64672   77.64672  
382   77.64672   77.64672  
383   77.64672   77.64672  
384   77.64672   77.64672  
385   77.64672   77.64672  
386   77.64672   77.64672  
387   77.64672   77.64672  
388   77.64672   77.64672  
389   77.64672   77.64672  
390   77.64672   77.64672  
391   77.48517   77.64511  
392   77.48517   77.59132  
393   77.25795   77.48290  
394   77.25795   77.36843  
395   77.25795   77.25795  
396   77.25795   77.25795  
397   77.25795   77.25795  
398   77.25795   77.25795  
399   77.25795   77.25795  
400   77.25795   77.25795  
401   77.25795   77.25795  
402   77.25795   77.25795  
403   77.25795   77.25795  
404   77.25795   77.25795  
405   77.25795   77.25795  
406   77.25795   77.25795  
407   77.25795   77.25795  
408   77.25795   77.25795  
409   77.25795   77.25795  
410   77.25795   77.25795  
411   76.50899   77.25046  
412   76.50899   76.91723  
413   76.50899   76.50899  
414   76.50899   76.50899  
415   76.50899   76.50899  
416   76.50899   76.50899  
417   76.50899   76.50899  
418   76.50899   76.50899  
419   76.50899   76.50899  
420   76.50899   76.50899  
421   76.32149   76.50711  
422   76.32149   76.42087  
423   76.32149   76.32149  
424   76.32149   76.32149  
425   76.32149   76.32149  
426   76.32149   76.32149  
427   76.32149   76.32149  
428   76.32149   76.32149  
429   76.32149   76.32149  
430   76.32149   76.32149  
431   76.32149   76.32149  
432   76.32149   76.32149  
433   76.32149   76.32149  
434   76.23895   76.32067  
435   76.23895   76.27373  
436   76.23895   76.23895  
437   76.23895   76.23895  
438   76.23895   76.23895  
439   76.23895   76.23895  
440   76.23895   76.23895  
441   76.23895   76.23895  
442   76.23895   76.23895  
443   76.23895   76.23895  
444   76.23895   76.23895  
445   76.23895   76.23895  
446   76.23895   76.23895  
447   76.23895   76.23895  
448   76.23895   76.23895  
449   76.23895   76.23895  
450   76.23895   76.23895  
451   76.00219   76.23659  
452   76.00219   76.08506  
453   76.00219   76.00219  
454   76.00219   76.00219  
455   76.00219   76.00219  
456   76.00219   76.00219  
457   76.00219   76.00219  
458   76.00219   76.00219  
459   76.00219   76.00219  
460   76.00219   76.00219  
461   76.00219   76.00219  
462   76.00219   76.00219  
463   76.00219   76.00219  
464   76.00219   76.00219  
465   76.00219   76.00219  
466   76.00219   76.00219  
467   76.00219   76.00219  
468   76.00219   76.00219  
469   76.00219   76.00219  
470   76.00219   76.00219  
471   75.68507   75.99902  
472   75.68507   75.83098  
473   75.68507   75.68507  
474   75.39348   75.68215  
475   75.34779   75.53379  
476   75.34779   75.36698  
477   75.34779   75.34779  
478   75.34779   75.34779  
479   75.34779   75.34779  
480   75.34779   75.34779  
481   75.34779   75.34779  
482   75.34779   75.34779  
483   75.34779   75.34779  
484   75.34779   75.34779  
485   75.34779   75.34779  
486   75.34779   75.34779  
487   75.34779   75.34779  
488   75.34779   75.34779  
489   75.34779   75.34779  
490   75.34779   75.34779  
491   75.34779   75.34779  
492   75.34779   75.34779  
493   75.34779   75.34779  
494   75.34779   75.34779  
495   75.34779   75.34779  
496   75.34779   75.34779  
497   75.34779   75.34779  
498   75.34779   75.34779  
499   75.34779   75.34779  
