0     455.48389  491.63334 
1     455.48389  491.63334 
2     447.16293  454.98241 
3     435.71728  446.56398 
4     428.54877  435.44479 
5     421.55101  427.91443 
6     413.13413  421.28333 
7     404.53844  412.62558 
8     394.49391  404.25067 
9     385.99722  394.00443 
10    379.11353  385.62775 
11    372.25819  378.71176 
12    368.22720  372.08698 
13    361.99198  367.96747 
14    355.30216  361.71153 
15    342.82805  355.05010 
16    337.19431  342.65205 
17    332.40739  337.05144 
18    326.33802  332.12178 
19    321.35560  326.10639 
20    316.15354  321.11194 
21    309.45670  315.91864 
22    306.98779  309.29010 
23    302.96405  306.67281 
24    298.08455  302.74167 
25    293.17510  297.94158 
26    291.02271  293.11088 
27    287.99476  290.94160 
28    281.84587  287.75205 
29    279.62089  281.75616 
30    272.83598  279.43767 
31    271.11609  272.73007 
32    268.02941  270.96374 
33    265.73925  267.96527 
34    264.35958  265.70210 
35    259.92696  264.22828 
36    256.64311  259.83252 
37    249.55018  256.49200 
38    244.05273  249.41613 
39    242.23469  243.99071 
40    240.58591  242.18422 
41    238.54728  240.53744 
42    237.14629  238.50635 
43    235.67451  237.06021 
44    232.80856  235.60788 
45    229.60668  232.72083 
46    227.45729  229.58221 
47    225.37211  227.41142 
48    224.85776  225.36306 
49    223.83545  224.83019 
50    222.45515  223.78385 
51    221.20048  222.42311 
52    216.53779  221.08828 
53    215.29109  216.51539 
54    211.44981  215.20922 
55    210.88448  211.43999 
56    210.03000  210.86673 
57    208.63712  210.00168 
58    207.59486  208.60079 
59    206.36403  207.55627 
60    204.94360  206.31546 
61    203.39160  204.90293 
62    201.50621  203.34396 
63    200.18614  201.49301 
64    199.27946  200.15054 
65    193.73542  199.17224 
66    192.90183  193.71766 
67    191.73251  192.89001 
68    190.30867  191.70181 
69    190.00234  190.30254 
70    189.51053  189.98730 
71    187.95635  189.49480 
72    186.41063  187.92903 
73    184.04163  186.37578 
74    182.25381  184.02309 
75    180.76477  182.23150 
76    179.37356  180.74017 
77    178.65132  179.34880 
78    177.08428  178.60354 
79    176.60434  177.07619 
80    176.15098  176.59447 
81    176.15098  176.15098 
82    175.78321  176.14423 
83    175.36905  175.77596 
84    174.51512  175.34775 
85    174.47862  174.51428 
86    173.31809  174.46510 
87    172.79293  173.31229 
88    168.43814  172.73773 
89    167.89633  168.42695 
90    167.75424  167.89436 
91    166.56790  167.73459 
92    165.66827  166.55070 
93    164.43065  165.64806 
94    163.22428  164.41048 
95    162.93140  163.21435 
96    162.40839  162.92340 
97    161.85548  162.39225 
98    161.12331  161.83459 
99    158.06897  161.09114 
100   153.03254  157.97514 
101   152.98955  153.03211 
102   151.96104  152.97646 
103   150.89282  151.94902 
104   149.92030  150.88118 
105   149.72766  149.91837 
106   148.77204  149.70245 
107   147.60882  148.74616 
108   146.06954  147.57401 
109   145.77209  146.06079 
110   145.02216  145.74122 
111   144.37346  144.99478 
112   143.96714  144.36940 
113   143.10339  143.94843 
114   141.64920  143.08065 
115   141.39333  141.64397 
116   141.03217  141.38740 
117   140.37644  141.02075 
118   139.55050  140.36029 
119   139.23898  139.54542 
120   137.96309  139.22622 
121   136.97216  137.95318 
122   136.36462  136.95923 
123   136.08722  136.36133 
124   136.08722  136.08722 
125   134.77868  136.07403 
126   134.38391  134.77249 
127   133.89752  134.37534 
128   133.74488  133.89599 
129   133.74488  133.74488 
130   133.51977  133.74263 
131   133.32880  133.51786 
132   133.32880  133.32880 
133   133.20783  133.32696 
134   133.12305  133.20699 
135   132.57803  133.11760 
136   131.92076  132.57135 
137   131.63963  131.91795 
138   131.24974  131.63183 
139   131.24974  131.24974 
140   131.20407  131.24928 
141   127.75174  131.15315 
142   127.49715  127.74919 
143   127.13655  127.49355 
144   127.13655  127.13655 
145   127.13655  127.13655 
146   127.13655  127.13655 
147   126.46839  127.12987 
148   125.45608  126.45816 
149   125.30505  125.45363 
150   125.30505  125.30505 
151   124.86877  125.29633 
152   124.60669  124.86605 
153   123.56681  124.59478 
154   123.09426  123.56208 
155   123.07249  123.09404 
156   122.76480  123.06931 
157   122.25349  122.75969 
158   121.92064  122.24922 
159   121.81128  121.91955 
160   121.81128  121.81128 
161   121.47775  121.80494 
162   120.91574  121.47213 
163   119.48068  120.90139 
164   119.48068  119.48068 
165   119.32379  119.47911 
166   119.32379  119.32379 
167   118.66407  119.31234 
168   118.66407  118.66407 
169   118.65352  118.66397 
170   118.35302  118.64905 
171   117.88866  118.33705 
172   117.88866  117.88866 
173   116.57726  117.87133 
174   116.12651  116.56824 
175   116.12651  116.12651 
176   115.29378  116.11396 
177   115.29378  115.29378 
178   115.07687  115.28920 
179   114.83499  115.06956 
180   114.83499  114.83499 
181   114.83499  114.83499 
182   114.78929  114.83453 
183   114.78929  114.78929 
184   114.64256  114.78656 
185   112.22841  114.61842 
186   111.40855  112.22021 
187   110.08532  111.38707 
188   109.42325  110.07756 
189   109.37289  109.42275 
190   109.37289  109.37289 
191   109.37289  109.37289 
192   109.37289  109.37289 
193   109.35477  109.37271 
194   109.24098  109.35363 
195   108.71659  109.23574 
196   108.59957  108.71541 
197   108.59957  108.59957 
198   108.59957  108.59957 
199   108.06264  108.59420 
200   107.75613  108.05733 
201   106.61298  107.73866 
202   105.92561  106.60610 
203   105.50420  105.91804 
204   105.50420  105.50420 
205   105.50420  105.50420 
206   105.42139  105.50255 
207   105.42139  105.42139 
208   105.09312  105.41810 
209   104.99224  105.09211 
210   104.99224  104.99224 
211   104.84054  104.99073 
212   104.84054  104.84054 
213   104.59438  104.83808 
214   104.19221  104.59036 
215   104.19221  104.19221 
216   103.70302  104.18282 
217   103.70302  103.70302 
218   103.70302  103.70302 
219   103.70302  103.70302 
220   102.47569  103.69074 
221   102.47569  102.47569 
222   102.47569  102.47569 
223   98.61527   102.43709 
224   98.40317   98.61315  
225   98.39391   98.40308  
226   98.24804   98.39222  
227   98.20888   98.24742  
228   98.18587   98.20865  
229   98.18587   98.18587  
230   98.18587   98.18587  
231   98.18587   98.18587  
232   98.16739   98.18569  
233   98.16739   98.16739  
234   98.16739   98.16739  
235   98.16739   98.16739  
236   98.16739   98.16739  
237   98.16739   98.16739  
238   97.96431   98.16536  
239   97.96431   97.96431  
240   97.96431   97.96431  
241   97.96431   97.96431  
242   97.96431   97.96431  
243   97.53323   97.95853  
244   97.53323   97.53323  
245   96.30279   97.52093  
246   96.13002   96.30106  
247   95.98872   96.12861  
248   95.98872   95.98872  
249   94.06552   95.96948  
250   93.91887   94.06405  
251   93.15723   93.90364  
252   93.15723   93.15723  
253   93.14237   93.15708  
254   92.34299   93.12302  
255   91.88968   92.33846  
256   91.88968   91.88968  
257   91.88968   91.88968  
258   91.88968   91.88968  
259   91.88968   91.88968  
260   91.51092   91.88589  
261   91.00055   91.50071  
262   90.94141   90.99996  
263   90.94141   90.94141  
264   90.94141   90.94141  
265   90.60614   90.93805  
266   90.57458   90.60582  
267   90.57458   90.57458  
268   90.57458   90.57458  
269   90.57458   90.57458  
270   90.57458   90.57458  
271   90.57458   90.57458  
272   89.94134   90.56825  
273   89.89172   89.94085  
274   89.89172   89.89172  
275   89.89172   89.89172  
276   89.57544   89.88856  
277   89.57544   89.57544  
278   89.57544   89.57544  
279   89.21476   89.57183  
280   89.21476   89.21476  
281   89.01237   89.21274  
282   88.76203   89.00986  
283   88.76203   88.76203  
284   88.50040   88.75941  
285   87.81521   88.48998  
286   87.81521   87.81521  
287   87.81521   87.81521  
288   87.45863   87.80815  
289   87.45863   87.45863  
290   86.91244   87.45059  
291   86.91244   86.91244  
292   86.91244   86.91244  
293   86.91244   86.91244  
294   86.91244   86.91244  
295   86.91244   86.91244  
296   86.91244   86.91244  
297   86.85219   86.91184  
298   86.31909   86.84428  
299   86.31909   86.31909  
300   86.06193   86.31652  
301   86.06193   86.06193  
302   86.06193   86.06193  
303   86.06193   86.06193  
304   86.06193   86.06193  
305   86.06193   86.06193  
306   86.06193   86.06193  
307   86.06193   86.06193  
308   85.71263   86.05844  
309   85.71263   85.71263  
310   85.71263   85.71263  
311   85.03467   85.70585  
312   85.03467   85.03467  
313   85.03467   85.03467  
314   85.03467   85.03467  
315   85.03467   85.03467  
316   85.03467   85.03467  
317   85.03467   85.03467  
318   84.78579   85.03218  
319   84.78579   84.78579  
320   84.78579   84.78579  
321   84.78579   84.78579  
322   84.78579   84.78579  
323   84.78579   84.78579  
324   84.57822   84.78371  
325   84.57822   84.57822  
326   84.57822   84.57822  
327   84.57822   84.57822  
328   84.57822   84.57822  
329   84.57822   84.57822  
330   84.57822   84.57822  
331   84.57822   84.57822  
332   84.57822   84.57822  
333   84.57822   84.57822  
334   84.57822   84.57822  
335   84.57822   84.57822  
336   84.57822   84.57822  
337   84.57822   84.57822  
338   84.57822   84.57822  
339   84.57822   84.57822  
340   84.57822   84.57822  
341   84.57822   84.57822  
342   84.57822   84.57822  
343   84.57822   84.57822  
344   84.34049   84.57584  
345   84.23025   84.33939  
346   82.78068   84.21576  
347   82.78068   82.78068  
348   82.10390   82.77324  
349   81.59706   82.09883  
350   81.59706   81.59706  
351   81.52951   81.59639  
352   81.52951   81.52951  
353   81.52951   81.52951  
354   81.52951   81.52951  
355   81.52951   81.52951  
356   81.52951   81.52951  
357   80.99376   81.52281  
358   80.99376   80.99376  
359   80.85880   80.99241  
360   80.85880   80.85880  
361   80.85880   80.85880  
362   80.85880   80.85880  
363   80.85880   80.85880  
364   80.85880   80.85880  
365   80.85880   80.85880  
366   80.85880   80.85880  
367   80.85880   80.85880  
368   80.85880   80.85880  
369   80.85880   80.85880  
370   80.85880   80.85880  
371   80.85880   80.85880  
372   80.85880   80.85880  
373   80.85880   80.85880  
374   80.72160   80.85652  
375   80.72160   80.72160  
376   80.72160   80.72160  
377   80.72160   80.72160  
378   80.72160   80.72160  
379   80.72160   80.72160  
380   80.72160   80.72160  
381   80.72160   80.72160  
382   80.72160   80.72160  
383   80.72160   80.72160  
384   80.72160   80.72160  
385   80.72160   80.72160  
386   80.72160   80.72160  
387   80.72160   80.72160  
388   79.66617   80.71014  
389   79.66617   79.66617  
390   79.57563   79.66526  
391   79.57563   79.57563  
392   79.57563   79.57563  
393   79.57563   79.57563  
394   79.57563   79.57563  
395   79.57563   79.57563  
396   79.57563   79.57563  
397   79.42142   79.57409  
398   79.40098   79.42122  
399   79.40098   79.40098  
400   79.40098   79.40098  
401   79.33918   79.40036  
402   79.33918   79.33918  
403   79.33918   79.33918  
404   79.33918   79.33918  
405   79.33918   79.33918  
406   79.33918   79.33918  
407   79.33918   79.33918  
408   78.81809   79.33397  
409   78.81809   78.81809  
410   78.81809   78.81809  
411   78.81809   78.81809  
412   78.81809   78.81809  
413   78.81809   78.81809  
414   78.81809   78.81809  
415   78.81809   78.81809  
416   78.81809   78.81809  
417   78.81809   78.81809  
418   78.81809   78.81809  
419   78.81809   78.81809  
420   78.81809   78.81809  
421   78.81809   78.81809  
422   78.81809   78.81809  
423   78.81809   78.81809  
424   78.81809   78.81809  
425   78.81809   78.81809  
426   78.81809   78.81809  
427   78.81809   78.81809  
428   78.81809   78.81809  
429   78.81809   78.81809  
430   78.81809   78.81809  
431   78.81809   78.81809  
432   78.81809   78.81809  
433   78.81809   78.81809  
434   78.81809   78.81809  
435   78.81809   78.81809  
436   78.81809   78.81809  
437   78.81809   78.81809  
438   78.81809   78.81809  
439   78.81809   78.81809  
440   78.81809   78.81809  
441   78.81809   78.81809  
442   78.81809   78.81809  
443   78.81809   78.81809  
444   78.81809   78.81809  
445   78.81809   78.81809  
446   78.81809   78.81809  
447   78.81809   78.81809  
448   78.81809   78.81809  
449   78.81809   78.81809  
450   78.81809   78.81809  
451   78.81809   78.81809  
452   78.59087   78.81582  
453   78.59087   78.59087  
454   78.30196   78.58798  
455   78.30196   78.30196  
456   78.30196   78.30196  
457   78.30196   78.30196  
458   78.30196   78.30196  
459   78.30196   78.30196  
460   78.30196   78.30196  
461   78.30196   78.30196  
462   78.30196   78.30196  
463   78.30196   78.30196  
464   78.30196   78.30196  
465   78.30196   78.30196  
466   78.30196   78.30196  
467   78.15019   78.30044  
468   78.15019   78.15019  
469   78.15019   78.15019  
470   78.15019   78.15019  
471   78.15019   78.15019  
472   78.15019   78.15019  
473   78.15019   78.15019  
474   78.15019   78.15019  
475   78.15019   78.15019  
476   78.15019   78.15019  
477   78.15019   78.15019  
478   78.15019   78.15019  
479   78.15019   78.15019  
480   78.15019   78.15019  
481   78.15019   78.15019  
482   78.15019   78.15019  
483   78.15019   78.15019  
484   78.15019   78.15019  
485   78.15019   78.15019  
486   78.15019   78.15019  
487   78.15019   78.15019  
488   78.15019   78.15019  
489   78.15019   78.15019  
490   78.15019   78.15019  
491   78.15019   78.15019  
492   78.15019   78.15019  
493   78.15019   78.15019  
494   78.15019   78.15019  
495   78.15019   78.15019  
496   78.15019   78.15019  
497   78.15019   78.15019  
498   78.15019   78.15019  
499   78.15019   78.15019  
