0     455.48389  491.63334 
1     455.48389  491.63334 
2     446.17304  454.99352 
3     430.39103  445.00405 
4     419.44629  429.91611 
5     406.26711  419.20521 
6     401.01614  405.95770 
7     392.79567  400.61024 
8     381.44134  392.15867 
9     370.41423  380.92823 
10    354.11684  370.03219 
11    343.53178  353.71806 
12    335.44138  343.24623 
13    327.55094  335.19671 
14    319.14935  327.22887 
15    312.00573  318.83674 
16    307.75101  311.89952 
17    302.50772  307.50938 
18    298.38210  302.35432 
19    295.49771  298.28462 
20    292.15632  295.41497 
21    287.59492  292.00884 
22    281.99525  287.48628 
23    279.21264  281.87674 
24    275.96433  279.02486 
25    273.65699  275.89218 
26    271.40841  273.54343 
27    268.27556  271.31462 
28    267.89207  268.27172 
29    265.22912  267.79499 
30    263.15839  265.18715 
31    262.06611  263.13305 
32    258.54045  261.90045 
33    253.73296  258.46486 
34    251.12698  253.65636 
35    248.99731  251.10200 
36    247.62338  248.90684 
37    245.69557  247.55829 
38    243.13228  245.64635 
39    241.74940  243.10778 
40    240.74483  241.70740 
41    239.26808  240.70030 
42    235.87496  239.19541 
43    230.53932  235.75070 
44    229.48077  230.52340 
45    228.64137  229.46698 
46    228.32527  228.63687 
47    226.58614  228.26030 
48    223.62656  226.54008 
49    222.58581  223.60069 
50    220.66626  222.53747 
51    219.81194  220.64026 
52    216.78024  219.72661 
53    214.09621  216.75056 
54    213.87699  214.09377 
55    212.14764  213.85099 
56    210.24969  212.10949 
57    207.88632  210.22404 
58    206.79802  207.83497 
59    204.15494  206.74320 
60    202.62422  204.12789 
61    201.33801  202.59274 
62    200.12158  201.31741 
63    199.42910  200.09743 
64    197.97150  199.38871 
65    197.11500  197.93687 
66    194.81785  197.06974 
67    194.34626  194.81314 
68    190.53581  194.27779 
69    189.83588  190.52510 
70    188.63539  189.78296 
71    185.99536  188.60518 
72    185.12902  185.97960 
73    184.79626  185.12308 
74    182.09935  184.68553 
75    182.00082  182.09755 
76    180.58151  181.98042 
77    179.93152  180.56441 
78    179.62594  179.92322 
79    179.48343  179.62229 
80    178.62474  179.47062 
81    178.15028  178.61871 
82    177.57076  178.13467 
83    176.93082  177.55450 
84    175.95650  176.90936 
85    174.76512  175.93148 
86    174.19498  174.75733 
87    173.12175  174.16174 
88    172.46176  173.09931 
89    171.15951  172.44806 
90    170.73191  171.15003 
91    165.77675  170.67167 
92    163.03799  165.74848 
93    162.05295  163.02125 
94    159.82575  162.02199 
95    158.20891  159.80266 
96    157.12074  158.18223 
97    156.07279  157.10045 
98    155.61108  156.06448 
99    154.18421  155.59500 
100   154.17500  154.18412 
101   152.65220  154.12567 
102   148.81115  152.60470 
103   147.64882  148.78585 
104   145.88380  147.61173 
105   145.12986  145.86434 
106   144.16478  145.11138 
107   142.80473  144.14219 
108   141.79624  142.78756 
109   141.61965  141.79230 
110   140.57069  141.57076 
111   138.52632  140.54858 
112   137.92659  138.51985 
113   137.25801  137.91263 
114   137.16783  137.25702 
115   136.83928  137.16320 
116   135.44360  136.80449 
117   135.22299  135.44073 
118   134.29997  135.21006 
119   133.92864  134.29358 
120   132.85418  133.89812 
121   132.84555  132.85400 
122   132.06556  132.83742 
123   132.03262  132.06523 
124   131.38886  132.02618 
125   131.36607  131.38863 
126   131.17350  131.36414 
127   131.17350  131.17350 
128   130.44680  131.16486 
129   129.78951  130.44023 
130   129.41008  129.78568 
131   126.92290  129.38321 
132   126.14015  126.91137 
133   125.48421  126.12593 
134   124.92943  125.47769 
135   124.24650  124.92260 
136   123.54413  124.23654 
137   123.14136  123.54010 
138   123.14136  123.14136 
139   122.83424  123.13696 
140   122.07260  122.81629 
141   121.57821  122.06765 
142   119.90091  121.55987 
143   119.52825  119.89144 
144   118.84142  119.51540 
145   118.66833  118.83969 
146   118.66562  118.66830 
147   118.37190  118.66074 
148   115.79050  118.34609 
149   113.35788  115.74137 
150   113.05166  113.35384 
151   112.93596  113.04994 
152   112.93544  112.93595 
153   112.35216  112.92455 
154   111.62751  112.33172 
155   110.92668  111.61950 
156   110.42045  110.92162 
157   110.05912  110.41626 
158   110.00177  110.05854 
159   109.14376  109.99319 
160   108.91654  109.14083 
161   108.89764  108.91635 
162   108.45079  108.89318 
163   107.07611  108.43160 
164   106.57785  107.07055 
165   106.32758  106.57416 
166   106.32758  106.32758 
167   105.55126  106.31982 
168   104.65409  105.54229 
169   104.65409  104.65409 
170   104.65409  104.65409 
171   103.91979  104.64571 
172   103.72166  103.91588 
173   103.60214  103.71927 
174   103.60214  103.60214 
175   103.60214  103.60214 
176   103.60214  103.60214 
177   103.56157  103.60173 
178   103.22150  103.55669 
179   103.22150  103.22150 
180   102.38903  103.21214 
181   101.86354  102.38377 
182   101.86354  101.86354 
183   101.86354  101.86354 
184   101.81721  101.86308 
185   101.81721  101.81721 
186   101.77871  101.81683 
187   100.26895  101.76105 
188   100.16536  100.26727 
189   99.93209   100.16086 
190   99.78002   99.93057  
191   99.71537   99.77938  
192   99.51402   99.71293  
193   98.82873   99.50675  
194   98.75488   98.82799  
195   98.75488   98.75488  
196   98.74013   98.75474  
197   98.69783   98.73970  
198   98.69783   98.69783  
199   98.47131   98.69350  
200   98.47131   98.47131  
201   98.47131   98.47131  
202   98.47131   98.47131  
203   98.29148   98.46831  
204   98.28712   98.29144  
205   98.28712   98.28712  
206   98.16660   98.28591  
207   97.66323   98.16157  
208   97.09963   97.65759  
209   97.09963   97.09963  
210   97.09963   97.09963  
211   96.72199   97.09586  
212   96.64910   96.72126  
213   95.84779   96.63916  
214   95.44261   95.84374  
215   95.44261   95.44261  
216   95.43010   95.44248  
217   95.43010   95.43010  
218   95.43010   95.43010  
219   95.37644   95.42957  
220   95.37644   95.37644  
221   95.37644   95.37644  
222   95.07751   95.37345  
223   94.98474   95.07658  
224   94.98474   94.98474  
225   94.98474   94.98474  
226   94.71423   94.98204  
227   94.56056   94.71269  
228   94.56056   94.56056  
229   94.56056   94.56056  
230   94.56056   94.56056  
231   94.39170   94.55887  
232   94.39170   94.39170  
233   94.39170   94.39170  
234   93.17157   94.37949  
235   93.05827   93.17044  
236   92.93752   93.05706  
237   92.45687   92.93272  
238   91.76206   92.44992  
239   91.67650   91.76034  
240   91.11594   91.66879  
241   91.11594   91.11594  
242   90.19893   91.10677  
243   90.07100   90.19765  
244   90.07100   90.07100  
245   89.69554   90.06724  
246   89.69554   89.69554  
247   89.07979   89.68083  
248   89.07979   89.07979  
249   88.71356   89.07613  
250   88.10876   88.70216  
251   87.79037   88.10356  
252   87.79037   87.79037  
253   87.79037   87.79037  
254   87.79037   87.79037  
255   87.42653   87.78513  
256   86.83294   87.41703  
257   86.08155   86.82423  
258   85.54615   86.07500  
259   85.54615   85.54615  
260   85.01340   85.53612  
261   84.89365   85.01205  
262   84.89365   84.89365  
263   84.89365   84.89365  
264   84.89365   84.89365  
265   84.57847   84.89035  
266   84.56338   84.57831  
267   84.56338   84.56338  
268   84.56338   84.56338  
269   84.56338   84.56338  
270   84.40830   84.55873  
271   84.07717   84.40499  
272   84.03583   84.07675  
273   84.03583   84.03583  
274   84.03583   84.03583  
275   84.03583   84.03583  
276   84.03583   84.03583  
277   83.74488   84.03292  
278   83.37368   83.74117  
279   83.37368   83.37368  
280   83.37368   83.37368  
281   83.37368   83.37368  
282   83.37368   83.37368  
283   83.26247   83.37257  
284   83.26247   83.26247  
285   83.26247   83.26247  
286   83.26247   83.26247  
287   83.26247   83.26247  
288   83.26247   83.26247  
289   83.26247   83.26247  
290   83.26247   83.26247  
291   83.26247   83.26247  
292   83.07515   83.26008  
293   83.05759   83.07497  
294   83.05759   83.05759  
295   83.05759   83.05759  
296   80.50997   83.03211  
297   80.50997   80.50997  
298   80.49185   80.50979  
299   80.49185   80.49185  
300   80.49185   80.49185  
301   80.49185   80.49185  
302   80.49185   80.49185  
303   80.49185   80.49185  
304   80.49185   80.49185  
305   80.49185   80.49185  
306   80.03194   80.48725  
307   80.03194   80.03194  
308   80.03194   80.03194  
309   80.03194   80.03194  
310   80.03194   80.03194  
311   80.03194   80.03194  
312   79.93713   80.03100  
313   79.92632   79.93703  
314   79.92632   79.92632  
315   79.92632   79.92632  
316   79.92632   79.92632  
317   79.92632   79.92632  
318   79.92632   79.92632  
319   79.92632   79.92632  
320   79.92632   79.92632  
321   79.92632   79.92632  
322   79.92632   79.92632  
323   79.92632   79.92632  
324   79.92632   79.92632  
325   79.92632   79.92632  
326   79.92632   79.92632  
327   79.90966   79.92615  
328   79.90966   79.90966  
329   79.90966   79.90966  
330   79.90966   79.90966  
331   79.90966   79.90966  
332   79.90966   79.90966  
333   79.90966   79.90966  
334   79.44524   79.90385  
335   79.44524   79.44524  
336   79.44524   79.44524  
337   79.44524   79.44524  
338   79.44524   79.44524  
339   79.44524   79.44524  
340   79.44524   79.44524  
341   79.44524   79.44524  
342   79.44524   79.44524  
343   79.44524   79.44524  
344   79.44524   79.44524  
345   79.44524   79.44524  
346   79.44524   79.44524  
347   79.44524   79.44524  
348   79.32822   79.44407  
349   79.32822   79.32822  
350   79.32822   79.32822  
351   79.32822   79.32822  
352   79.32822   79.32822  
353   79.32822   79.32822  
354   79.32396   79.32818  
355   79.32396   79.32396  
356   79.18650   79.32259  
357   79.18650   79.18650  
358   78.92569   79.18389  
359   78.92569   78.92569  
360   78.92569   78.92569  
361   78.92569   78.92569  
362   78.92569   78.92569  
363   78.92569   78.92569  
364   78.92569   78.92569  
365   78.85995   78.92503  
366   78.85995   78.85995  
367   78.85995   78.85995  
368   78.85995   78.85995  
369   78.44445   78.85580  
370   78.44445   78.44445  
371   78.44445   78.44445  
372   77.96504   78.43966  
373   77.96504   77.96504  
374   77.96504   77.96504  
375   77.96504   77.96504  
376   77.96504   77.96504  
377   77.90836   77.96447  
378   77.90836   77.90836  
379   77.75713   77.90685  
380   77.75713   77.75713  
381   77.75713   77.75713  
382   77.52524   77.75481  
383   77.52524   77.52524  
384   77.52524   77.52524  
385   77.38107   77.52092  
386   77.31335   77.38040  
387   77.31335   77.31335  
388   77.31335   77.31335  
389   77.31335   77.31335  
390   77.31335   77.31335  
391   77.31335   77.31335  
392   77.31335   77.31335  
393   77.31335   77.31335  
394   77.31335   77.31335  
395   77.31335   77.31335  
396   77.31335   77.31335  
397   77.31335   77.31335  
398   77.31335   77.31335  
399   77.31335   77.31335  
400   77.31335   77.31335  
401   77.31335   77.31335  
402   77.31335   77.31335  
403   77.31335   77.31335  
404   77.31335   77.31335  
405   77.31335   77.31335  
406   77.31335   77.31335  
407   77.31335   77.31335  
408   77.31335   77.31335  
409   77.31335   77.31335  
410   77.31335   77.31335  
411   77.31335   77.31335  
412   77.31335   77.31335  
413   77.31335   77.31335  
414   77.31335   77.31335  
415   77.31335   77.31335  
416   77.31335   77.31335  
417   77.31335   77.31335  
418   77.31335   77.31335  
419   77.31335   77.31335  
420   77.31335   77.31335  
421   77.31335   77.31335  
422   77.31335   77.31335  
423   77.31335   77.31335  
424   77.31335   77.31335  
425   77.03129   77.31052  
426   77.03129   77.03129  
427   77.03129   77.03129  
428   77.03129   77.03129  
429   77.03129   77.03129  
430   77.03129   77.03129  
431   77.03129   77.03129  
432   77.03129   77.03129  
433   77.03129   77.03129  
434   77.03129   77.03129  
435   77.03129   77.03129  
436   77.03129   77.03129  
437   77.03129   77.03129  
438   77.03129   77.03129  
439   77.03129   77.03129  
440   77.03129   77.03129  
441   77.03129   77.03129  
442   77.03129   77.03129  
443   77.03129   77.03129  
444   77.03129   77.03129  
445   77.03129   77.03129  
446   77.03129   77.03129  
447   77.03129   77.03129  
448   77.03129   77.03129  
449   77.03129   77.03129  
450   77.03129   77.03129  
451   77.03129   77.03129  
452   77.03129   77.03129  
453   77.03129   77.03129  
454   77.03129   77.03129  
455   77.03129   77.03129  
456   77.03129   77.03129  
457   77.03129   77.03129  
458   77.03129   77.03129  
459   77.03129   77.03129  
460   77.03129   77.03129  
461   77.03129   77.03129  
462   77.03129   77.03129  
463   77.03129   77.03129  
464   77.03129   77.03129  
465   77.03129   77.03129  
466   77.03129   77.03129  
467   76.43258   77.02530  
468   76.43258   76.43258  
469   76.04688   76.42872  
470   76.04688   76.04688  
471   76.04688   76.04688  
472   75.05759   76.03699  
473   75.05759   75.05759  
474   75.05759   75.05759  
475   75.05759   75.05759  
476   74.93663   75.05638  
477   74.93663   74.93663  
478   74.93663   74.93663  
479   74.93663   74.93663  
480   74.34269   74.91776  
481   74.34269   74.34269  
482   74.34269   74.34269  
483   74.34269   74.34269  
484   74.34269   74.34269  
485   74.34269   74.34269  
486   74.34269   74.34269  
487   74.34269   74.34269  
488   74.34269   74.34269  
489   74.34269   74.34269  
490   74.08810   74.34014  
491   73.94145   74.08663  
492   73.94145   73.94145  
493   73.94145   73.94145  
494   73.94145   73.94145  
495   73.94145   73.94145  
496   73.48814   73.93238  
497   73.48814   73.48814  
498   73.48814   73.48814  
499   73.48814   73.48814  
