0     455.48389  491.63334 
1     455.48389  491.63334 
2     446.17304  454.99352 
3     430.39103  445.00405 
4     419.44629  429.91611 
5     406.26711  419.20521 
6     401.01614  405.95770 
7     392.79567  400.61024 
8     381.44134  392.15867 
9     370.41423  380.92823 
10    354.11684  370.03219 
11    349.30328  353.82391 
12    346.11284  349.06373 
13    338.22240  345.86106 
14    334.94696  338.06421 
15    327.00191  334.55113 
16    320.41541  326.79301 
17    317.27741  320.23606 
18    312.28756  317.10350 
19    305.84437  311.99583 
20    301.74978  305.69252 
21    295.96285  301.59543 
22    293.01319  295.84056 
23    290.17919  292.93549 
24    288.63692  290.12979 
25    279.86970  288.49537 
26    278.28731  279.84190 
27    276.02737  278.23834 
28    274.50691  275.95936 
29    271.91494  274.41630 
30    268.20738  271.81282 
31    264.68495  268.09824 
32    261.38083  264.56019 
33    257.02293  261.28818 
34    255.17236  256.95044 
35    253.62839  255.13478 
36    246.54100  253.51617 
37    244.05131  246.51295 
38    238.92202  243.98428 
39    236.89850  238.86131 
40    230.97384  236.75638 
41    228.41068  230.86338 
42    226.56011  228.32931 
43    224.56308  226.50728 
44    221.29076  224.50648 
45    219.88348  221.24596 
46    218.50701  219.84307 
47    217.17571  218.45851 
48    216.02819  217.14424 
49    214.37940  215.99230 
50    213.54083  214.35851 
51    211.60170  213.50574 
52    208.34019  211.56608 
53    207.51082  208.31042 
54    205.51067  207.47467 
55    204.91280  205.50008 
56    202.73963  204.85359 
57    198.67063  202.67091 
58    196.82007  198.63836 
59    196.61029  196.81589 
60    193.39231  196.55540 
61    182.61738  193.27841 
62    182.56954  182.61690 
63    179.45036  182.48396 
64    179.40020  179.44985 
65    177.60712  179.37176 
66    175.46151  177.56430 
67    172.49890  175.41424 
68    171.94485  172.49112 
69    171.34682  171.92528 
70    170.19124  171.32197 
71    162.71359  170.11647 
72    161.12960  162.66715 
73    158.88946  161.08464 
74    156.11374  158.85850 
75    155.05555  156.10147 
76    153.03067  155.02808 
77    151.71102  153.01192 
78    151.24583  151.70118 
79    148.33964  151.21677 
80    147.36594  148.30112 
81    146.81441  147.36042 
82    146.72019  146.81347 
83    145.77475  146.70525 
84    145.68943  145.77373 
85    145.18017  145.68385 
86    143.59269  145.15597 
87    143.59269  143.59269 
88    143.04712  143.58723 
89    142.42350  143.03889 
90    141.87410  142.41798 
91    135.99549  141.80637 
92    135.15495  135.96904 
93    134.83190  135.14645 
94    133.08629  134.79329 
95    127.78155  133.01951 
96    126.81501  127.75681 
97    126.22015  126.79923 
98    125.73828  126.20924 
99    124.90935  125.71621 
100   124.51275  124.90297 
101   124.40071  124.51163 
102   124.39121  124.40061 
103   124.07887  124.38568 
104   123.23966  124.06551 
105   122.88413  123.23214 
106   122.74540  122.88274 
107   121.35121  122.72757 
108   121.24142  121.35011 
109   120.97071  121.23701 
110   120.01651  120.95478 
111   117.96110  119.98708 
112   117.54124  117.95530 
113   116.99566  117.53266 
114   115.61633  116.97925 
115   115.45014  115.61467 
116   115.36039  115.44925 
117   115.01778  115.35377 
118   114.46168  115.00538 
119   114.37114  114.46078 
120   113.62576  114.36135 
121   113.45545  113.62406 
122   112.49415  113.43507 
123   111.73553  112.47798 
124   111.47458  111.73292 
125   111.47458  111.47458 
126   111.21293  111.47196 
127   111.21293  111.21293 
128   110.73260  111.20208 
129   109.33773  110.71142 
130   109.33773  109.33773 
131   109.33755  109.33773 
132   108.20302  109.31448 
133   107.92750  108.20027 
134   107.66339  107.92486 
135   107.66339  107.66339 
136   106.90502  107.65581 
137   106.90502  106.90502 
138   106.48651  106.90083 
139   106.48651  106.48651 
140   105.85541  106.47842 
141   105.85541  105.85541 
142   105.78445  105.85425 
143   105.73884  105.78354 
144   104.97950  105.72541 
145   104.97950  104.97950 
146   104.56955  104.97540 
147   104.56955  104.56955 
148   104.10083  104.56487 
149   103.96189  104.09944 
150   103.75178  103.95979 
151   103.75178  103.75178 
152   103.75178  103.75178 
153   103.70654  103.75132 
154   103.60303  103.70458 
155   102.95881  103.59355 
156   102.79850  102.95653 
157   102.77216  102.79824 
158   102.30605  102.76750 
159   101.81568  102.29836 
160   101.81568  101.81568 
161   101.81568  101.81568 
162   101.81568  101.81568 
163   101.81568  101.81568 
164   101.81568  101.81568 
165   101.81568  101.81568 
166   101.11105  101.80863 
167   100.17433  101.09070 
168   100.17433  100.17433 
169   100.17433  100.17433 
170   100.01067  100.17269 
171   100.01067  100.01067 
172   99.93895   100.00995 
173   99.93895   99.93895  
174   99.93895   99.93895  
175   99.93895   99.93895  
176   99.56690   99.93523  
177   99.13364   99.56256  
178   98.90504   99.13135  
179   98.90504   98.90504  
180   97.74499   98.89344  
181   94.32081   97.71074  
182   94.32081   94.32081  
183   94.19108   94.31951  
184   94.19108   94.19108  
185   94.19108   94.19108  
186   93.63115   94.18482  
187   93.63115   93.63115  
188   93.63115   93.63115  
189   93.63115   93.63115  
190   93.63115   93.63115  
191   93.25122   93.62736  
192   92.66743   93.24101  
193   92.06713   92.66142  
194   91.97625   92.06623  
195   91.97625   91.97625  
196   91.97625   91.97625  
197   91.97625   91.97625  
198   91.97625   91.97625  
199   91.97625   91.97625  
200   91.97625   91.97625  
201   91.03092   91.96559  
202   91.03092   91.03092  
203   91.03092   91.03092  
204   90.38134   91.01793  
205   90.38134   90.38134  
206   90.38134   90.38134  
207   90.38134   90.38134  
208   90.00567   90.37758  
209   89.88487   90.00446  
210   89.79588   89.88398  
211   89.51334   89.79305  
212   89.17692   89.50998  
213   89.17692   89.17692  
214   89.17692   89.17692  
215   89.17692   89.17692  
216   88.90382   89.17419  
217   88.90382   88.90382  
218   88.61287   88.90091  
219   88.51666   88.61125  
220   88.51666   88.51666  
221   87.98457   88.51134  
222   87.98457   87.98457  
223   85.92627   87.96398  
224   85.92627   85.92627  
225   85.92627   85.92627  
226   85.92627   85.92627  
227   85.92627   85.92627  
228   85.92627   85.92627  
229   85.92627   85.92627  
230   85.92627   85.92627  
231   85.23978   85.91941  
232   85.23978   85.23978  
233   85.23978   85.23978  
234   85.23978   85.23978  
235   85.23978   85.23978  
236   85.23978   85.23978  
237   85.23978   85.23978  
238   85.23978   85.23978  
239   85.19417   85.23932  
240   85.19417   85.19417  
241   85.08325   85.19306  
242   85.08325   85.08325  
243   85.08325   85.08325  
244   85.08325   85.08325  
245   85.08325   85.08325  
246   85.08325   85.08325  
247   85.08325   85.08325  
248   85.08325   85.08325  
249   85.08325   85.08325  
250   85.08325   85.08325  
251   81.85829   85.05100  
252   81.85829   81.85829  
253   81.85829   81.85829  
254   81.85829   81.85829  
255   81.64287   81.85614  
256   81.64287   81.64287  
257   81.64287   81.64287  
258   81.16106   81.63805  
259   81.16106   81.16106  
260   81.08105   81.15946  
261   81.08105   81.08105  
262   81.08105   81.08105  
263   79.79857   81.06822  
264   79.79857   79.79857  
265   79.79857   79.79857  
266   79.79857   79.79857  
267   79.63530   79.79694  
268   79.63530   79.63530  
269   79.63530   79.63530  
270   79.63530   79.63530  
271   79.63530   79.63530  
272   79.10337   79.62066  
273   79.10337   79.10337  
274   79.10337   79.10337  
275   79.10337   79.10337  
276   79.10337   79.10337  
277   79.10337   79.10337  
278   79.10337   79.10337  
279   78.63725   79.09870  
280   78.63725   78.63725  
281   78.63725   78.63725  
282   78.63725   78.63725  
283   78.63725   78.63725  
284   78.63725   78.63725  
285   78.63725   78.63725  
286   78.63725   78.63725  
287   78.63725   78.63725  
288   78.63725   78.63725  
289   78.63725   78.63725  
290   78.63725   78.63725  
291   77.33867   78.62427  
292   77.33867   77.33867  
293   77.33867   77.33867  
294   77.33867   77.33867  
295   77.33867   77.33867  
296   77.33867   77.33867  
297   77.33867   77.33867  
298   77.33867   77.33867  
299   77.33867   77.33867  
300   77.33867   77.33867  
301   77.33867   77.33867  
302   77.33867   77.33867  
303   77.33867   77.33867  
304   77.33867   77.33867  
305   77.33867   77.33867  
306   77.33867   77.33867  
307   77.33867   77.33867  
308   77.33867   77.33867  
309   77.33867   77.33867  
310   77.10779   77.33636  
311   77.10779   77.10779  
312   77.10779   77.10779  
313   77.10779   77.10779  
314   76.59370   77.10265  
315   76.59370   76.59370  
316   76.59370   76.59370  
317   76.59370   76.59370  
318   76.59370   76.59370  
319   76.59370   76.59370  
320   76.59370   76.59370  
321   76.59370   76.59370  
322   76.59370   76.59370  
323   76.59370   76.59370  
324   76.54809   76.59325  
325   76.54809   76.54809  
326   76.54809   76.54809  
327   76.54809   76.54809  
328   76.54809   76.54809  
329   76.54809   76.54809  
330   76.54809   76.54809  
331   76.54809   76.54809  
332   76.54809   76.54809  
333   76.54809   76.54809  
334   76.54809   76.54809  
335   76.54809   76.54809  
336   76.54809   76.54809  
337   76.54809   76.54809  
338   76.52263   76.54784  
339   76.03189   76.51772  
340   76.03189   76.03189  
341   76.03189   76.03189  
342   75.79688   76.02954  
343   75.79688   75.79688  
344   75.79688   75.79688  
345   75.79688   75.79688  
346   75.79688   75.79688  
347   75.65551   75.79405  
348   75.65551   75.65551  
349   75.65551   75.65551  
350   75.65551   75.65551  
351   75.65551   75.65551  
352   75.65551   75.65551  
353   75.63536   75.65531  
354   75.63536   75.63536  
355   75.63536   75.63536  
356   75.63536   75.63536  
357   75.63536   75.63536  
358   75.63536   75.63536  
359   75.63536   75.63536  
360   75.63536   75.63536  
361   75.63536   75.63536  
362   75.63536   75.63536  
363   75.63536   75.63536  
364   75.63536   75.63536  
365   75.63536   75.63536  
366   75.63536   75.63536  
367   75.63536   75.63536  
368   75.63536   75.63536  
369   75.63536   75.63536  
370   75.63536   75.63536  
371   75.63536   75.63536  
372   75.63536   75.63536  
373   75.63536   75.63536  
374   75.63536   75.63536  
375   75.63536   75.63536  
376   75.63536   75.63536  
377   75.63536   75.63536  
378   75.63536   75.63536  
379   75.63536   75.63536  
380   75.63536   75.63536  
381   75.63536   75.63536  
382   75.63536   75.63536  
383   75.63536   75.63536  
384   75.63536   75.63536  
385   75.63536   75.63536  
386   75.63536   75.63536  
387   75.63536   75.63536  
388   75.63536   75.63536  
389   75.63536   75.63536  
390   75.63536   75.63536  
391   75.63536   75.63536  
392   75.63536   75.63536  
393   75.63536   75.63536  
394   75.63536   75.63536  
395   75.63536   75.63536  
396   75.63536   75.63536  
397   75.63536   75.63536  
398   75.63536   75.63536  
399   75.63536   75.63536  
400   75.63536   75.63536  
401   75.63536   75.63536  
402   75.63536   75.63536  
403   75.63536   75.63536  
404   75.63536   75.63536  
405   75.63536   75.63536  
406   75.63536   75.63536  
407   75.63536   75.63536  
408   75.63536   75.63536  
409   75.63536   75.63536  
410   75.63536   75.63536  
411   75.40957   75.63310  
412   75.40957   75.40957  
413   75.40957   75.40957  
414   75.40957   75.40957  
415   75.40957   75.40957  
416   75.40957   75.40957  
417   75.40957   75.40957  
418   75.40957   75.40957  
419   75.40957   75.40957  
420   75.40957   75.40957  
421   75.40957   75.40957  
422   75.40957   75.40957  
423   75.40957   75.40957  
424   75.40957   75.40957  
425   75.40957   75.40957  
426   75.40957   75.40957  
427   75.40957   75.40957  
428   75.40957   75.40957  
429   75.40957   75.40957  
430   75.40957   75.40957  
431   75.02807   75.40576  
432   75.02807   75.02807  
433   75.02807   75.02807  
434   75.02807   75.02807  
435   75.02807   75.02807  
436   75.02807   75.02807  
437   75.02807   75.02807  
438   75.02807   75.02807  
439   75.02807   75.02807  
440   75.02807   75.02807  
441   75.02807   75.02807  
442   75.02807   75.02807  
443   75.02807   75.02807  
444   75.02807   75.02807  
445   75.02807   75.02807  
446   75.02807   75.02807  
447   75.02807   75.02807  
448   75.02807   75.02807  
449   75.02807   75.02807  
450   75.02807   75.02807  
451   75.02807   75.02807  
452   75.02807   75.02807  
453   75.02807   75.02807  
454   75.02807   75.02807  
455   75.02807   75.02807  
456   75.02807   75.02807  
457   75.02807   75.02807  
458   75.02807   75.02807  
459   75.02807   75.02807  
460   75.02807   75.02807  
461   75.02807   75.02807  
462   75.02807   75.02807  
463   75.02807   75.02807  
464   75.02807   75.02807  
465   75.02807   75.02807  
466   75.02807   75.02807  
467   75.02807   75.02807  
468   75.02807   75.02807  
469   75.02807   75.02807  
470   75.02807   75.02807  
471   75.02807   75.02807  
472   75.02807   75.02807  
473   75.02807   75.02807  
474   75.02807   75.02807  
475   75.02807   75.02807  
476   75.02807   75.02807  
477   75.02807   75.02807  
478   75.02807   75.02807  
479   75.02807   75.02807  
480   75.02807   75.02807  
481   75.02807   75.02807  
482   75.02807   75.02807  
483   75.02807   75.02807  
484   75.02807   75.02807  
485   75.02807   75.02807  
486   75.02807   75.02807  
487   75.02807   75.02807  
488   75.02807   75.02807  
489   75.02807   75.02807  
490   75.02807   75.02807  
491   74.69538   75.02475  
492   74.69538   74.69538  
493   74.69538   74.69538  
494   74.27920   74.69122  
495   74.27920   74.27920  
496   74.27920   74.27920  
497   74.27920   74.27920  
498   74.27920   74.27920  
499   74.27920   74.27920  
