0     455.48389  491.63334 
1     455.48389  491.63334 
2     446.17304  454.73299 
3     430.39103  445.41057 
4     420.37932  429.73366 
5     410.95725  419.80080 
6     401.27388  410.44545 
7     393.51224  400.91968 
8     382.74704  393.10137 
9     375.36318  382.46872 
10    369.70092  375.15359 
11    363.51932  369.57511 
12    358.96677  363.27849 
13    352.49455  358.65144 
14    349.09884  352.31522 
15    343.15093  348.93117 
16    338.95021  342.91109 
17    331.65849  338.69671 
18    324.99360  331.42938 
19    320.39432  324.75836 
20    311.27645  320.14366 
21    309.17425  311.19159 
22    306.63128  309.08213 
23    300.82921  306.47069 
24    297.52989  300.75845 
25    293.92957  297.33198 
26    292.53705  293.90265 
27    283.49100  292.34339 
28    274.40454  283.32273 
29    272.28526  274.31742 
30    270.79610  272.21753 
31    267.32406  270.69559 
32    264.12903  267.22310 
33    261.61844  264.00666 
34    261.10011  261.60447 
35    258.23758  260.96912 
36    253.57000  258.14344 
37    250.60368  253.47992 
38    242.05876  250.39907 
39    239.60237  242.01117 
40    237.92104  239.53536 
41    235.06746  237.87221 
42    231.44418  235.00183 
43    228.51436  231.38069 
44    224.23783  228.40425 
45    222.45892  224.22004 
46    221.39842  222.44367 
47    219.22567  221.35496 
48    217.04082  219.18259 
49    215.15303  216.99642 
50    212.10368  215.08371 
51    203.80375  212.01242 
52    199.58609  203.68135 
53    198.65999  199.57334 
54    197.37944  198.63969 
55    195.99646  197.35084 
56    195.83923  195.99414 
57    193.82850  195.79824 
58    192.14028  193.79652 
59    191.32543  192.12864 
60    190.77126  191.31793 
61    180.94252  190.65469 
62    179.99368  180.92085 
63    179.25907  179.97328 
64    178.00834  179.21662 
65    177.69923  178.00063 
66    174.14109  177.63366 
67    173.46554  174.12938 
68    172.82363  173.45510 
69    169.92724  172.79436 
70    169.24376  169.91303 
71    166.18960  169.21042 
72    165.07875  166.17035 
73    164.12894  165.05335 
74    162.98833  164.10913 
75    162.11805  162.97708 
76    161.37475  162.09926 
77    161.24922  161.37350 
78    160.11470  161.22994 
79    154.45583  160.04746 
80    151.45571  154.40516 
81    149.27670  151.41376 
82    147.64265  149.25718 
83    147.60775  147.64195 
84    144.59589  147.55912 
85    144.33120  144.59010 
86    144.15881  144.32925 
87    137.89866  144.07910 
88    136.98593  137.86781 
89    135.37162  136.96728 
90    133.82058  135.34711 
91    133.68007  133.81918 
92    132.83687  133.67163 
93    132.83687  132.83687 
94    132.45811  132.82764 
95    131.53881  132.44881 
96    130.78306  131.53088 
97    130.78113  130.78304 
98    130.36167  130.77306 
99    130.36167  130.36167 
100   129.45719  130.35103 
101   129.45719  129.45719 
102   129.40368  129.45666 
103   129.40368  129.40368 
104   129.25499  129.40198 
105   128.98283  129.25216 
106   128.35491  128.97655 
107   127.41682  128.32851 
108   127.41682  127.41682 
109   126.62653  127.39765 
110   126.05386  126.61842 
111   120.56394  125.99841 
112   119.74739  120.54535 
113   119.35876  119.74132 
114   119.35876  119.35876 
115   118.79880  119.35316 
116   118.64797  118.79671 
117   118.59768  118.64746 
118   118.55269  118.59723 
119   118.36159  118.54886 
120   117.55675  118.34935 
121   113.05848  117.51177 
122   113.05848  113.05848 
123   113.05848  113.05848 
124   112.99324  113.05783 
125   112.74200  112.98979 
126   112.43358  112.73840 
127   112.39956  112.43299 
128   111.51119  112.38440 
129   111.49754  111.51106 
130   111.17364  111.49430 
131   109.39125  111.15557 
132   109.33957  109.39073 
133   109.11895  109.33723 
134   108.00144  109.10542 
135   107.53111  107.99351 
136   107.38792  107.52949 
137   105.74173  107.36745 
138   105.74173  105.74173 
139   104.77578  105.73185 
140   104.24975  104.77052 
141   104.19162  104.24916 
142   104.19162  104.19162 
143   103.86771  104.18705 
144   102.04594  103.84627 
145   101.75787  102.04306 
146   101.52261  101.75551 
147   101.38381  101.52122 
148   101.38381  101.38381 
149   101.38381  101.38381 
150   101.37017  101.38368 
151   100.24870  101.35895 
152   100.24870  100.24870 
153   100.24870  100.24870 
154   100.24870  100.24870 
155   99.56568   100.24187 
156   99.56568   99.56568  
157   98.87668   99.55879  
158   98.87668   98.87668  
159   98.87668   98.87668  
160   97.69477   98.86486  
161   97.64910   97.69431  
162   97.51982   97.64781  
163   97.51982   97.51982  
164   97.51982   97.51982  
165   97.41907   97.51882  
166   97.20199   97.41690  
167   97.20199   97.20199  
168   97.09098   97.20088  
169   97.09098   97.09098  
170   97.09098   97.09098  
171   97.09098   97.09098  
172   97.09098   97.09098  
173   97.09098   97.09098  
174   97.09098   97.09098  
175   97.09098   97.09098  
176   97.09098   97.09098  
177   97.09098   97.09098  
178   97.03558   97.09042  
179   97.03558   97.03558  
180   97.03558   97.03558  
181   94.24465   97.00767  
182   94.21871   94.24439  
183   94.21871   94.21871  
184   94.21871   94.21871  
185   94.15216   94.21804  
186   94.15216   94.15216  
187   94.15216   94.15216  
188   94.15216   94.15216  
189   94.15216   94.15216  
190   94.15216   94.15216  
191   93.72493   94.14789  
192   92.11126   93.70879  
193   91.73250   92.10747  
194   91.73250   91.73250  
195   91.73250   91.73250  
196   91.73250   91.73250  
197   91.73250   91.73250  
198   91.73250   91.73250  
199   91.73250   91.73250  
200   91.73250   91.73250  
201   91.73250   91.73250  
202   91.73250   91.73250  
203   91.73250   91.73250  
204   91.73250   91.73250  
205   91.39924   91.72917  
206   90.68089   91.39074  
207   90.68089   90.68089  
208   90.68089   90.68089  
209   90.68089   90.68089  
210   90.68089   90.68089  
211   88.62903   90.66038  
212   88.62903   88.62903  
213   88.62903   88.62903  
214   88.62903   88.62903  
215   88.25026   88.62524  
216   88.25026   88.25026  
217   87.87427   88.24650  
218   87.78111   87.87333  
219   87.78111   87.78111  
220   87.69688   87.78027  
221   87.69688   87.69688  
222   87.69688   87.69688  
223   87.36365   87.69355  
224   87.24925   87.36166  
225   86.61037   87.24286  
226   86.61037   86.61037  
227   86.61037   86.61037  
228   86.61037   86.61037  
229   86.61037   86.61037  
230   86.52405   86.60951  
231   86.52405   86.52405  
232   86.52405   86.52405  
233   86.04531   86.51926  
234   86.04531   86.04531  
235   86.04531   86.04531  
236   86.04531   86.04531  
237   86.04531   86.04531  
238   85.98351   86.04470  
239   85.98351   85.98351  
240   85.98351   85.98351  
241   85.16860   85.97536  
242   84.78761   85.16479  
243   84.78761   84.78761  
244   84.78761   84.78761  
245   84.78761   84.78761  
246   84.78761   84.78761  
247   84.78761   84.78761  
248   84.78761   84.78761  
249   84.78761   84.78761  
250   83.02090   84.76950  
251   80.30923   82.99197  
252   80.30923   80.30923  
253   80.30923   80.30923  
254   80.30923   80.30923  
255   80.30923   80.30923  
256   80.30923   80.30923  
257   80.30923   80.30923  
258   80.30923   80.30923  
259   80.30923   80.30923  
260   80.30923   80.30923  
261   80.02826   80.30642  
262   80.02826   80.02826  
263   79.94374   80.02741  
264   79.94374   79.94374  
265   79.94374   79.94374  
266   79.94374   79.94374  
267   79.94374   79.94374  
268   79.94374   79.94374  
269   79.94374   79.94374  
270   79.94374   79.94374  
271   77.86712   79.92298  
272   77.86712   77.86712  
273   77.86712   77.86712  
274   77.86712   77.86712  
275   77.86712   77.86712  
276   77.86712   77.86712  
277   77.86712   77.86712  
278   77.78739   77.86632  
279   77.78739   77.78739  
280   77.78739   77.78739  
281   77.63634   77.78588  
282   77.63634   77.63634  
283   76.78115   77.62778  
284   76.78115   76.78115  
285   76.78115   76.78115  
286   76.78115   76.78115  
287   76.78115   76.78115  
288   76.39212   76.77726  
289   76.39212   76.39212  
290   76.39212   76.39212  
291   76.39212   76.39212  
292   76.00619   76.38826  
293   76.00619   76.00619  
294   76.00619   76.00619  
295   76.00619   76.00619  
296   76.00619   76.00619  
297   76.00619   76.00619  
298   75.63642   76.00249  
299   75.63642   75.63642  
300   75.63642   75.63642  
301   75.63642   75.63642  
302   75.63642   75.63642  
303   75.63642   75.63642  
304   75.63642   75.63642  
305   75.63642   75.63642  
306   75.43610   75.63442  
307   75.43610   75.43610  
308   75.43610   75.43610  
309   75.43610   75.43610  
310   75.43610   75.43610  
311   74.22288   75.42397  
312   74.22288   74.22288  
313   74.22288   74.22288  
314   74.15089   74.22216  
315   74.15089   74.15089  
316   74.15089   74.15089  
317   74.15089   74.15089  
318   74.15089   74.15089  
319   74.15089   74.15089  
320   74.15089   74.15089  
321   74.15089   74.15089  
322   74.15089   74.15089  
323   74.15089   74.15089  
324   74.15089   74.15089  
325   74.15089   74.15089  
326   74.15089   74.15089  
327   74.15089   74.15089  
328   73.72676   74.14665  
329   73.72676   73.72676  
330   73.72676   73.72676  
331   73.72676   73.72676  
332   73.72676   73.72676  
333   73.61989   73.72569  
334   73.61989   73.61989  
335   73.61989   73.61989  
336   73.61989   73.61989  
337   73.61989   73.61989  
338   73.61989   73.61989  
339   73.61989   73.61989  
340   73.61989   73.61989  
341   73.29568   73.61664  
342   73.29568   73.29568  
343   73.29568   73.29568  
344   73.29568   73.29568  
345   73.29568   73.29568  
346   73.29568   73.29568  
347   73.29568   73.29568  
348   73.29568   73.29568  
349   73.29568   73.29568  
350   72.96213   73.29234  
351   72.25468   72.95505  
352   72.25468   72.25468  
353   72.25468   72.25468  
354   72.25468   72.25468  
355   72.25468   72.25468  
356   72.25468   72.25468  
357   72.25468   72.25468  
358   72.25468   72.25468  
359   72.25468   72.25468  
360   72.25468   72.25468  
361   72.17411   72.25387  
362   72.17411   72.17411  
363   72.17411   72.17411  
364   72.17411   72.17411  
365   72.17411   72.17411  
366   72.17411   72.17411  
367   72.17411   72.17411  
368   72.17411   72.17411  
369   71.96585   72.17203  
370   71.96585   71.96585  
371   71.96585   71.96585  
372   71.95017   71.96570  
373   71.95017   71.95017  
374   71.95017   71.95017  
375   71.95017   71.95017  
376   71.95017   71.95017  
377   71.95017   71.95017  
378   71.58041   71.94648  
379   71.45561   71.57791  
380   71.45561   71.45561  
381   71.45561   71.45561  
382   71.45561   71.45561  
383   71.45561   71.45561  
384   71.45561   71.45561  
385   71.45561   71.45561  
386   71.45561   71.45561  
387   71.45561   71.45561  
388   71.45561   71.45561  
389   71.13242   71.45238  
390   71.13242   71.13242  
391   71.13242   71.13242  
392   71.13242   71.13242  
393   71.13242   71.13242  
394   71.09086   71.13201  
395   71.09086   71.09086  
396   71.09086   71.09086  
397   71.09086   71.09086  
398   71.09086   71.09086  
399   71.09086   71.09086  
400   71.09086   71.09086  
401   71.09086   71.09086  
402   71.09086   71.09086  
403   71.09086   71.09086  
404   71.09086   71.09086  
405   71.09086   71.09086  
406   71.09086   71.09086  
407   71.05029   71.09035  
408   71.05029   71.05029  
409   71.05029   71.05029  
410   71.05029   71.05029  
411   69.61134   71.03580  
412   69.38411   69.60679  
413   69.38411   69.38411  
414   69.38411   69.38411  
415   69.38411   69.38411  
416   69.38411   69.38411  
417   69.38411   69.38411  
418   69.38411   69.38411  
419   69.38411   69.38411  
420   69.38411   69.38411  
421   69.38411   69.38411  
422   69.38411   69.38411  
423   69.38411   69.38411  
424   69.38411   69.38411  
425   69.38411   69.38411  
426   69.38411   69.38411  
427   69.38411   69.38411  
428   69.38411   69.38411  
429   69.38411   69.38411  
430   69.38411   69.38411  
431   69.38411   69.38411  
432   69.38411   69.38411  
433   69.38411   69.38411  
434   69.38411   69.38411  
435   69.38411   69.38411  
436   69.38411   69.38411  
437   69.38411   69.38411  
438   69.38411   69.38411  
439   69.38411   69.38411  
440   69.38411   69.38411  
441   69.38411   69.38411  
442   69.38411   69.38411  
443   69.38411   69.38411  
444   69.38411   69.38411  
445   69.38411   69.38411  
446   69.38411   69.38411  
447   69.38411   69.38411  
448   69.38411   69.38411  
449   69.38411   69.38411  
450   69.38411   69.38411  
451   69.38411   69.38411  
452   69.38411   69.38411  
453   69.38411   69.38411  
454   69.38411   69.38411  
455   69.38411   69.38411  
456   69.38411   69.38411  
457   69.38411   69.38411  
458   69.38411   69.38411  
459   69.38411   69.38411  
460   69.38411   69.38411  
461   69.01434   69.38041  
462   69.01434   69.01434  
463   69.01434   69.01434  
464   69.01434   69.01434  
465   69.01434   69.01434  
466   69.01434   69.01434  
467   69.01434   69.01434  
468   69.01434   69.01434  
469   69.01434   69.01434  
470   69.01434   69.01434  
471   69.01434   69.01434  
472   69.01434   69.01434  
473   69.01434   69.01434  
474   69.01434   69.01434  
475   69.01434   69.01434  
476   69.01434   69.01434  
477   69.01434   69.01434  
478   69.01434   69.01434  
479   69.01434   69.01434  
480   69.01434   69.01434  
481   69.01434   69.01434  
482   69.01434   69.01434  
483   69.01434   69.01434  
484   69.01434   69.01434  
485   69.01434   69.01434  
486   69.01434   69.01434  
487   69.01434   69.01434  
488   69.01434   69.01434  
489   69.01434   69.01434  
490   69.01434   69.01434  
491   69.01434   69.01434  
492   69.01434   69.01434  
493   69.01434   69.01434  
494   69.01434   69.01434  
495   69.01434   69.01434  
496   69.01434   69.01434  
497   69.01434   69.01434  
498   69.01434   69.01434  
499   69.01434   69.01434  
