0     455.48389  491.63334 
1     455.48389  491.63334 
2     443.85726  454.92437 
3     436.86531  443.41676 
4     425.36814  436.31169 
5     418.07127  424.89109 
6     406.81415  417.33597 
7     397.76973  406.48853 
8     392.63934  397.43641 
9     384.20812  392.12845 
10    374.91700  383.84772 
11    369.67371  374.70179 
12    355.56865  369.38215 
13    351.27851  355.36985 
14    342.13383  350.89735 
15    338.88768  342.01356 
16    332.67596  338.56109 
17    327.44533  332.46602 
18    318.66408  327.30816 
19    311.51404  318.26498 
20    301.30161  311.27718 
21    298.84146  301.27693 
22    296.62287  298.70857 
23    290.07396  296.47266 
24    284.66999  289.95847 
25    283.18230  284.61311 
26    276.79368  283.00357 
27    274.78863  276.74522 
28    268.95833  274.62246 
29    263.75973  268.75973 
30    261.64612  263.67977 
31    260.33699  261.61069 
32    258.64138  260.29414 
33    253.17703  258.52031 
34    249.11579  253.08528 
35    245.05110  249.03053 
36    243.66308  245.00077 
37    238.39058  243.54729 
38    235.29388  238.30627 
39    234.00766  235.23923 
40    229.93866  233.93447 
41    225.55886  229.88723 
42    225.18694  225.55196 
43    223.15341  225.15943 
44    221.92690  223.10109 
45    220.98776  221.91672 
46    220.11516  220.97201 
47    216.37387  220.01871 
48    215.64903  216.35901 
49    212.38031  215.55169 
50    208.58550  212.28353 
51    207.95052  208.56751 
52    205.83237  207.88561 
53    203.75130  205.80116 
54    201.81039  203.71361 
55    200.93957  201.79036 
56    199.83205  200.91541 
57    199.45825  199.82553 
58    198.32223  199.43115 
59    197.55919  198.30565 
60    197.07243  197.55187 
61    195.73492  197.05865 
62    195.38762  195.72216 
63    193.69043  195.36329 
64    192.27422  193.66515 
65    191.54854  192.25527 
66    190.91240  191.52922 
67    189.33614  190.88635 
68    188.64857  189.32570 
69    187.34316  188.62962 
70    186.89540  187.33301 
71    185.56975  186.86321 
72    182.50055  185.49208 
73    180.29370  182.43490 
74    178.32922  180.22567 
75    176.84252  178.29856 
76    175.65482  176.80463 
77    175.63641  175.65463 
78    172.02108  175.59373 
79    171.82757  172.01914 
80    171.69372  171.82494 
81    169.25792  171.66354 
82    168.13088  169.24569 
83    167.43348  168.12294 
84    166.65075  167.42566 
85    165.44176  166.62646 
86    164.27174  165.41999 
87    162.25780  164.23699 
88    160.23871  162.23453 
89    159.61438  160.23134 
90    159.12715  159.60838 
91    158.98387  159.12490 
92    158.12114  158.96170 
93    157.75543  158.11341 
94    157.02013  157.74322 
95    155.54540  157.00449 
96    154.25254  155.50674 
97    154.03415  154.24782 
98    152.66662  154.02042 
99    150.73210  152.64133 
100   149.95904  150.70707 
101   149.27794  149.95136 
102   147.53251  149.25707 
103   143.94213  147.45469 
104   142.49630  143.91428 
105   142.43981  142.49574 
106   141.07453  142.42257 
107   139.97477  141.06012 
108   137.86844  139.95030 
109   136.69554  137.85272 
110   136.35411  136.69116 
111   134.40489  136.33327 
112   133.84451  134.39778 
113   133.49802  133.83800 
114   131.59285  133.47375 
115   128.64448  131.56202 
116   128.52637  128.64214 
117   128.29051  128.52401 
118   128.17384  128.28934 
119   127.83814  128.15899 
120   126.47018  127.82103 
121   126.37156  126.46920 
122   126.03490  126.36545 
123   125.84865  126.03285 
124   124.47066  125.82138 
125   124.47066  124.47066 
126   123.98390  124.46561 
127   123.90217  123.98210 
128   123.90116  123.90215 
129   122.55465  123.88677 
130   122.42080  122.55331 
131   122.42080  122.42080 
132   122.39883  122.42058 
133   122.19707  122.39497 
134   122.16386  122.19674 
135   122.09686  122.16319 
136   121.74884  122.08977 
137   121.17199  121.74307 
138   120.85286  121.16880 
139   120.44654  120.84485 
140   120.05192  120.43782 
141   120.05192  120.05192 
142   119.78046  120.04763 
143   118.96713  119.76610 
144   118.96713  118.96713 
145   118.78311  118.96377 
146   118.02390  118.77398 
147   117.38369  118.01412 
148   117.23952  117.38158 
149   116.42183  117.22968 
150   116.40936  116.42170 
151   116.15932  116.40686 
152   115.79140  116.15523 
153   115.73683  115.79086 
154   114.95569  115.72902 
155   114.25223  114.94753 
156   114.25223  114.25223 
157   114.25223  114.25223 
158   114.25223  114.25223 
159   114.25223  114.25223 
160   113.85051  114.24806 
161   113.77955  113.84980 
162   113.77955  113.77955 
163   113.66664  113.77842 
164   113.66664  113.66664 
165   113.66664  113.66664 
166   112.71375  113.65711 
167   112.71375  112.71375 
168   112.31799  112.70979 
169   110.46090  112.29942 
170   110.46090  110.46090 
171   110.46090  110.46090 
172   110.26077  110.45890 
173   110.24608  110.26062 
174   110.20041  110.24562 
175   109.21326  110.19054 
176   108.16137  109.19453 
177   108.16137  108.16137 
178   108.16137  108.16137 
179   108.13564  108.16111 
180   107.44309  108.12872 
181   106.68766  107.43379 
182   106.68766  106.68766 
183   106.68766  106.68766 
184   106.68766  106.68766 
185   104.92828  106.65271 
186   104.92828  104.92828 
187   104.92828  104.92828 
188   104.92828  104.92828 
189   104.92828  104.92828 
190   104.92828  104.92828 
191   104.92828  104.92828 
192   104.92828  104.92828 
193   104.92828  104.92828 
194   104.92828  104.92828 
195   104.92828  104.92828 
196   104.92828  104.92828 
197   104.92828  104.92828 
198   104.92828  104.92828 
199   104.73377  104.92633 
200   104.19028  104.72834 
201   104.19028  104.19028 
202   104.19028  104.19028 
203   104.19028  104.19028 
204   104.15060  104.18988 
205   103.85627  104.14765 
206   103.85627  103.85627 
207   103.31888  103.85025 
208   103.31888  103.31888 
209   103.25430  103.31823 
210   103.25430  103.25430 
211   102.56399  103.24740 
212   102.54314  102.56378 
213   101.69590  102.53467 
214   101.69590  101.69590 
215   101.69590  101.69590 
216   101.25890  101.69153 
217   101.25890  101.25890 
218   101.25890  101.25890 
219   101.25890  101.25890 
220   101.15707  101.25788 
221   101.15707  101.15707 
222   101.09416  101.15644 
223   100.76049  101.09083 
224   100.76049  100.76049 
225   100.76049  100.76049 
226   100.76049  100.76049 
227   100.76049  100.76049 
228   100.76049  100.76049 
229   100.76049  100.76049 
230   100.76049  100.76049 
231   100.76049  100.76049 
232   100.76049  100.76049 
233   100.76049  100.76049 
234   99.57072   100.74859 
235   99.57072   99.57072  
236   98.94914   99.56450  
237   98.68107   98.94646  
238   98.58695   98.68013  
239   97.44283   98.57551  
240   95.59036   97.42431  
241   94.18986   95.57603  
242   94.17232   94.18968  
243   93.94062   94.16948  
244   93.94062   93.94062  
245   93.78087   93.93850  
246   93.57146   93.77877  
247   93.57146   93.57146  
248   93.45590   93.56891  
249   93.43224   93.45567  
250   93.24400   93.42871  
251   93.17077   93.24309  
252   93.17077   93.17077  
253   93.17077   93.17077  
254   93.00593   93.16747  
255   93.00593   93.00593  
256   93.00593   93.00593  
257   93.00593   93.00593  
258   93.00593   93.00593  
259   93.00593   93.00593  
260   93.00593   93.00593  
261   92.38191   92.99969  
262   92.38191   92.38191  
263   92.38191   92.38191  
264   92.03942   92.37848  
265   92.03942   92.03942  
266   92.03021   92.03933  
267   92.03021   92.03021  
268   90.30326   92.01294  
269   90.30326   90.30326  
270   88.98002   90.29002  
271   88.98002   88.98002  
272   88.98002   88.98002  
273   88.31849   88.95859  
274   88.31849   88.31849  
275   88.27706   88.31808  
276   88.27706   88.27706  
277   88.27706   88.27706  
278   88.27706   88.27706  
279   88.27706   88.27706  
280   88.27706   88.27706  
281   88.15939   88.27522  
282   88.15939   88.15939  
283   88.15939   88.15939  
284   88.15939   88.15939  
285   88.15939   88.15939  
286   88.15939   88.15939  
287   88.15939   88.15939  
288   88.15939   88.15939  
289   88.15939   88.15939  
290   87.80901   88.15589  
291   87.80901   87.80901  
292   87.80901   87.80901  
293   87.80901   87.80901  
294   87.80901   87.80901  
295   87.80901   87.80901  
296   87.80901   87.80901  
297   87.80901   87.80901  
298   87.80901   87.80901  
299   87.34232   87.80434  
300   87.34232   87.34232  
301   87.34232   87.34232  
302   86.80448   87.33694  
303   86.64723   86.80291  
304   86.64723   86.64723  
305   86.64723   86.64723  
306   86.64723   86.64723  
307   86.64723   86.64723  
308   86.50337   86.64579  
309   86.43959   86.50209  
310   86.43959   86.43959  
311   86.37183   86.43891  
312   86.37183   86.37183  
313   86.23928   86.37050  
314   86.23928   86.23928  
315   86.23928   86.23928  
316   86.23928   86.23928  
317   86.23928   86.23928  
318   86.23928   86.23928  
319   86.23928   86.23928  
320   86.23928   86.23928  
321   85.86052   86.23170  
322   85.86052   85.86052  
323   80.93378   85.81125  
324   80.93378   80.93378  
325   80.61145   80.93056  
326   80.61145   80.61145  
327   80.57173   80.61105  
328   80.57173   80.57173  
329   80.57173   80.57173  
330   80.57173   80.57173  
331   80.57173   80.57173  
332   80.57173   80.57173  
333   80.57173   80.57173  
334   80.57173   80.57173  
335   80.57173   80.57173  
336   80.57173   80.57173  
337   80.57173   80.57173  
338   80.57173   80.57173  
339   80.57173   80.57173  
340   80.57173   80.57173  
341   80.57173   80.57173  
342   80.57173   80.57173  
343   80.57173   80.57173  
344   80.57173   80.57173  
345   80.57173   80.57173  
346   80.57173   80.57173  
347   80.57173   80.57173  
348   80.45808   80.57059  
349   80.32529   80.45675  
350   80.32529   80.32529  
351   80.32529   80.32529  
352   80.32529   80.32529  
353   80.27888   80.32483  
354   80.07749   80.27687  
355   80.07749   80.07749  
356   80.07749   80.07749  
357   80.07749   80.07749  
358   80.07749   80.07749  
359   80.07749   80.07749  
360   80.07749   80.07749  
361   80.07749   80.07749  
362   80.03593   80.07708  
363   80.03593   80.03593  
364   80.03593   80.03593  
365   80.03593   80.03593  
366   80.03593   80.03593  
367   79.56290   80.03120  
368   79.56290   79.56290  
369   79.56290   79.56290  
370   79.56290   79.56290  
371   79.56290   79.56290  
372   79.56290   79.56290  
373   79.56290   79.56290  
374   79.34371   79.56071  
375   78.21149   79.33239  
376   78.21149   78.21149  
377   78.21149   78.21149  
378   78.21149   78.21149  
379   78.21149   78.21149  
380   78.21149   78.21149  
381   78.21149   78.21149  
382   78.21149   78.21149  
383   78.21149   78.21149  
384   77.97693   78.20915  
385   77.97693   77.97693  
386   77.97693   77.97693  
387   77.97693   77.97693  
388   77.97693   77.97693  
389   77.87616   77.97593  
390   77.78695   77.87527  
391   77.78695   77.78695  
392   77.04334   77.77951  
393   77.04334   77.04334  
394   77.04334   77.04334  
395   77.04334   77.04334  
396   77.04334   77.04334  
397   77.04334   77.04334  
398   77.04334   77.04334  
399   77.04334   77.04334  
400   77.04334   77.04334  
401   77.04334   77.04334  
402   77.04334   77.04334  
403   76.98035   77.04271  
404   76.98035   76.98035  
405   76.98035   76.98035  
406   76.98035   76.98035  
407   76.98035   76.98035  
408   76.98035   76.98035  
409   76.98035   76.98035  
410   76.98035   76.98035  
411   76.98035   76.98035  
412   76.98035   76.98035  
413   76.98035   76.98035  
414   76.98035   76.98035  
415   76.98035   76.98035  
416   76.98035   76.98035  
417   76.98035   76.98035  
418   76.98035   76.98035  
419   76.98035   76.98035  
420   76.98035   76.98035  
421   76.98035   76.98035  
422   76.98035   76.98035  
423   76.98035   76.98035  
424   76.37251   76.97427  
425   76.37251   76.37251  
426   76.37251   76.37251  
427   76.37251   76.37251  
428   76.37251   76.37251  
429   76.37251   76.37251  
430   76.37251   76.37251  
431   75.93657   76.36815  
432   75.93657   75.93657  
433   75.93657   75.93657  
434   75.93657   75.93657  
435   75.93657   75.93657  
436   75.93657   75.93657  
437   75.93657   75.93657  
438   75.93657   75.93657  
439   75.93657   75.93657  
440   75.93657   75.93657  
441   75.93657   75.93657  
442   75.93657   75.93657  
443   75.93657   75.93657  
444   75.93657   75.93657  
445   75.93657   75.93657  
446   75.93657   75.93657  
447   75.93657   75.93657  
448   75.85655   75.93577  
449   75.85655   75.85655  
450   75.85655   75.85655  
451   75.85655   75.85655  
452   75.85655   75.85655  
453   75.85655   75.85655  
454   75.85655   75.85655  
455   75.85655   75.85655  
456   75.70861   75.85507  
457   75.70861   75.70861  
458   75.70861   75.70861  
459   75.64872   75.70801  
460   75.64872   75.64872  
461   75.44956   75.64673  
462   75.44956   75.44956  
463   75.44956   75.44956  
464   75.44956   75.44956  
465   75.44956   75.44956  
466   75.44956   75.44956  
467   75.44956   75.44956  
468   75.44956   75.44956  
469   75.44956   75.44956  
470   75.44956   75.44956  
471   75.44956   75.44956  
472   75.44956   75.44956  
473   75.44956   75.44956  
474   75.44956   75.44956  
475   75.44956   75.44956  
476   75.44956   75.44956  
477   75.44956   75.44956  
478   75.44956   75.44956  
479   75.44956   75.44956  
480   75.44956   75.44956  
481   75.44956   75.44956  
482   75.44956   75.44956  
483   75.44956   75.44956  
484   75.44956   75.44956  
485   75.44956   75.44956  
486   75.44956   75.44956  
487   75.44956   75.44956  
488   75.44956   75.44956  
489   75.44956   75.44956  
490   75.44956   75.44956  
491   75.44956   75.44956  
492   75.44956   75.44956  
493   75.44956   75.44956  
494   75.44956   75.44956  
495   75.44956   75.44956  
496   75.44956   75.44956  
497   75.44956   75.44956  
498   75.44956   75.44956  
499   75.44956   75.44956  
