0     455.48389  491.63334 
1     455.48389  491.63334 
2     446.41028  454.89285 
3     441.07809  446.13988 
4     433.30844  440.66077 
5     422.14534  432.77456 
6     411.94153  421.69640 
7     405.34664  411.60829 
8     394.90984  404.71260 
9     389.95059  394.64946 
10    382.63556  389.54484 
11    374.80154  382.31720 
12    368.46996  374.48722 
13    366.05107  368.33216 
14    359.33594  365.68347 
15    356.37072  359.21290 
16    352.90486  356.24654 
17    347.89614  352.62970 
18    341.73716  347.77885 
19    338.34571  341.56552 
20    331.18110  338.21797 
21    326.17372  330.91028 
22    320.35796  326.08005 
23    312.00827  320.16925 
24    305.58153  311.84101 
25    304.31163  305.55330 
26    299.05549  304.08526 
27    296.13246  298.98953 
28    286.60526  295.78231 
29    283.23536  286.37985 
30    281.34914  283.17070 
31    279.48347  281.31321 
32    277.55566  279.44023 
33    275.21071  277.49423 
34    273.59221  275.12004 
35    270.06862  273.44163 
36    267.58925  269.98152 
37    261.86184  267.36949 
38    259.58976  261.80177 
39    258.12038  259.53866 
40    254.60846  257.99356 
41    250.55300  254.49153 
42    247.70880  250.44045 
43    244.07684  247.58533 
44    241.21365  244.00076 
45    240.03920  241.18664 
46    238.47169  239.96247 
47    235.48801  238.41547 
48    229.94809  235.34237 
49    228.12119  229.87767 
50    226.73122  228.06512 
51    223.82788  226.63125 
52    221.80502  223.75285 
53    217.94337  221.67814 
54    215.72215  217.90431 
55    213.99173  215.64286 
56    213.06235  213.97079 
57    210.33749  212.98414 
58    209.27156  210.29878 
59    207.78381  209.23551 
60    207.19893  207.76808 
61    206.21394  207.15175 
62    204.59937  206.17465 
63    197.97608  204.49395 
64    195.18256  197.92917 
65    194.56019  195.17634 
66    194.15210  194.55259 
67    190.48829  194.06352 
68    185.32829  190.42968 
69    184.42744  185.31292 
70    183.34127  184.37576 
71    181.32640  183.30316 
72    181.03799  181.31811 
73    180.18007  181.01958 
74    179.72861  180.17030 
75    178.59875  179.70873 
76    177.80805  178.58293 
77    176.91901  177.77968 
78    173.97345  176.88738 
79    172.77036  173.94302 
80    169.27502  172.71477 
81    167.24149  169.22628 
82    166.58241  167.23424 
83    166.24662  166.57301 
84    165.05457  166.22609 
85    164.22425  165.04112 
86    161.90037  164.17307 
87    160.33857  161.86405 
88    159.68779  160.31598 
89    158.73805  159.67608 
90    158.47353  158.73275 
91    157.97218  158.46148 
92    157.67680  157.96923 
93    157.12010  157.67089 
94    155.11145  157.08157 
95    154.81601  155.10818 
96    150.50502  154.74575 
97    150.09695  150.49711 
98    150.06661  150.09665 
99    149.73544  150.06330 
100   149.46515  149.72910 
101   149.37816  149.46399 
102   149.36617  149.37804 
103   148.23683  149.35475 
104   147.55874  148.22357 
105   146.99548  147.55311 
106   146.20099  146.98740 
107   145.90191  146.19719 
108   144.06488  145.88354 
109   143.92040  144.06344 
110   142.23358  143.88550 
111   141.63329  142.22649 
112   141.50222  141.63092 
113   141.50222  141.50222 
114   141.00667  141.49659 
115   140.35556  141.00016 
116   138.78743  140.33988 
117   138.78743  138.78743 
118   137.90311  138.77447 
119   137.88835  137.90282 
120   137.80742  137.88754 
121   137.80742  137.80742 
122   137.35044  137.79988 
123   136.93920  137.34524 
124   136.93920  136.93920 
125   136.54321  136.93524 
126   136.54321  136.54321 
127   136.54321  136.54321 
128   136.53092  136.54309 
129   136.50393  136.53065 
130   136.45760  136.50300 
131   135.99867  136.45301 
132   135.69400  135.99562 
133   135.22456  135.68633 
134   134.32910  135.21160 
135   133.40556  134.31987 
136   132.94541  133.39353 
137   132.60821  132.93653 
138   132.60821  132.60821 
139   128.95124  132.55949 
140   125.94475  128.91843 
141   125.68357  125.94182 
142   125.28704  125.67717 
143   124.70131  125.28118 
144   124.50401  124.69934 
145   123.89615  124.49697 
146   123.89615  123.89615 
147   123.61109  123.89129 
148   123.17866  123.60676 
149   122.43222  123.17120 
150   121.57363  122.42363 
151   121.27995  121.56953 
152   120.82864  121.26981 
153   120.15133  120.81940 
154   119.75534  120.14556 
155   119.55706  119.75336 
156   118.60648  119.54220 
157   117.29153  118.58861 
158   116.06715  117.27586 
159   116.03261  116.06680 
160   116.03261  116.03261 
161   114.65630  116.01562 
162   108.81736  114.59791 
163   108.28196  108.81200 
164   108.24901  108.28163 
165   107.95127  108.24604 
166   107.02600  107.92995 
167   106.81912  107.02288 
168   106.79581  106.81866 
169   106.79581  106.79581 
170   106.79581  106.79581 
171   106.75223  106.79538 
172   106.39066  106.74729 
173   105.75486  106.38430 
174   105.67423  105.75405 
175   104.86408  105.65990 
176   104.86408  104.86408 
177   104.82657  104.86333 
178   104.44012  104.82271 
179   104.44012  104.44012 
180   103.90418  104.43476 
181   103.90418  103.90418 
182   103.90418  103.90418 
183   103.90418  103.90418 
184   103.87103  103.90385 
185   103.81369  103.87045 
186   103.81369  103.81369 
187   103.75682  103.81251 
188   103.54932  103.75470 
189   103.54932  103.54932 
190   103.54932  103.54932 
191   103.54509  103.54928 
192   102.19052  103.53154 
193   102.19052  102.19052 
194   102.19052  102.19052 
195   102.15137  102.19013 
196   102.15137  102.15137 
197   102.01411  102.14999 
198   102.00227  102.01399 
199   101.86972  102.00095 
200   101.85209  101.86955 
201   101.32277  101.83701 
202   101.16513  101.32119 
203   101.16513  101.16513 
204   100.86831  101.15958 
205   100.86831  100.86831 
206   100.48955  100.86452 
207   100.48955  100.48955 
208   100.48955  100.48955 
209   100.48955  100.48955 
210   100.48955  100.48955 
211   100.48955  100.48955 
212   100.47858  100.48944 
213   100.47633  100.47856 
214   100.41361  100.47571 
215   100.41361  100.41361 
216   100.41361  100.41361 
217   100.41361  100.41361 
218   99.57254   100.40520 
219   99.00491   99.56687  
220   98.85908   99.00345  
221   98.85908   98.85908  
222   98.85908   98.85908  
223   98.85908   98.85908  
224   98.85908   98.85908  
225   98.85908   98.85908  
226   98.85908   98.85908  
227   98.85908   98.85908  
228   98.85908   98.85908  
229   98.85908   98.85908  
230   98.85908   98.85908  
231   98.85908   98.85908  
232   98.85908   98.85908  
233   98.06240   98.84477  
234   98.06240   98.06240  
235   98.06240   98.06240  
236   98.06240   98.06240  
237   97.98613   98.06164  
238   97.98613   97.98613  
239   97.98613   97.98613  
240   97.88943   97.98516  
241   97.08710   97.87842  
242   96.75211   97.08064  
243   96.75211   96.75211  
244   96.75211   96.75211  
245   96.27092   96.74730  
246   96.27092   96.27092  
247   96.27092   96.27092  
248   96.27092   96.27092  
249   95.69854   96.25861  
250   95.69854   95.69854  
251   95.69854   95.69854  
252   95.69854   95.69854  
253   95.69854   95.69854  
254   95.69854   95.69854  
255   95.61222   95.69681  
256   95.61222   95.61222  
257   95.61222   95.61222  
258   95.61222   95.61222  
259   95.61222   95.61222  
260   95.61222   95.61222  
261   95.61222   95.61222  
262   95.00840   95.60618  
263   93.94066   94.99772  
264   93.94066   93.94066  
265   93.94066   93.94066  
266   93.94066   93.94066  
267   93.94066   93.94066  
268   93.94066   93.94066  
269   93.94066   93.94066  
270   93.30120   93.93427  
271   93.30120   93.30120  
272   93.16025   93.29979  
273   93.16025   93.16025  
274   93.16025   93.16025  
275   93.16025   93.16025  
276   93.16025   93.16025  
277   93.16025   93.16025  
278   93.16025   93.16025  
279   92.23848   93.15103  
280   92.23848   92.23848  
281   92.23848   92.23848  
282   92.23848   92.23848  
283   91.15923   92.22410  
284   91.15923   91.15923  
285   90.84007   91.15604  
286   90.17937   90.83346  
287   89.97819   90.17735  
288   89.95382   89.97779  
289   89.52580   89.94729  
290   89.52580   89.52580  
291   89.52580   89.52580  
292   89.52580   89.52580  
293   88.83194   89.51527  
294   88.40896   88.82771  
295   88.05010   88.40537  
296   88.05010   88.05010  
297   88.03497   88.04994  
298   87.89080   88.03353  
299   87.66559   87.88753  
300   87.66559   87.66559  
301   87.66559   87.66559  
302   87.66559   87.66559  
303   87.56370   87.66457  
304   87.29643   87.56103  
305   87.29643   87.29643  
306   87.29643   87.29643  
307   87.29643   87.29643  
308   87.29643   87.29643  
309   87.29643   87.29643  
310   87.29643   87.29643  
311   87.29643   87.29643  
312   87.29643   87.29643  
313   87.29643   87.29643  
314   87.22755   87.29574  
315   87.01488   87.22542  
316   86.90463   87.01378  
317   86.90463   86.90463  
318   86.88845   86.90447  
319   86.88845   86.88845  
320   86.88845   86.88845  
321   86.88845   86.88845  
322   86.88845   86.88845  
323   86.88845   86.88845  
324   86.66123   86.88618  
325   86.66123   86.66123  
326   86.66123   86.66123  
327   86.37456   86.65736  
328   86.37456   86.37456  
329   86.33196   86.37414  
330   86.33196   86.33196  
331   86.22718   86.33091  
332   86.22718   86.22718  
333   86.22718   86.22718  
334   86.09293   86.22584  
335   86.02317   86.09223  
336   86.02317   86.02317  
337   86.02317   86.02317  
338   86.02317   86.02317  
339   86.02317   86.02317  
340   86.02317   86.02317  
341   86.02317   86.02317  
342   86.02317   86.02317  
343   86.02317   86.02317  
344   86.02317   86.02317  
345   86.02317   86.02317  
346   86.02317   86.02317  
347   86.02317   86.02317  
348   86.02317   86.02317  
349   85.62691   86.01921  
350   85.62691   85.62691  
351   85.62691   85.62691  
352   85.62691   85.62691  
353   85.62691   85.62691  
354   85.62691   85.62691  
355   85.62691   85.62691  
356   85.62691   85.62691  
357   85.52690   85.62591  
358   85.52690   85.52690  
359   85.52690   85.52690  
360   85.52690   85.52690  
361   85.52690   85.52690  
362   85.52690   85.52690  
363   85.52690   85.52690  
364   85.52690   85.52690  
365   85.52690   85.52690  
366   85.52690   85.52690  
367   85.52690   85.52690  
368   85.52690   85.52690  
369   85.52690   85.52690  
370   85.52690   85.52690  
371   85.52690   85.52690  
372   85.52690   85.52690  
373   85.52690   85.52690  
374   85.52690   85.52690  
375   85.52690   85.52690  
376   85.52690   85.52690  
377   85.52690   85.52690  
378   85.52690   85.52690  
379   85.52690   85.52690  
380   85.52690   85.52690  
381   85.52690   85.52690  
382   85.52690   85.52690  
383   84.78923   85.51952  
384   84.78923   84.78923  
385   84.78923   84.78923  
386   84.78923   84.78923  
387   84.78923   84.78923  
388   84.78923   84.78923  
389   84.78923   84.78923  
390   84.78923   84.78923  
391   84.78923   84.78923  
392   84.61510   84.78748  
393   84.61510   84.61510  
394   84.61510   84.61510  
395   84.61510   84.61510  
396   83.78516   84.60680  
397   83.78516   83.78516  
398   83.78516   83.78516  
399   83.78516   83.78516  
400   83.78516   83.78516  
401   83.78516   83.78516  
402   83.78516   83.78516  
403   83.78516   83.78516  
404   83.78516   83.78516  
405   83.78516   83.78516  
406   79.70219   83.74433  
407   79.70219   79.70219  
408   79.70219   79.70219  
409   79.70219   79.70219  
410   79.70219   79.70219  
411   79.70219   79.70219  
412   79.70219   79.70219  
413   79.70219   79.70219  
414   79.70219   79.70219  
415   79.70219   79.70219  
416   79.70219   79.70219  
417   79.70219   79.70219  
418   79.70219   79.70219  
419   79.70219   79.70219  
420   79.70219   79.70219  
421   79.70219   79.70219  
422   79.70219   79.70219  
423   79.70219   79.70219  
424   79.70219   79.70219  
425   79.70219   79.70219  
426   79.70219   79.70219  
427   79.70219   79.70219  
428   79.70219   79.70219  
429   79.70219   79.70219  
430   79.70219   79.70219  
431   79.70219   79.70219  
432   79.70219   79.70219  
433   79.70219   79.70219  
434   79.70219   79.70219  
435   79.70219   79.70219  
436   79.70219   79.70219  
437   79.70219   79.70219  
438   79.70219   79.70219  
439   79.70219   79.70219  
440   79.70219   79.70219  
441   79.70219   79.70219  
442   79.70219   79.70219  
443   79.70219   79.70219  
444   79.70219   79.70219  
445   79.70219   79.70219  
446   79.70219   79.70219  
447   79.70219   79.70219  
448   79.70219   79.70219  
449   79.70219   79.70219  
450   79.70219   79.70219  
451   79.70219   79.70219  
452   79.70219   79.70219  
453   79.70219   79.70219  
454   79.70219   79.70219  
455   79.70219   79.70219  
456   79.70219   79.70219  
457   79.70219   79.70219  
458   79.70219   79.70219  
459   79.70219   79.70219  
460   79.70219   79.70219  
461   79.70219   79.70219  
462   79.70219   79.70219  
463   79.70219   79.70219  
464   79.70219   79.70219  
465   79.70219   79.70219  
466   79.70219   79.70219  
467   79.70219   79.70219  
468   79.70219   79.70219  
469   79.70219   79.70219  
470   79.70219   79.70219  
471   79.70219   79.70219  
472   79.70219   79.70219  
473   79.70219   79.70219  
474   79.70219   79.70219  
475   79.70219   79.70219  
476   79.70219   79.70219  
477   79.70219   79.70219  
478   79.70219   79.70219  
479   79.70219   79.70219  
480   79.70219   79.70219  
481   79.31845   79.69835  
482   79.31845   79.31845  
483   79.31845   79.31845  
484   79.31845   79.31845  
485   79.31845   79.31845  
486   79.31845   79.31845  
487   79.31845   79.31845  
488   79.31845   79.31845  
489   79.31845   79.31845  
490   79.31845   79.31845  
491   79.31845   79.31845  
492   79.31845   79.31845  
493   79.31845   79.31845  
494   79.31845   79.31845  
495   79.31845   79.31845  
496   79.31845   79.31845  
497   79.31845   79.31845  
498   79.31845   79.31845  
499   79.31845   79.31845  
