0     33.53818   40.28408  
1     33.53818   40.28408  
2     32.14805   33.98239  
3     29.41574   32.29891  
4     28.02560   29.62734  
5     27.23780   28.13053  
6     24.60066   27.38386  
7     23.61583   24.77097  
8     23.59335   23.74168  
9     22.71564   23.57546  
10    21.73969   22.79968  
11    20.01731   21.88691  
12    19.52987   20.39110  
13    19.07450   19.53410  
14    17.89344   19.04741  
15    17.75126   18.06977  
16    16.71948   17.76657  
17    16.71419   17.13526  
18    16.70116   16.71567  
19    16.54534   16.70139  
20    16.22002   16.54808  
21    16.17094   16.27423  
22    15.98476   16.18323  
23    15.96873   16.03584  
24    15.94907   15.97376  
25    13.27490   15.92821  
26    11.85511   14.22181  
27    11.72581   12.47227  
28    11.61917   11.76282  
29    11.60780   11.64219  
30    11.32286   11.60958  
31    11.32286   11.43562  
32    11.31957   11.32277  
33    11.19758   11.31882  
34    11.19758   11.25747  
35    11.19758   11.19758  
36    11.19442   11.19748  
37    11.18904   11.19516  
38    11.18904   11.19105  
39    10.96068   11.18447  
40    10.96068   10.99899  
41    10.95632   10.96064  
42    10.32281   10.95139  
43    9.85275    10.51953  
44    9.85275    10.11463  
45    9.58779    9.84478   
46    9.58616    9.58772   
47    8.96462    9.57998   
48    8.78766    9.14022   
49    8.78614    8.87037   
50    8.75361    8.78614   
51    8.75361    8.76062   
52    8.65312    8.75258   
53    8.01219    8.68671   
54    7.99472    8.25733   
55    7.91170    8.00131   
56    7.91170    7.95058   
57    7.89424    7.91139   
58    7.48670    7.89430   
59    7.48568    7.68091   
60    7.46821    7.48564   
61    7.46821    7.47213   
62    7.04945    7.46403   
63    7.04945    7.24234   
64    7.04945    7.04945   
65    7.04945    7.04945   
66    7.04945    7.04945   
67    7.04945    7.04945   
68    7.04945    7.04945   
69    7.04945    7.04945   
70    7.04945    7.04945   
71    7.04945    7.04945   
72    7.04945    7.04945   
73    7.04945    7.04945   
74    7.04945    7.04945   
75    7.04945    7.04945   
76    7.04945    7.04945   
77    7.04945    7.04945   
78    7.04945    7.04945   
79    7.04945    7.04945   
80    7.04945    7.04945   
81    7.04945    7.04945   
82    7.04945    7.04945   
83    7.04945    7.04945   
84    7.04945    7.04945   
85    7.04945    7.04945   
86    7.04945    7.04945   
87    7.04945    7.04945   
88    7.04945    7.04945   
89    7.04945    7.04945   
90    7.04945    7.04945   
91    7.04945    7.04945   
92    7.04945    7.04945   
93    7.04945    7.04945   
94    7.04945    7.04945   
95    7.04945    7.04945   
96    7.04945    7.04945   
97    7.04945    7.04945   
98    7.04945    7.04945   
99    7.04945    7.04945   
100   7.04945    7.04945   
101   7.04945    7.04945   
102   7.04945    7.04945   
103   7.04945    7.04945   
104   7.04945    7.04945   
105   7.04945    7.04945   
106   7.04945    7.04945   
107   7.04945    7.04945   
108   7.04945    7.04945   
109   7.04945    7.04945   
110   7.04945    7.04945   
111   7.04945    7.04945   
112   7.04945    7.04945   
113   7.04945    7.04945   
114   7.04945    7.04945   
115   7.04945    7.04945   
116   7.04945    7.04945   
117   7.04945    7.04945   
118   7.04945    7.04945   
119   7.04945    7.04945   
120   7.04945    7.04945   
121   7.04945    7.04945   
122   7.04945    7.04945   
123   7.04945    7.04945   
124   7.04945    7.04945   
125   7.04945    7.04945   
126   7.04945    7.04945   
127   7.04945    7.04945   
128   7.04945    7.04945   
129   7.04945    7.04945   
130   7.04945    7.04945   
131   7.04945    7.04945   
132   7.04945    7.04945   
133   7.04945    7.04945   
134   7.04945    7.04945   
135   7.04945    7.04945   
136   7.04945    7.04945   
137   7.04945    7.04945   
138   7.04945    7.04945   
139   7.04945    7.04945   
140   7.04945    7.04945   
141   7.04945    7.04945   
142   7.04945    7.04945   
143   7.04945    7.04945   
144   7.04945    7.04945   
145   7.04945    7.04945   
146   7.04945    7.04945   
147   7.04945    7.04945   
148   7.04945    7.04945   
149   7.04945    7.04945   
150   7.04945    7.04945   
151   7.04945    7.04945   
152   7.04945    7.04945   
153   7.04945    7.04945   
154   7.04945    7.04945   
155   7.04945    7.04945   
156   7.04945    7.04945   
157   7.04945    7.04945   
158   7.04945    7.04945   
159   7.04945    7.04945   
160   7.04945    7.04945   
161   7.04945    7.04945   
162   7.04945    7.04945   
163   7.04945    7.04945   
164   7.04945    7.04945   
165   7.04945    7.04945   
166   7.04945    7.04945   
167   7.04945    7.04945   
168   7.04945    7.04945   
169   7.04945    7.04945   
170   7.04945    7.04945   
171   7.04945    7.04945   
172   7.04945    7.04945   
173   7.04945    7.04945   
174   7.04945    7.04945   
175   7.04945    7.04945   
176   7.04945    7.04945   
177   7.04945    7.04945   
178   7.04945    7.04945   
179   7.04945    7.04945   
180   7.04945    7.04945   
181   7.04945    7.04945   
182   7.04945    7.04945   
183   7.04945    7.04945   
184   7.04945    7.04945   
185   7.04945    7.04945   
186   7.04945    7.04945   
187   7.04945    7.04945   
188   7.04945    7.04945   
189   7.04945    7.04945   
190   7.04945    7.04945   
191   7.04945    7.04945   
192   7.04945    7.04945   
193   7.04945    7.04945   
194   7.04945    7.04945   
195   7.04945    7.04945   
196   7.04945    7.04945   
197   7.04945    7.04945   
198   7.04945    7.04945   
199   7.04945    7.04945   
200   7.04945    7.04945   
201   7.04945    7.04945   
202   7.04945    7.04945   
203   7.04945    7.04945   
204   7.04945    7.04945   
205   7.04945    7.04945   
206   7.04945    7.04945   
207   7.04945    7.04945   
208   7.04945    7.04945   
209   7.04945    7.04945   
210   7.04945    7.04945   
211   7.04945    7.04945   
212   7.04945    7.04945   
213   7.04945    7.04945   
214   7.04945    7.04945   
215   7.04945    7.04945   
216   7.04945    7.04945   
217   7.04945    7.04945   
218   7.04945    7.04945   
219   7.04945    7.04945   
220   7.04945    7.04945   
221   7.04945    7.04945   
222   7.04945    7.04945   
223   7.04945    7.04945   
224   7.04945    7.04945   
225   7.04945    7.04945   
226   7.04945    7.04945   
227   7.04945    7.04945   
228   7.04945    7.04945   
229   7.04945    7.04945   
230   7.04945    7.04945   
231   7.04945    7.04945   
232   7.04945    7.04945   
233   7.04945    7.04945   
234   7.04945    7.04945   
235   7.04945    7.04945   
236   7.04945    7.04945   
237   7.04945    7.04945   
238   7.04945    7.04945   
239   7.04945    7.04945   
240   7.04945    7.04945   
241   7.04945    7.04945   
242   7.04945    7.04945   
243   7.04945    7.04945   
244   7.04945    7.04945   
245   7.04945    7.04945   
246   7.04945    7.04945   
247   7.04945    7.04945   
248   7.04945    7.04945   
249   7.04945    7.04945   
250   7.04945    7.04945   
251   7.04945    7.04945   
252   7.04945    7.04945   
253   7.04945    7.04945   
254   7.04945    7.04945   
255   7.04945    7.04945   
256   7.04945    7.04945   
257   7.04945    7.04945   
258   7.04945    7.04945   
259   7.04945    7.04945   
260   7.04945    7.04945   
261   7.04945    7.04945   
262   7.04945    7.04945   
263   7.04945    7.04945   
264   7.04945    7.04945   
265   7.04945    7.04945   
266   7.04945    7.04945   
267   7.04945    7.04945   
268   7.04945    7.04945   
269   7.04945    7.04945   
270   7.04945    7.04945   
271   7.04945    7.04945   
272   7.04945    7.04945   
273   7.04945    7.04945   
274   7.04945    7.04945   
275   7.04945    7.04945   
276   7.04945    7.04945   
277   7.04945    7.04945   
278   7.04945    7.04945   
279   7.04945    7.04945   
280   7.04945    7.04945   
281   7.04945    7.04945   
282   7.04945    7.04945   
283   7.04945    7.04945   
284   7.04945    7.04945   
285   7.04945    7.04945   
286   7.04945    7.04945   
287   7.04945    7.04945   
288   7.04945    7.04945   
289   7.04945    7.04945   
290   7.04945    7.04945   
291   7.04945    7.04945   
292   7.04945    7.04945   
293   7.04945    7.04945   
294   7.04945    7.04945   
295   7.04945    7.04945   
296   7.04945    7.04945   
297   7.04945    7.04945   
298   7.04945    7.04945   
299   7.04945    7.04945   
300   7.04945    7.04945   
301   7.04945    7.04945   
302   7.04945    7.04945   
303   7.04945    7.04945   
304   7.04945    7.04945   
305   7.04945    7.04945   
306   7.04945    7.04945   
307   7.04945    7.04945   
308   7.04945    7.04945   
309   7.04945    7.04945   
310   7.04945    7.04945   
311   7.04945    7.04945   
312   7.04945    7.04945   
313   7.04945    7.04945   
314   7.04945    7.04945   
315   7.04945    7.04945   
316   7.04945    7.04945   
317   7.04945    7.04945   
318   7.04945    7.04945   
319   7.04945    7.04945   
320   7.04945    7.04945   
321   7.04945    7.04945   
322   7.04945    7.04945   
323   7.04945    7.04945   
324   7.04945    7.04945   
325   7.04945    7.04945   
326   7.04945    7.04945   
327   7.04945    7.04945   
328   7.04945    7.04945   
329   7.04945    7.04945   
330   7.04945    7.04945   
331   7.04945    7.04945   
332   7.04945    7.04945   
333   7.04945    7.04945   
334   7.04945    7.04945   
335   7.04945    7.04945   
336   7.04945    7.04945   
337   7.04945    7.04945   
338   7.04945    7.04945   
339   7.04945    7.04945   
340   7.04945    7.04945   
341   7.04945    7.04945   
342   7.04945    7.04945   
343   7.04945    7.04945   
344   7.04945    7.04945   
345   7.04945    7.04945   
346   7.04945    7.04945   
347   7.04945    7.04945   
348   7.04945    7.04945   
349   7.04945    7.04945   
350   7.04945    7.04945   
351   7.04945    7.04945   
352   7.04945    7.04945   
353   7.04945    7.04945   
354   7.04945    7.04945   
355   7.04945    7.04945   
356   7.04945    7.04945   
357   7.04945    7.04945   
358   7.04945    7.04945   
359   7.04945    7.04945   
360   7.04945    7.04945   
361   7.04945    7.04945   
362   7.04945    7.04945   
363   7.04945    7.04945   
364   7.04945    7.04945   
365   7.04945    7.04945   
366   7.04945    7.04945   
367   7.04945    7.04945   
368   7.04945    7.04945   
369   7.04945    7.04945   
370   7.04945    7.04945   
371   7.04945    7.04945   
372   7.04945    7.04945   
373   7.04945    7.04945   
374   7.04945    7.04945   
375   7.04945    7.04945   
376   7.04945    7.04945   
377   7.04945    7.04945   
378   7.04945    7.04945   
379   7.04945    7.04945   
380   7.04945    7.04945   
381   7.04945    7.04945   
382   7.04945    7.04945   
383   7.04945    7.04945   
384   7.04945    7.04945   
385   7.04945    7.04945   
386   7.04945    7.04945   
387   7.04945    7.04945   
388   7.04945    7.04945   
389   7.04945    7.04945   
390   7.04945    7.04945   
391   7.04945    7.04945   
392   7.04945    7.04945   
393   7.04945    7.04945   
394   7.04945    7.04945   
395   7.04945    7.04945   
396   7.04945    7.04945   
397   7.04945    7.04945   
398   7.04945    7.04945   
399   7.04945    7.04945   
400   7.04945    7.04945   
401   7.04945    7.04945   
402   7.04945    7.04945   
403   7.04945    7.04945   
404   7.04945    7.04945   
405   7.04945    7.04945   
406   7.04945    7.04945   
407   7.04945    7.04945   
408   7.04945    7.04945   
409   7.04945    7.04945   
410   7.04945    7.04945   
411   7.04945    7.04945   
412   7.04945    7.04945   
413   7.04945    7.04945   
414   7.04945    7.04945   
415   7.04945    7.04945   
416   7.04945    7.04945   
417   7.04945    7.04945   
418   7.04945    7.04945   
419   7.04945    7.04945   
420   7.04945    7.04945   
421   7.04945    7.04945   
422   7.04945    7.04945   
423   7.04945    7.04945   
424   7.04945    7.04945   
425   7.04945    7.04945   
426   7.04945    7.04945   
427   7.04945    7.04945   
428   7.04945    7.04945   
429   7.04945    7.04945   
430   7.04945    7.04945   
431   7.04945    7.04945   
432   7.04945    7.04945   
433   7.04945    7.04945   
434   7.04945    7.04945   
435   7.04945    7.04945   
436   7.04945    7.04945   
437   7.04945    7.04945   
438   7.04945    7.04945   
439   7.04945    7.04945   
440   7.04945    7.04945   
441   7.04945    7.04945   
442   7.04945    7.04945   
443   7.04945    7.04945   
444   7.04945    7.04945   
445   7.04945    7.04945   
446   7.04945    7.04945   
447   7.04945    7.04945   
448   7.04945    7.04945   
449   7.04945    7.04945   
450   7.04945    7.04945   
451   7.04945    7.04945   
452   7.04945    7.04945   
453   7.04945    7.04945   
454   7.04945    7.04945   
455   7.04945    7.04945   
456   7.04945    7.04945   
457   7.04945    7.04945   
458   7.04945    7.04945   
459   7.04945    7.04945   
460   7.04945    7.04945   
461   7.04945    7.04945   
462   7.04945    7.04945   
463   7.04945    7.04945   
464   7.04945    7.04945   
465   7.04945    7.04945   
466   7.04945    7.04945   
467   7.04945    7.04945   
468   7.04945    7.04945   
469   7.04945    7.04945   
470   7.04945    7.04945   
471   7.04945    7.04945   
472   7.04945    7.04945   
473   7.04945    7.04945   
474   7.04945    7.04945   
475   7.04945    7.04945   
476   7.04945    7.04945   
477   7.04945    7.04945   
478   7.04945    7.04945   
479   7.04945    7.04945   
480   7.04945    7.04945   
481   7.04945    7.04945   
482   7.04945    7.04945   
483   7.04945    7.04945   
484   7.04945    7.04945   
485   7.04945    7.04945   
486   7.04945    7.04945   
487   7.04945    7.04945   
488   7.04945    7.04945   
489   7.04945    7.04945   
490   7.04945    7.04945   
491   7.04945    7.04945   
492   7.04945    7.04945   
493   7.04945    7.04945   
494   7.04945    7.04945   
495   7.04945    7.04945   
496   7.04945    7.04945   
497   7.04945    7.04945   
498   7.04945    7.04945   
499   7.04945    7.04945   
