0     455.48389  491.63334 
1     455.48389  491.63334 
2     452.52431  457.01858 
3     443.49420  452.17367 
4     434.81382  444.03673 
5     429.62611  435.81450 
6     423.31091  430.07411 
7     417.06958  424.30065 
8     407.49356  416.88368 
9     401.58212  408.14433 
10    393.62414  402.97626 
11    392.08632  395.67472 
12    385.58855  392.07009 
13    383.47826  385.84109 
14    376.31418  383.17628 
15    372.85827  377.20440 
16    364.32971  372.98263 
17    357.92460  365.31054 
18    353.45240  359.07229 
19    351.82727  354.19031 
20    345.25288  351.80431 
21    335.38330  346.25887 
22    334.64241  337.88891 
23    327.29604  334.73348 
24    322.88513  329.58943 
25    319.55355  323.86524 
26    313.91550  320.35589 
27    311.60614  315.39266 
28    307.86649  312.22843 
29    303.87037  308.72698 
30    302.22158  304.78228 
31    292.50382  302.27007 
32    290.03211  295.20437 
33    287.03355  290.52637 
34    286.28211  287.69239 
35    285.37651  286.43442 
36    283.34488  285.40991 
37    281.15847  283.65414 
38    279.53107  281.50697 
39    277.66703  280.16870 
40    276.38776  278.16542 
41    273.58618  276.72781 
42    269.81761  274.14144 
43    266.67042  270.78774 
44    264.83223  267.48100 
45    263.23319  265.09059 
46    262.48476  263.79467 
47    261.36097  262.56767 
48    260.02823  261.56780 
49    253.73325  260.22736 
50    253.46504  255.34353 
51    231.26371  253.25010 
52    228.80125  233.85935 
53    227.45232  229.00352 
54    226.40241  227.80087 
55    220.33451  226.62185 
56    218.73350  221.07857 
57    214.92532  219.14695 
58    212.62460  215.91332 
59    211.64498  212.96238 
60    208.66881  211.81078 
61    208.16483  209.50868 
62    207.04141  208.36002 
63    206.19921  207.30114 
64    205.67053  206.36551 
65    203.70441  205.76134 
66    203.49021  204.00883 
67    202.57988  203.52364 
68    202.48643  202.77710 
69    199.16308  202.44882 
70    198.03988  200.20499 
71    197.10238  198.40244 
72    196.93947  197.41268 
73    195.48408  196.96023 
74    194.02410  195.89265 
75    193.91330  194.58188 
76    193.04021  193.93248 
77    190.82324  193.28214 
78    189.70787  191.53236 
79    189.27537  189.96011 
80    189.27537  189.40423 
81    184.68182  189.22852 
82    183.51040  185.80123 
83    182.21661  183.87605 
84    180.04522  182.47920 
85    180.04522  181.03645 
86    178.52787  180.02716 
87    178.52787  178.90988 
88    177.70095  178.51074 
89    177.07896  177.91000 
90    176.91848  177.31544 
91    173.83259  176.91611 
92    172.54089  174.68756 
93    171.92642  172.80174 
94    171.42189  172.07513 
95    169.88869  171.55255 
96    168.61590  170.33834 
97    168.60825  169.01081 
98    167.13400  168.56531 
99    166.80600  167.35791 
100   165.75526  166.93487 
101   156.02195  165.95018 
102   155.40154  158.14756 
103   153.86789  155.63547 
104   153.08151  154.42190 
105   152.05811  153.30449 
106   151.51430  152.36237 
107   151.08876  151.68350 
108   148.74902  151.16638 
109   148.74902  149.31454 
110   148.62407  148.74777 
111   148.27612  148.67236 
112   147.78630  148.34233 
113   147.78630  147.88006 
114   146.72279  147.77390 
115   145.86063  147.01396 
116   145.48803  146.13815 
117   144.40456  145.55497 
118   144.17406  144.69464 
119   143.82612  144.25721 
120   143.82612  143.94718 
121   139.08601  143.77504 
122   139.08601  140.43616 
123   136.84134  139.06357 
124   135.74185  137.51815 
125   135.44532  136.00085 
126   135.25782  135.54956 
127   135.19250  135.31956 
128   134.21905  135.20075 
129   134.09410  134.51524 
130   133.66856  134.13109 
131   133.61747  133.81243 
132   132.71884  133.62504 
133   132.51693  132.95520 
134   131.72996  132.58466 
135   131.72107  131.95377 
136   131.59654  131.72101 
137   130.99460  131.63981 
138   130.87140  131.19139 
139   130.42452  130.92107 
140   130.12798  130.56869 
141   130.12798  130.24138 
142   129.39048  130.12061 
143   129.39048  129.63284 
144   129.39048  129.39048 
145   128.57370  129.38231 
146   127.73602  128.79708 
147   127.69167  128.06911 
148   127.69167  127.70631 
149   126.36213  127.67838 
150   126.36213  126.78649 
151   122.83773  126.32638 
152   122.36213  124.20940 
153   122.36213  122.53937 
154   121.58906  122.35383 
155   121.58906  121.85309 
156   121.53234  121.58850 
157   121.47805  121.55890 
158   121.42485  121.49652 
159   121.42485  121.44347 
160   121.29800  121.42358 
161   121.08886  121.34792 
162   121.08886  121.16444 
163   120.37445  121.08172 
164   120.35410  120.57068 
165   120.35410  120.36427 
166   120.35410  120.35410 
167   120.19421  120.35250 
168   120.13884  120.25761 
169   119.08245  120.15296 
170   119.08245  119.57922 
171   115.01754  119.03776 
172   114.93661  116.19945 
173   114.50231  114.96706 
174   114.36851  114.64121 
175   113.95103  114.40524 
176   113.93421  114.12036 
177   113.54225  113.93483 
178   113.54225  113.67673 
179   113.49543  113.54178 
180   113.49543  113.51041 
181   109.35669  113.45404 
182   109.35669  110.65770 
183   109.35669  109.35669 
184   109.35669  109.35669 
185   109.35669  109.35669 
186   108.98615  109.34927 
187   108.70356  109.05459 
188   108.65606  108.79642 
189   108.37347  108.67128 
190   107.31707  108.45702 
191   107.31707  107.65552 
192   107.31707  107.31707 
193   107.31707  107.31707 
194   107.29717  107.31688 
195   107.29717  107.30430 
196   107.29717  107.29717 
197   106.83197  107.29252 
198   106.62507  106.97526 
199   106.62507  106.68928 
200   106.55310  106.62435 
201   106.03274  106.57059 
202   105.56754  106.17341 
203   105.56754  105.75265 
204   105.56754  105.56754 
205   105.56754  105.56754 
206   105.56754  105.56754 
207   105.56754  105.56754 
208   105.05945  105.56174 
209   105.05945  105.23987 
210   105.01011  105.05896 
211   99.86272   104.97640 
212   99.86272   101.77703 
213   99.80538   99.86215  
214   99.80538   99.82488  
215   99.76481   99.80497  
216   99.53737   99.77652  
217   99.53737   99.62575  
218   99.53737   99.53737  
219   99.53737   99.53737  
220   99.53737   99.53737  
221   99.53737   99.53737  
222   99.53737   99.53737  
223   96.89437   99.48451  
224   96.89437   97.88429  
225   96.89437   96.89437  
226   96.89437   96.89437  
227   96.89437   96.89437  
228   96.81464   96.89357  
229   95.80436   96.83268  
230   95.80436   96.19284  
231   95.23633   95.79868  
232   95.19577   95.46166  
233   95.19577   95.21037  
234   94.80779   95.19189  
235   94.71110   94.98898  
236   93.52278   94.74176  
237   93.52278   93.87464  
238   93.52278   93.52278  
239   92.86654   93.51492  
240   92.86654   93.04069  
241   92.86654   92.86654  
242   92.86654   92.86654  
243   92.86654   92.86654  
244   92.86654   92.86654  
245   91.94385   92.85731  
246   91.94385   92.27265  
247   91.90726   91.94349  
248   91.90726   91.92245  
249   91.90726   91.90726  
250   91.49519   91.90314  
251   91.49519   91.68548  
252   91.49519   91.49519  
253   91.49519   91.49519  
254   91.45420   91.49438  
255   91.41363   91.46693  
256   91.18521   91.42271  
257   91.18521   91.27658  
258   91.18521   91.18521  
259   91.18521   91.18521  
260   89.23678   91.16572  
261   89.23678   89.92270  
262   88.68989   89.22836  
263   88.68989   88.85600  
264   88.55971   88.68858  
265   88.55971   88.60397  
266   88.46112   88.55873  
267   87.23648   88.48122  
268   87.09358   87.67459  
269   87.09358   87.14833  
270   87.09358   87.09358  
271   84.18929   87.06413  
272   84.18929   85.05856  
273   84.18929   84.18929  
274   84.18929   84.18929  
275   84.18929   84.18929  
276   83.13973   84.17879  
277   82.75044   83.46743  
278   82.13170   82.84344  
279   82.13170   82.34504  
280   82.13170   82.13170  
281   82.13170   82.13170  
282   82.13170   82.13170  
283   82.13170   82.13170  
284   82.13170   82.13170  
285   82.08178   82.13120  
286   82.08178   82.09576  
287   82.07257   82.08169  
288   82.07257   82.07625  
289   82.07257   82.07257  
290   82.07257   82.07257  
291   82.07257   82.07257  
292   82.07257   82.07257  
293   82.07257   82.07257  
294   81.78019   82.06964  
295   81.64336   81.90418  
296   81.64336   81.69672  
297   81.40343   81.63931  
298   81.40343   81.48127  
299   81.23858   81.40179  
300   81.23858   81.29133  
301   80.95528   81.23575  
302   80.95528   81.04855  
303   80.95528   80.95528  
304   80.95528   80.95528  
305   80.95528   80.95528  
306   80.95528   80.95528  
307   80.95528   80.95528  
308   80.95528   80.95528  
309   80.95528   80.95528  
310   80.57764   80.95151  
311   80.57764   80.75035  
312   80.53888   80.57725  
313   80.53888   80.55400  
314   80.53888   80.53888  
315   80.53888   80.53888  
316   80.53888   80.53888  
317   80.53888   80.53888  
318   80.53888   80.53888  
319   80.14840   80.53498  
320   80.14840   80.27810  
321   78.27491   80.12967  
322   78.27491   78.93748  
323   78.27491   78.27491  
324   78.27491   78.27491  
325   78.27491   78.27491  
326   78.27491   78.27491  
327   78.27491   78.27491  
328   78.27491   78.27491  
329   78.27491   78.27491  
330   78.27491   78.27491  
331   77.78551   78.27002  
332   77.78551   77.97689  
333   77.31308   77.78040  
334   77.31308   77.46955  
335   77.21916   77.31136  
336   77.05367   77.23805  
337   77.05367   77.12209  
338   77.05367   77.05367  
339   77.01491   77.05328  
340   77.01491   77.03080  
341   76.01723   77.00493  
342   75.78530   76.21238  
343   75.78530   75.86184  
344   75.78530   75.78530  
345   75.78530   75.78530  
346   75.78530   75.78530  
347   75.78530   75.78530  
348   75.78530   75.78530  
349   75.78530   75.78530  
350   75.72844   75.78473  
351   75.72844   75.75289  
352   75.72844   75.72844  
353   75.72844   75.72844  
354   75.72844   75.72844  
355   75.72844   75.72844  
356   75.72844   75.72844  
357   75.72844   75.72844  
358   75.72844   75.72844  
359   75.72844   75.72844  
360   75.72844   75.72844  
361   75.72844   75.72844  
362   75.56295   75.72678  
363   75.56295   75.62310  
364   75.56295   75.56295  
365   75.56295   75.56295  
366   75.56295   75.56295  
367   75.56295   75.56295  
368   75.56295   75.56295  
369   75.56295   75.56295  
370   75.56295   75.56295  
371   75.56295   75.56295  
372   75.56295   75.56295  
373   75.56295   75.56295  
374   75.56295   75.56295  
375   75.56295   75.56295  
376   75.56295   75.56295  
377   75.56295   75.56295  
378   75.56295   75.56295  
379   75.56295   75.56295  
380   75.56295   75.56295  
381   75.35721   75.56089  
382   75.35721   75.43560  
383   75.35721   75.35721  
384   75.35721   75.35721  
385   75.35721   75.35721  
386   75.35721   75.35721  
387   75.06613   75.35336  
388   75.06613   75.16735  
389   75.06613   75.06613  
390   75.06613   75.06613  
391   74.86276   75.06410  
392   74.86276   74.95771  
393   74.86276   74.86276  
394   74.86276   74.86276  
395   74.86276   74.86276  
396   74.86276   74.86276  
397   74.86276   74.86276  
398   74.86276   74.86276  
399   74.86276   74.86276  
400   74.86276   74.86276  
401   74.86276   74.86276  
402   74.86276   74.86276  
403   74.86276   74.86276  
404   74.86276   74.86276  
405   74.86276   74.86276  
406   74.86276   74.86276  
407   74.86276   74.86276  
408   74.86276   74.86276  
409   74.86276   74.86276  
410   74.86276   74.86276  
411   74.22388   74.85638  
412   74.22388   74.50111  
413   74.22388   74.22388  
414   74.22388   74.22388  
415   74.22388   74.22388  
416   74.22388   74.22388  
417   74.22388   74.22388  
418   74.22388   74.22388  
419   74.22388   74.22388  
420   74.22388   74.22388  
421   74.17199   74.22336  
422   74.17199   74.18978  
423   74.17199   74.17199  
424   74.17199   74.17199  
425   74.17199   74.17199  
426   74.17199   74.17199  
427   74.17199   74.17199  
428   74.17199   74.17199  
429   74.17199   74.17199  
430   74.17199   74.17199  
431   74.17199   74.17199  
432   74.17199   74.17199  
433   74.17199   74.17199  
434   74.09649   74.17124  
435   74.09649   74.12594  
436   74.09649   74.09649  
437   74.08415   74.09625  
438   74.08415   74.08921  
439   74.08415   74.08415  
440   74.08415   74.08415  
441   74.08415   74.08415  
442   74.08415   74.08415  
443   74.08415   74.08415  
444   74.08415   74.08415  
445   74.08415   74.08415  
446   74.08415   74.08415  
447   74.08415   74.08415  
448   74.08415   74.08415  
449   74.08415   74.08415  
450   74.08415   74.08415  
451   74.08415   74.08415  
452   74.08415   74.08415  
453   74.08415   74.08415  
454   74.08415   74.08415  
455   74.08415   74.08415  
456   74.08415   74.08415  
457   74.08415   74.08415  
458   74.08415   74.08415  
459   73.61168   74.07943  
460   73.61168   73.75035  
461   73.61168   73.61168  
462   73.61168   73.61168  
463   73.61168   73.61168  
464   73.61168   73.61168  
465   73.61168   73.61168  
466   73.61168   73.61168  
467   73.61168   73.61168  
468   73.61168   73.61168  
469   73.61168   73.61168  
470   73.61168   73.61168  
471   73.61168   73.61168  
472   73.61168   73.61168  
473   73.61168   73.61168  
474   73.61168   73.61168  
475   73.61168   73.61168  
476   73.61168   73.61168  
477   73.61168   73.61168  
478   73.61168   73.61168  
479   73.61168   73.61168  
480   73.61168   73.61168  
481   73.56350   73.61120  
482   73.56350   73.58229  
483   73.56350   73.56350  
484   73.56350   73.56350  
485   73.56350   73.56350  
486   73.56350   73.56350  
487   73.56350   73.56350  
488   73.56350   73.56350  
489   73.56350   73.56350  
490   73.56350   73.56350  
491   73.56350   73.56350  
492   73.56350   73.56350  
493   73.56350   73.56350  
494   73.56350   73.56350  
495   73.56350   73.56350  
496   73.56350   73.56350  
497   73.56350   73.56350  
498   73.56350   73.56350  
499   73.56350   73.56350  
