0     455.48389  491.63334 
1     455.48389  491.63334 
2     445.47217  454.97937 
3     436.35403  444.66755 
4     430.78629  435.92705 
5     426.28072  430.53950 
6     418.50286  426.07031 
7     412.55718  418.01899 
8     405.71969  412.09652 
9     398.90568  405.46111 
10    393.49946  398.50254 
11    384.87996  393.15124 
12    378.93037  384.57328 
13    370.61657  378.61316 
14    367.68777  370.52206 
15    363.27802  367.54364 
16    353.98031  363.13915 
17    348.75304  353.67764 
18    343.13549  348.49921 
19    340.22429  343.06878 
20    336.02282  340.01477 
21    332.66484  335.91229 
22    331.12156  332.63453 
23    327.60767  331.01124 
24    321.23010  327.32269 
25    317.43731  321.05053 
26    314.58154  317.33534 
27    310.70170  314.40297 
28    306.25791  310.63007 
29    298.47460  305.98480 
30    292.74674  298.25418 
31    289.78716  292.66437 
32    287.85935  289.73362 
33    286.40534  287.81112 
34    285.03693  286.33605 
35    280.46676  284.89009 
36    276.65517  280.35016 
37    275.69110  276.62036 
38    269.92882  275.61553 
39    268.09371  269.90003 
40    264.63300  268.01185 
41    262.67600  264.59620 
42    261.71468  262.63103 
43    254.27586  261.48693 
44    251.75555  254.18746 
45    247.92006  251.69026 
46    246.03611  247.85934 
47    243.94455  245.98564 
48    241.20508  243.87610 
49    236.27546  241.12554 
50    236.01221  236.27031 
51    235.15531  235.98417 
52    232.38153  235.09860 
53    231.19361  232.33351 
54    229.12697  231.13959 
55    228.68137  229.11662 
56    227.66570  228.64082 
57    223.48799  227.57476 
58    221.94083  223.43305 
59    218.95579  221.84041 
60    218.05121  218.93323 
61    215.61550  217.99833 
62    206.43454  215.51918 
63    205.08403  206.40784 
64    202.77261  205.01935 
65    200.77082  202.72819 
66    200.77082  200.77082 
67    199.29153  200.73920 
68    197.97568  199.26099 
69    193.81038  197.92819 
70    192.57385  193.76459 
71    192.04933  192.55680 
72    189.73380  192.01145 
73    189.22737  189.71624 
74    186.74902  189.18851 
75    183.64819  186.71337 
76    183.35408  183.64168 
77    182.71368  183.33570 
78    180.73257  182.66448 
79    179.74789  180.70570 
80    179.31365  179.73763 
81    179.24442  179.31295 
82    172.80185  179.16265 
83    171.83096  172.77870 
84    171.52020  171.82583 
85    170.93806  171.51239 
86    170.36966  170.93014 
87    168.59574  170.34602 
88    167.21167  168.56981 
89    166.71034  167.19717 
90    165.60515  166.68742 
91    160.96581  165.55217 
92    160.34511  160.95439 
93    159.86355  160.34029 
94    159.47380  159.85001 
95    158.90548  159.44710 
96    156.44885  158.87689 
97    155.64188  156.43435 
98    154.70765  155.62487 
99    154.32290  154.68768 
100   151.36658  154.25978 
101   150.57722  151.35509 
102   149.97358  150.56685 
103   148.16078  149.94144 
104   147.89668  148.15814 
105   147.49416  147.88982 
106   146.90527  147.47867 
107   146.81781  146.90438 
108   146.61004  146.81391 
109   146.51026  146.60904 
110   145.88561  146.49824 
111   143.88270  145.86335 
112   141.93801  143.84492 
113   141.72924  141.93518 
114   140.88578  141.71113 
115   140.88455  140.88576 
116   140.51396  140.88084 
117   139.80624  140.50688 
118   138.87492  139.79692 
119   138.20074  138.86809 
120   137.73353  138.19116 
121   137.59212  137.73148 
122   137.59212  137.59212 
123   137.59212  137.59212 
124   134.79323  137.55732 
125   134.71919  134.79249 
126   134.45408  134.71645 
127   134.39030  134.45282 
128   132.73162  134.34916 
129   132.45258  132.72826 
130   131.55723  132.44063 
131   131.52631  131.55673 
132   131.33250  131.52243 
133   131.23560  131.33153 
134   129.99002  131.22314 
135   129.93267  129.98937 
136   129.93267  129.93267 
137   129.03129  129.91747 
138   129.02215  129.03119 
139   129.02215  129.02215 
140   128.40824  129.01601 
141   128.36906  128.40745 
142   127.90155  128.35629 
143   127.88537  127.90139 
144   127.88537  127.88537 
145   127.37308  127.87893 
146   127.37308  127.37308 
147   127.09087  127.37019 
148   127.09087  127.09087 
149   127.09087  127.09087 
150   124.74190  127.06547 
151   124.34174  124.73599 
152   124.34174  124.34174 
153   124.34174  124.34174 
154   124.15090  124.33971 
155   123.83230  124.14607 
156   122.33805  123.80840 
157   122.33758  122.33804 
158   120.83206  122.31561 
159   120.57592  120.82693 
160   118.53405  120.55387 
161   118.18043  118.52797 
162   117.91962  118.17585 
163   117.71903  117.91739 
164   117.71903  117.71903 
165   117.71903  117.71903 
166   116.95216  117.71136 
167   116.64106  116.94904 
168   116.41575  116.63881 
169   116.41575  116.41575 
170   115.16322  116.40178 
171   115.16322  115.16322 
172   114.99987  115.16159 
173   111.48105  114.95421 
174   111.12684  111.47751 
175   110.76119  111.12316 
176   110.76119  110.76119 
177   107.84195  110.73103 
178   107.57363  107.83793 
179   107.50769  107.57297 
180   104.40566  107.47667 
181   104.38323  104.40540 
182   104.06338  104.37800 
183   103.86008  104.06135 
184   103.14741  103.85295 
185   103.14741  103.14741 
186   103.05691  103.14593 
187   103.05407  103.05685 
188   101.82458  103.04178 
189   101.82458  101.82458 
190   101.69080  101.82191 
191   101.44902  101.68838 
192   100.74602  101.44067 
193   100.40496  100.74097 
194   100.40496  100.40496 
195   100.12449  100.40205 
196   100.12449  100.12449 
197   100.12449  100.12449 
198   100.12449  100.12449 
199   99.86448   100.12189 
200   99.86448   99.86448  
201   99.42421   99.85610  
202   99.32217   99.42217  
203   99.32217   99.32217  
204   98.52616   99.31421  
205   98.52616   98.52616  
206   98.52616   98.52616  
207   98.52616   98.52616  
208   98.52616   98.52616  
209   98.52616   98.52616  
210   98.52616   98.52616  
211   97.06979   98.51160  
212   96.17205   97.06082  
213   95.63335   96.16666  
214   95.44013   95.63141  
215   95.42948   95.44002  
216   95.38067   95.42899  
217   95.38067   95.38067  
218   95.38067   95.38067  
219   95.38067   95.38067  
220   95.38067   95.38067  
221   95.38067   95.38067  
222   95.24789   95.37934  
223   94.18753   95.23729  
224   93.90079   94.18301  
225   93.90079   93.90079  
226   93.65123   93.89829  
227   93.65123   93.65123  
228   93.32090   93.64793  
229   93.32090   93.32090  
230   93.32090   93.32090  
231   92.81552   93.31534  
232   92.31726   92.80118  
233   92.26698   92.31676  
234   92.26698   92.26698  
235   92.26698   92.26698  
236   92.26698   92.26698  
237   92.26698   92.26698  
238   92.26698   92.26698  
239   92.26698   92.26698  
240   92.26698   92.26698  
241   92.26698   92.26698  
242   92.26698   92.26698  
243   92.26698   92.26698  
244   92.26698   92.26698  
245   91.85562   92.26286  
246   91.85562   91.85562  
247   91.85562   91.85562  
248   91.85562   91.85562  
249   91.85562   91.85562  
250   91.85562   91.85562  
251   91.16278   91.84869  
252   91.16278   91.16278  
253   91.16278   91.16278  
254   91.16278   91.16278  
255   91.16278   91.16278  
256   90.82682   91.15942  
257   90.65478   90.82510  
258   90.03703   90.64084  
259   90.03703   90.03703  
260   89.37496   90.03041  
261   89.37496   89.37496  
262   89.37496   89.37496  
263   89.37496   89.37496  
264   89.37496   89.37496  
265   89.37496   89.37496  
266   89.37496   89.37496  
267   89.37496   89.37496  
268   89.37496   89.37496  
269   89.37496   89.37496  
270   89.37496   89.37496  
271   89.29989   89.37421  
272   89.22703   89.29916  
273   88.60883   89.22085  
274   88.60883   88.60883  
275   88.60780   88.60881  
276   88.60780   88.60780  
277   88.60780   88.60780  
278   88.60780   88.60780  
279   88.60780   88.60780  
280   88.60780   88.60780  
281   88.60780   88.60780  
282   88.60780   88.60780  
283   88.60780   88.60780  
284   88.60780   88.60780  
285   88.60780   88.60780  
286   88.07159   88.59834  
287   87.95007   88.07037  
288   87.95007   87.95007  
289   87.94031   87.94997  
290   87.94031   87.94031  
291   87.71598   87.93670  
292   87.71598   87.71598  
293   87.68122   87.71558  
294   87.68122   87.68122  
295   87.25930   87.67291  
296   87.25930   87.25930  
297   87.25930   87.25930  
298   86.85000   87.25521  
299   86.60975   86.84760  
300   86.60975   86.60975  
301   86.60975   86.60975  
302   86.44509   86.60810  
303   85.94778   86.44012  
304   85.89728   85.94717  
305   85.65106   85.89236  
306   85.65106   85.65106  
307   85.64592   85.65096  
308   85.56220   85.64508  
309   85.56220   85.56220  
310   85.50907   85.56167  
311   85.50907   85.50907  
312   85.41804   85.50756  
313   85.41804   85.41804  
314   85.41804   85.41804  
315   85.41804   85.41804  
316   85.41804   85.41804  
317   85.41804   85.41804  
318   85.41804   85.41804  
319   85.12645   85.41512  
320   84.56822   85.12087  
321   84.56822   84.56822  
322   84.56822   84.56822  
323   84.56822   84.56822  
324   84.56822   84.56822  
325   84.47487   84.56636  
326   84.26554   84.47197  
327   84.26554   84.26554  
328   84.19345   84.26482  
329   84.19345   84.19345  
330   84.19345   84.19345  
331   84.19345   84.19345  
332   84.19345   84.19345  
333   84.10814   84.19260  
334   83.68807   84.10394  
335   83.46574   83.68584  
336   83.46574   83.46574  
337   83.46574   83.46574  
338   82.59391   83.45702  
339   82.59391   82.59391  
340   82.59391   82.59391  
341   82.59391   82.59391  
342   82.59391   82.59391  
343   82.59391   82.59391  
344   82.59391   82.59391  
345   82.59391   82.59391  
346   82.59391   82.59391  
347   82.59391   82.59391  
348   82.59391   82.59391  
349   82.59391   82.59391  
350   82.59391   82.59391  
351   82.59391   82.59391  
352   82.59391   82.59391  
353   82.59391   82.59391  
354   82.59391   82.59391  
355   82.02846   82.58826  
356   82.02846   82.02846  
357   82.02846   82.02846  
358   82.02846   82.02846  
359   82.02846   82.02846  
360   81.99531   82.02813  
361   81.99531   81.99531  
362   81.99531   81.99531  
363   81.99531   81.99531  
364   81.85072   81.99387  
365   81.85072   81.85072  
366   81.21567   81.84303  
367   81.21567   81.21567  
368   81.21567   81.21567  
369   81.21567   81.21567  
370   81.21567   81.21567  
371   80.93583   81.21287  
372   80.93583   80.93583  
373   80.93583   80.93583  
374   80.56137   80.92809  
375   80.56137   80.56137  
376   80.20855   80.55784  
377   80.20855   80.20855  
378   80.20855   80.20855  
379   80.20855   80.20855  
380   80.20855   80.20855  
381   80.02522   80.20672  
382   79.71031   80.02208  
383   79.71031   79.71031  
384   79.71031   79.71031  
385   79.09057   79.70411  
386   79.09057   79.09057  
387   78.39902   79.08173  
388   78.20646   78.39709  
389   78.20646   78.20646  
390   78.20646   78.20646  
391   78.20646   78.20646  
392   78.20646   78.20646  
393   78.07280   78.20512  
394   78.07280   78.07280  
395   78.07280   78.07280  
396   78.07280   78.07280  
397   78.07280   78.07280  
398   78.07280   78.07280  
399   78.07280   78.07280  
400   78.07280   78.07280  
401   78.07280   78.07280  
402   78.07280   78.07280  
403   78.07280   78.07280  
404   77.80246   78.07009  
405   77.80246   77.80246  
406   77.80246   77.80246  
407   77.15026   77.79593  
408   77.15026   77.15026  
409   77.15026   77.15026  
410   77.15026   77.15026  
411   77.15026   77.15026  
412   77.15026   77.15026  
413   77.15026   77.15026  
414   77.15026   77.15026  
415   77.15026   77.15026  
416   77.15026   77.15026  
417   77.15026   77.15026  
418   77.15026   77.15026  
419   77.15026   77.15026  
420   77.15026   77.15026  
421   77.15026   77.15026  
422   77.15026   77.15026  
423   77.13990   77.15016  
424   77.13990   77.13990  
425   77.13990   77.13990  
426   77.13990   77.13990  
427   77.13990   77.13990  
428   77.13990   77.13990  
429   77.13990   77.13990  
430   77.13990   77.13990  
431   76.91067   77.13761  
432   76.91067   76.91067  
433   76.91067   76.91067  
434   76.91067   76.91067  
435   76.80124   76.90957  
436   76.80124   76.80124  
437   76.80124   76.80124  
438   76.80124   76.80124  
439   76.80124   76.80124  
440   76.80124   76.80124  
441   76.80124   76.80124  
442   76.80124   76.80124  
443   76.80124   76.80124  
444   76.80124   76.80124  
445   76.80124   76.80124  
446   76.80124   76.80124  
447   76.75144   76.80074  
448   76.75144   76.75144  
449   76.75144   76.75144  
450   76.75144   76.75144  
451   76.75144   76.75144  
452   76.75144   76.75144  
453   76.75144   76.75144  
454   76.75144   76.75144  
455   76.75144   76.75144  
456   76.75144   76.75144  
457   76.75144   76.75144  
458   76.75144   76.75144  
459   76.71465   76.75107  
460   76.71465   76.71465  
461   76.71465   76.71465  
462   76.71465   76.71465  
463   76.63779   76.71388  
464   76.20493   76.63346  
465   76.20493   76.20493  
466   75.87265   76.20161  
467   75.87265   75.87265  
468   75.87265   75.87265  
469   75.87265   75.87265  
470   75.87265   75.87265  
471   75.87265   75.87265  
472   75.87265   75.87265  
473   75.87265   75.87265  
474   75.87265   75.87265  
475   75.87265   75.87265  
476   75.74852   75.87141  
477   75.74852   75.74852  
478   75.74852   75.74852  
479   75.74852   75.74852  
480   75.74852   75.74852  
481   75.74852   75.74852  
482   75.74852   75.74852  
483   75.74852   75.74852  
484   75.74852   75.74852  
485   75.74852   75.74852  
486   75.74852   75.74852  
487   75.74852   75.74852  
488   75.74852   75.74852  
489   75.74852   75.74852  
490   75.74852   75.74852  
491   75.74852   75.74852  
492   75.74852   75.74852  
493   75.74852   75.74852  
494   75.74852   75.74852  
495   75.74852   75.74852  
496   75.74852   75.74852  
497   75.74852   75.74852  
498   75.74852   75.74852  
499   75.74852   75.74852  
