#     BLOCK:   ACTUAL_KE:    KE_AVE:      ERROR:
         100     2.02343     1.94147  0.00841823
           2     1.42711      1.4262 0.000645786
           4     1.59076     1.58136  0.00297293
           1     1.27526     1.27526           0
           3     1.43126     1.42789  0.00144253
           2     1.27688     1.27607 0.000573835
           5     1.60657      1.5864  0.00509746
           4     1.43887     1.43063  0.00261164
           3     1.28052     1.27755  0.00127038
           6     1.63677      1.5948  0.00876215
           5     1.45224     1.43495   0.0043946
           4     1.28706     1.27993  0.00226883
           7     1.66378     1.60465   0.0118173
           6     1.47673     1.44192  0.00733562
           5     1.29827      1.2836  0.00374885
           8     1.70954     1.61776   0.0160416
           7     1.51036     1.45169   0.0110213
           6     1.31782      1.2893  0.00607173
           9     1.73186     1.63044   0.0186056
           8     1.54139     1.46291   0.0142478
           7     1.35258     1.29834  0.00985562
          10     1.76378     1.64378    0.020986
           8     1.37264     1.30763   0.0122411
           9     1.57146     1.47497   0.0170211
          11     1.78157      1.6563   0.0225086
           9     1.41709     1.31979   0.0158078
          10      1.6039     1.48786    0.019603
          12     1.78393     1.66694   0.0230087
          10     1.44169     1.33198   0.0183345
          11      1.6352     1.50126   0.0219246
          13     1.79699     1.67694   0.0233124
          11     1.46972      1.3445   0.0205025
          14     1.82788     1.68772   0.0240112
          12     1.63607     1.51249   0.0227948
          12     1.48398     1.35613   0.0218416
          15     1.82001     1.69654   0.0239754
          13     1.63174     1.52166   0.0228125
          13     1.48705      1.3662   0.0223632
          16     1.83585     1.70525   0.0240059
          14     1.66341     1.53179   0.0233218
          14     1.49677     1.37552   0.0226273
          17     1.84912     1.71371   0.0240392
          15     1.68055     1.54171   0.0237825
          15     1.52298     1.38535    0.023156
          18     1.84044     1.72075   0.0237123
          16      1.6747     1.55002   0.0237043
          16     1.52171     1.39388   0.0232241
          19     1.85497     1.72782    0.023493
          17     1.68863     1.55817   0.0236708
          17     1.54134     1.40255   0.0234219
          20     1.85534     1.73419   0.0231675
          18     1.70159     1.56614   0.0236587
          18     1.54262     1.41033   0.0233777
          21     1.87759     1.74102   0.0230487
          19     1.68992     1.57265   0.0232933
          19     1.54664     1.41751   0.0232219
          22     1.88914     1.74775   0.0229633
          20     1.71498     1.57977   0.0231902
          20     1.55347      1.4243   0.0230345
          23      1.9058     1.75463     0.02297
          21     1.71206     1.58607   0.0229256
          21      1.5624     1.43088    0.022857
          24      1.9114     1.76116    0.022923
          22     1.73287     1.59274   0.0228339
          22     1.56651     1.43705   0.0226342
          25     1.93681     1.76818   0.0230576
          23     1.76862     1.60039   0.0230861
          23      1.5961     1.44396   0.0226819
          26     1.91886     1.77398   0.0228875
          24     1.76109     1.60709   0.0230748
          24     1.62015      1.4513    0.022894
          27      1.9305     1.77978   0.0227621
          25     1.80441     1.61498    0.023463
          25     1.60584     1.45748   0.0227975
          28     1.90639      1.7843   0.0223938
          26     1.78499     1.62152    0.023454
          26     1.63238     1.46421   0.0228916
          29     1.90793     1.78856   0.0220237
          27     1.80359     1.62826   0.0235348
          27     1.64628     1.47095   0.0230156
          30     1.88484     1.79177   0.0215222
          28     1.76712     1.63322   0.0232109
          28     1.61842     1.47622   0.0227883
          31     1.90909     1.79555    0.021158
          29     1.75259     1.63734   0.0227726
          29     1.62974     1.48151    0.022609
          32     1.89712     1.79873   0.0207335
          30     1.61875     1.48609   0.0223134
          30     1.75027      1.6411   0.0223225
          33     1.91935     1.80238   0.0204249
          31     1.58914     1.48941   0.0218398
          31      1.7384     1.64424    0.021822
          34     1.87005     1.80437   0.0199209
          32     1.59231     1.49263   0.0213927
          32     1.74639     1.64743   0.0213722
          35     1.89995      1.8071    0.019538
          33     1.58799     1.49552   0.0209387
          33     1.73477     1.65008   0.0208878
          36     1.91002     1.80996   0.0192033
          34     1.56323     1.49751   0.0204173
          34     1.77784     1.65384   0.0206087
          37     1.90103     1.81243   0.0188413
          35     1.57723     1.49979   0.0199606
          35     1.77491      1.6573   0.0203081
          38     1.89115      1.8145   0.0184591
          36     1.58636     1.50219   0.0195505
          36     1.76363     1.66025   0.0199577
          39     1.89639      1.8166   0.0181048
          37     1.60663     1.50502   0.0192248
          37     1.74245     1.66247   0.0195415
          40     1.89469     1.81855   0.0177571
          38     1.63865     1.50853   0.0190378
          38     1.76115     1.66507    0.019199
          41     1.91783     1.82097   0.0174883
          39     1.63684     1.51182   0.0188318
          39     1.75995      1.6675   0.0188603
          42     1.88148     1.82241   0.0171312
          40     1.65661     1.51544   0.0187056
          43     1.91447     1.82455    0.016866
          40     1.75685     1.66973   0.0185206
          41     1.67117     1.51924    0.018631
          44     1.90432     1.82636   0.0165799
          41     1.77152     1.67222   0.0182345
          42     1.65498     1.52247   0.0184656
          45     1.90165     1.82804   0.0162956
          42     1.74553     1.67396   0.0178837
          43     1.65825     1.52563   0.0183042
          46     1.89678     1.82953   0.0160097
          43      1.7771     1.67636   0.0176279
          44     1.64364     1.52831   0.0180836
          47      1.8729     1.83045   0.0156957
          44     1.71602     1.67726   0.0172503
          45     1.65419     1.53111   0.0178968
          48     1.90132     1.83193    0.015438
          45     1.71872     1.67818   0.0168915
          46     1.63312     1.53333   0.0176446
          49     1.91782     1.83368   0.0152221
          46      1.7153     1.67899   0.0165436
          47      1.6318     1.53542   0.0173931
          50     1.90896     1.83519   0.0149919
          47     1.68642     1.67915   0.0161924
          48     1.63043      1.5374    0.017143
          51     1.91872     1.83683   0.0147871
          48     1.73409     1.68029   0.0158954
          49     1.64196     1.53953   0.0169255
          52     1.91254     1.83828   0.0145743
          49     1.72695     1.68125   0.0155995
          50     1.63672     1.54148   0.0166982
          53       1.881     1.83909   0.0143216
          50     1.76255     1.68287    0.015372
          51     1.64735     1.54355   0.0164993
          54     1.90014     1.84022   0.0141009
          51     1.75878     1.68436   0.0151425
          52     1.66394     1.54587   0.0163436
          55     1.89687     1.84125   0.0138821
          52     1.79255     1.68644   0.0149936
          53     1.64349     1.54771   0.0161387
          56     1.90241     1.84234   0.0136771
          53      1.7524     1.68768   0.0147622
          54      1.6437     1.54949   0.0159374
          57     1.90717     1.84348   0.0134843
          54     1.77276     1.68926   0.0145727
          55     1.65459      1.5514   0.0157618
          58     1.90707     1.84458   0.0132964
          56     1.62062     1.55264   0.0155288
          55      1.7741      1.6908   0.0143891
          59     1.90939     1.84567   0.0131163
          57     1.66351     1.55458   0.0153777
          56     1.73729     1.69163   0.0141561
          60     1.90098      1.8466     0.01293
          58     1.67702     1.55669   0.0152567
          57     1.73138     1.69233   0.0139249
          61     1.90239     1.84751   0.0127504
          59      1.7067     1.55924   0.0152085
          58     1.72432     1.69288   0.0136958
          62     1.89503     1.84828   0.0125677
          60     1.71521     1.56183   0.0151756
          59     1.68609     1.69277   0.0134641
          63     1.90608     1.84919   0.0124017
          61     1.71068     1.56427   0.0151217
          60     1.66154     1.69225   0.0132498
          64     1.90805     1.85011    0.012242
          62     1.72293     1.56683   0.0150928
          61     1.67227     1.69192   0.0130366
          65      1.8962     1.85082   0.0120741
          63     1.71262     1.56915   0.0150296
          62     1.67618     1.69167   0.0128288
          66     1.89973     1.85156   0.0119139
          64     1.73029     1.57167   0.0150042
          63     1.69229     1.69168   0.0126252
          67     1.89291     1.85218   0.0117521
          65     1.68047     1.57334   0.0148664
          68     1.91016     1.85303   0.0116101
          64     1.73104     1.69229   0.0124429
          66     1.68751     1.57507   0.0147415
          69     1.92116     1.85402   0.0114838
          65      1.7146     1.69263   0.0122562
          67     1.64693     1.57614   0.0145604
          70     1.93072     1.85512   0.0113719
          66     1.78803     1.69408   0.0121554
          68     1.64961     1.57722   0.0143863
          71     1.95228     1.85649   0.0112938
          67     1.82048     1.69597   0.0121195
          69      1.6432     1.57818   0.0142096
          72     1.95502     1.85785   0.0112195
          68     1.80379     1.69755   0.0120446
          70     1.66873     1.57947   0.0140653
          73     1.91077     1.85858   0.0110892
          69     1.80223     1.69907   0.0119652
          71     1.65036     1.58047   0.0139026
          74     1.93105     1.85956   0.0109825
          70     1.82052      1.7008   0.0119194
          72     1.66555     1.58165   0.0137597
          75     1.91033     1.86024   0.0108569
          71     1.81513     1.70241   0.0118598
          73     1.62447     1.58224   0.0135837
          72     1.81743     1.70401   0.0118022
          76     1.91547     1.86096   0.0107384
          74     1.65313      1.5832   0.0134338
          77     1.90688     1.86156   0.0106155
          73     1.81516     1.70553   0.0117383
          75     1.64786     1.58406   0.0132824
          74     1.84385      1.7074   0.0117275
          78     1.90687     1.86214   0.0104952
          76     1.64462     1.58486   0.0131315
          75     1.82303     1.70894   0.0116721
          79     1.92524     1.86294   0.0103927
          77     1.64374     1.58562   0.0129832
          76     1.85706     1.71089     0.01168
          80     1.89594     1.86335    0.010271
          78     1.68408     1.58688    0.012878
          77     1.80688     1.71214   0.0115947
          81     1.94106     1.86431   0.0101889
          79     1.60672     1.58713   0.0127174
          78     1.80427     1.71332    0.011506
          82     1.92086       1.865    0.010088
          80     1.66484     1.58811   0.0125955
          79     1.79728     1.71438   0.0114094
          83     1.92683     1.86574   0.0099939
          81      1.6421     1.58877   0.0124576
          80     1.79317     1.71537   0.0113092
          84     1.94063     1.86664  0.00991461
          82     1.61857     1.58914    0.012311
          81     1.78753     1.71626   0.0112046
          85     1.93479     1.86744  0.00983033
          83     1.63621      1.5897   0.0121757
          82     1.80877     1.71739   0.0111246
          86     1.95798     1.86849  0.00977224
          84     1.62588     1.59013   0.0120384
          83     1.81064     1.71851   0.0110472
          87     1.95698     1.86951   0.0097127
          85     1.64106     1.59073   0.0119116
          84     1.82018     1.71972   0.0109818
          88      1.9755     1.87071  0.00967672
          86     1.61789     1.59105   0.0117773
          85      1.8152     1.72084   0.0109099
          89     1.94494     1.87155  0.00960387
          87     1.64293     1.59164    0.011657
          86     1.82514     1.72206   0.0108502
          90     1.96403     1.87257  0.00955198
          88     1.62923     1.59207   0.0115324
          87     1.82182      1.7232   0.0107859
          91     1.97002     1.87364  0.00950684
          89     1.63206     1.59252   0.0114116
          88     1.82618     1.72437   0.0107266
          92     1.91269     1.87407  0.00941298
          90     1.61512     1.59277   0.0112875
          89     1.83706     1.72564   0.0106806
          93     1.92684     1.87464  0.00932885
          91     1.61495     1.59302   0.0111661
          90     1.83027      1.7268    0.010625
          94     1.93877     1.87532  0.00925452
          92     1.62404     1.59335   0.0110498
          91     1.83813     1.72803   0.0105784
          95     1.92616     1.87585  0.00917257
          93     1.60101     1.59344   0.0109313
          92     1.82619     1.72909   0.0105171
          96     1.90147     1.87612   0.0090809
          94     1.58097      1.5933   0.0108158
          93     1.83451     1.73023   0.0104649
          97      1.9323      1.8767  0.00900574
          95      1.5857     1.59322   0.0107023
          94     1.79453     1.73091   0.0103759
          98     1.91323     1.87707  0.00892155
          96     1.57165       1.593   0.0105932
          95     1.78936     1.73153   0.0102849
          99     1.91784     1.87748  0.00884093
          97     1.57712     1.59283   0.0104852
          96     1.78076     1.73204   0.0101906
         100     1.91634     1.87787  0.00876106
          98     1.55997      1.5925   0.0103836
          97     1.77488     1.73248   0.0100951
          99     1.59796     1.59255   0.0102789
          98     1.74605     1.73262  0.00999301
         100      1.6014     1.59264   0.0101764
          99     1.78555     1.73315  0.00990636
         100      1.7548     1.73337  0.00980966
