#     BLOCK:   ACTUAL_T:     T_AVE:       ERROR:
         100     1.34896     1.29431  0.00561215
           2    0.951409    0.950801 0.000430524
           4     1.06051     1.05424  0.00198195
           1    0.850171    0.850171           0
           3    0.954173    0.951925 0.000961684
           2    0.851253    0.850712 0.000382557
           5     1.07104      1.0576  0.00339831
           4    0.959244    0.953755  0.00174109
           3     0.85368    0.851702 0.000846921
           6     1.09118      1.0632  0.00584143
           5    0.968163    0.956636  0.00292973
           4    0.858042    0.853287  0.00151256
           7     1.10919     1.06977  0.00787817
           6    0.984487    0.961278  0.00489042
           5    0.865511    0.855731  0.00249923
           8     1.13969     1.07851   0.0106944
           7      1.0069    0.967796  0.00734752
           6    0.878545    0.859534  0.00404782
           9     1.15457     1.08696   0.0124037
           8     1.02759    0.975271  0.00949853
           7    0.901721     0.86556  0.00657041
          10     1.17585     1.09585   0.0139906
           8    0.915094    0.871752  0.00816075
           9     1.04764    0.983312   0.0113474
          11     1.18771      1.1042   0.0150057
           9    0.944727     0.87986   0.0105385
          10     1.06927    0.991907   0.0130687
          12     1.18929     1.11129   0.0153392
          10     0.96113    0.887987    0.012223
          11     1.09013     1.00084   0.0146164
          13     1.19799     1.11796   0.0155416
          11    0.979814    0.896335   0.0136683
          14     1.21859     1.12515   0.0160075
          12     1.09071     1.00833   0.0151965
          12    0.989322    0.904084   0.0145611
          15     1.21334     1.13103   0.0159836
          13     1.08783     1.01444   0.0152084
          13    0.991368    0.910798   0.0149088
          16      1.2239     1.13683   0.0160039
          14     1.10894     1.02119   0.0155479
          14    0.997847    0.917016   0.0150848
          17     1.23274     1.14247   0.0160262
          15     1.12037      1.0278    0.015855
          15     1.01532     0.92357   0.0154373
          18     1.22696     1.14717   0.0158082
          16     1.11647     1.03335   0.0158028
          16     1.01447    0.929251   0.0154827
          19     1.23665     1.15188    0.015662
          17     1.12576     1.03878   0.0157805
          17     1.02756    0.935034   0.0156146
          20     1.23689     1.15613    0.015445
          18     1.13439     1.04409   0.0157725
          18     1.02842    0.940222   0.0155851
          21     1.25173     1.16068   0.0153658
          19     1.12661     1.04844   0.0155288
          19     1.03109    0.945004   0.0154813
          22     1.25943     1.16517   0.0153089
          20     1.14332     1.05318   0.0154601
          20     1.03565    0.949537   0.0153563
          23     1.27053     1.16975   0.0153133
          21     1.14138     1.05738   0.0152837
          21      1.0416    0.953921    0.015238
          24     1.27427     1.17411    0.015282
          22     1.15524     1.06183   0.0152226
          22     1.04434    0.958031   0.0150895
          25      1.2912     1.17879   0.0153718
          23     1.17908     1.06693   0.0153907
          23     1.06407    0.962641   0.0151213
          26     1.27924     1.18265   0.0152583
          24     1.17406     1.07139   0.0153832
          24      1.0801    0.967535   0.0152627
          27       1.287     1.18652   0.0151747
          25     1.20294     1.07665    0.015642
          25     1.07056    0.971656   0.0151984
          28     1.27093     1.18953   0.0149292
          26     1.18999     1.08101    0.015636
          26     1.08825     0.97614   0.0152611
          29     1.27196     1.19237   0.0146825
          27     1.20239     1.08551   0.0156899
          27     1.09752    0.980636   0.0153438
          30     1.25656     1.19451   0.0143481
          28     1.17808     1.08881   0.0154739
          28     1.07895    0.984147   0.0151922
          31     1.27273     1.19704   0.0141054
          29     1.16839     1.09156   0.0151817
          29      1.0865    0.987677   0.0150727
          32     1.26475     1.19915   0.0138224
          30     1.07917    0.990726   0.0148756
          30     1.16685     1.09407   0.0148817
          33     1.27956     1.20159   0.0136166
          31     1.05943    0.992942   0.0145599
          31     1.15893     1.09616    0.014548
          34      1.2467     1.20292   0.0132806
          32     1.06154    0.995086   0.0142618
          32     1.16426     1.09829   0.0142482
          35     1.26663     1.20474   0.0130253
          33     1.05866    0.997012   0.0139591
          33     1.15651     1.10005   0.0139252
          36     1.27335     1.20664   0.0128022
          34     1.04215     0.99834   0.0136116
          34     1.18522     1.10256   0.0137391
          37     1.26736     1.20828   0.0125609
          35     1.05149    0.999859   0.0133071
          35     1.18328     1.10486   0.0135387
          38     1.26077     1.20966    0.012306
          36     1.05758     1.00146   0.0130337
          36     1.17576     1.10683   0.0133051
          39     1.26426     1.21106   0.0120699
          37     1.07109     1.00334   0.0128165
          37     1.16163     1.10831   0.0130277
          40     1.26313     1.21237   0.0118381
          38     1.09243     1.00569   0.0126919
          38      1.1741     1.11004   0.0127994
          41     1.27855     1.21398   0.0116589
          39     1.09123     1.00788   0.0125545
          39      1.1733     1.11167   0.0125735
          42     1.25432     1.21494   0.0114208
          40     1.10441     1.01029   0.0124704
          43     1.27631     1.21637    0.011244
          40     1.17124     1.11316   0.0123471
          41     1.11412     1.01283   0.0124207
          44     1.26955     1.21758   0.0110532
          41     1.18102     1.11481   0.0121563
          42     1.10332     1.01498   0.0123104
          45     1.26777     1.21869   0.0108637
          42     1.16369     1.11597   0.0119225
          43      1.1055     1.01709   0.0122028
          46     1.26452     1.21969   0.0106731
          43     1.18473     1.11757   0.0117519
          44     1.09576     1.01887   0.0120557
          47      1.2486      1.2203   0.0104638
          44     1.14401     1.11817   0.0115002
          45     1.10279     1.02074   0.0119312
          48     1.26755     1.22129    0.010292
          45     1.14581     1.11879    0.011261
          46     1.08875     1.02222   0.0117631
          49     1.27854     1.22246    0.010148
          46     1.14353     1.11933   0.0110291
          47     1.08787     1.02361   0.0115954
          50     1.27264     1.22346   0.0099946
          47     1.12428     1.11943   0.0107949
          48     1.08695     1.02493   0.0114287
          51     1.27915     1.22455   0.0098581
          48     1.15606      1.1202   0.0105969
          49     1.09464     1.02636   0.0112836
          52     1.27503     1.22552  0.00971619
          49      1.1513     1.12083   0.0103997
          50     1.09115     1.02765   0.0111321
          53       1.254     1.22606  0.00954771
          50     1.17503     1.12191    0.010248
          51     1.09823     1.02904   0.0109995
          54     1.26676     1.22681   0.0094006
          51     1.17252     1.12291    0.010095
          52     1.10929     1.03058   0.0108957
          55     1.26458      1.2275  0.00925473
          52     1.19503     1.12429  0.00999572
          53     1.09566     1.03181   0.0107591
          56     1.26827     1.22823  0.00911806
          53     1.16826     1.12512  0.00984149
          54      1.0958     1.03299    0.010625
          57     1.27145     1.22899  0.00898957
          54     1.18184     1.12617  0.00971512
          55     1.10306     1.03427   0.0105079
          58     1.27138     1.22972  0.00886424
          56     1.08041     1.03509   0.0103525
          55     1.18273      1.1272  0.00959275
          59     1.27292     1.23045  0.00874419
          57     1.10901     1.03639   0.0102518
          56      1.1582     1.12776  0.00943741
          60     1.26732     1.23106  0.00862003
          58     1.11801      1.0378   0.0101712
          57     1.15426     1.12822  0.00928328
          61     1.26826     1.23167  0.00850025
          59      1.1378     1.03949    0.010139
          58     1.14955     1.12859  0.00913051
          62     1.26335     1.23218  0.00837849
          60     1.14347     1.04122   0.0101171
          59     1.12406     1.12851  0.00897607
          63     1.27072      1.2328   0.0082678
          61     1.14045     1.04285   0.0100812
          60     1.10769     1.12816  0.00883318
          64     1.27203     1.23341  0.00816131
          62     1.14862     1.04456   0.0100619
          61     1.11485     1.12795  0.00869107
          65     1.26413     1.23388  0.00804943
          63     1.14175      1.0461   0.0100197
          62     1.11745     1.12778  0.00855254
          66     1.26649     1.23438  0.00794262
          64     1.15353     1.04778   0.0100028
          63      1.1282     1.12778  0.00841678
          67     1.26194     1.23479  0.00783472
          65     1.12031     1.04889  0.00991094
          68     1.27344     1.23536  0.00774009
          64     1.15403     1.12819  0.00829525
          66     1.12501     1.05005  0.00982765
          69     1.28078     1.23601  0.00765586
          65     1.14307     1.12842  0.00817079
          67     1.09795     1.05076  0.00970695
          70     1.28715     1.23674  0.00758126
          66     1.19202     1.12939  0.00810361
          68     1.09974     1.05148  0.00959088
          71     1.30152     1.23766  0.00752917
          67     1.21365     1.13064  0.00807967
          69     1.09547     1.05212  0.00947304
          72     1.30335     1.23857  0.00747967
          68     1.20253      1.1317  0.00802971
          70     1.11249     1.05298  0.00937689
          73     1.27385     1.23905  0.00739281
          69     1.20149     1.13271  0.00797678
          71     1.10024     1.05365  0.00926841
          74     1.28736     1.23971  0.00732167
          70     1.21368     1.13387  0.00794626
          72     1.11037     1.05443   0.0091731
          75     1.27356     1.24016  0.00723795
          71     1.21009     1.13494  0.00790652
          73     1.08298     1.05483  0.00905577
          72     1.21162     1.13601  0.00786811
          76     1.27698     1.24064  0.00715891
          74     1.10209     1.05546  0.00895589
          77     1.27125     1.24104  0.00707697
          73     1.21011     1.13702  0.00782553
          75     1.09857     1.05604   0.0088549
          74     1.22923     1.13827  0.00781836
          78     1.27125     1.24143  0.00699683
          76     1.09642     1.05657  0.00875432
          75     1.21535      1.1393  0.00778137
          79     1.28349     1.24196  0.00692849
          77     1.09583     1.05708  0.00865546
          76     1.23804      1.1406   0.0077867
          80     1.26396     1.24223  0.00684734
          78     1.12272     1.05792   0.0085853
          77     1.20458     1.14143  0.00772979
          81     1.29404     1.24287  0.00679261
          79     1.07115     1.05809  0.00847826
          78     1.20285     1.14221   0.0076707
          82     1.28057     1.24333  0.00672532
          80      1.1099     1.05874  0.00839698
          79     1.19819     1.14292  0.00760625
          83     1.28455     1.24383   0.0066626
          81     1.09473     1.05918  0.00830506
          80     1.19545     1.14358  0.00753946
          84     1.29375     1.24442  0.00660974
          82     1.07904     1.05942  0.00820731
          81     1.19169     1.14417  0.00746973
          85     1.28986     1.24496  0.00655355
          83     1.09081      1.0598  0.00811713
          82     1.20585     1.14493  0.00741641
          86     1.30532     1.24566  0.00651483
          84     1.08392     1.06009  0.00802558
          83      1.2071     1.14567  0.00736478
          87     1.30465     1.24634  0.00647513
          85     1.09404     1.06049  0.00794109
          84     1.21345     1.14648  0.00732118
          88       1.317     1.24714  0.00645115
          86     1.07859      1.0607  0.00785154
          85     1.21013     1.14723  0.00727324
          89     1.29663      1.2477  0.00640258
          87     1.09529      1.0611  0.00777136
          86     1.21676     1.14804  0.00723346
          90     1.30935     1.24838  0.00636798
          88     1.08615     1.06138  0.00768826
          87     1.21454      1.1488   0.0071906
          91     1.31335      1.2491   0.0063379
          89     1.08804     1.06168  0.00760771
          88     1.21746     1.14958  0.00715108
          92     1.27513     1.24938  0.00627532
          90     1.07675     1.06185  0.00752502
          89     1.22471     1.15043  0.00712038
          93     1.28456     1.24976  0.00621923
          91     1.07663     1.06201  0.00744408
          90     1.22018      1.1512  0.00708332
          94     1.29252     1.25021  0.00616968
          92     1.08269     1.06224  0.00736656
          91     1.22542     1.15202  0.00705228
          95     1.28411     1.25057  0.00611505
          93     1.06734     1.06229  0.00728755
          92     1.21746     1.15273   0.0070114
          96     1.26765     1.25075  0.00605394
          94     1.05398      1.0622  0.00721056
          93       1.223     1.15348  0.00697661
          97      1.2882     1.25113  0.00600382
          95     1.05714     1.06215  0.00713486
          94     1.19635     1.15394  0.00691728
          98     1.27549     1.25138   0.0059477
          96     1.04777       1.062  0.00706211
          95     1.19291     1.15435  0.00685661
          99     1.27856     1.25166  0.00589396
          97     1.05142     1.06189  0.00699015
          96     1.18717     1.15469  0.00679371
         100     1.27756     1.25192  0.00584071
          98     1.03998     1.06167  0.00692239
          97     1.18325     1.15499  0.00673005
          99     1.06531      1.0617  0.00685257
          98     1.16403     1.15508  0.00666201
         100      1.0676     1.06176   0.0067843
          99     1.19036     1.15544  0.00660424
         100     1.16986     1.15558  0.00653978
