        0.236066        0.878393        0.757741
       0.0903595       -0.549609        0.313867
        -1.06643       -0.416364       -0.690178
       -0.991548       -0.289048        0.116403
        0.106059        0.805021         1.66802
       -0.508167        -1.32112        0.256301
       -0.372319      0.00386826        0.362774
        0.937467      -0.0721596        -1.19533
        0.390367         1.30324        0.035146
      -0.0815613          3.5085        0.369676
         1.23891         0.10536      -0.0231563
       -0.323201       -0.736595       -0.439992
        0.258138         1.40393       -0.215016
       0.0416627         1.52759        0.276733
       -0.604727        -0.93896        -1.67633
       -0.724662         1.08168       -0.128273
        0.880529        0.784431       -0.410864
        -1.30452        -0.10168        -2.37295
      -0.0381661       0.0944116        -1.44487
        0.204156       -0.383747         1.41435
         0.62458        0.152178        0.324945
        0.054182        0.435302         1.32947
       -0.290856        0.179836        0.421546
         0.42657        -1.24989       -0.381653
         1.94986       -0.591711          1.0983
       -0.967044         1.21421       -0.898617
       -0.317873         1.19785       0.0618975
       -0.905021        0.643412       -0.336176
        0.521266       -0.998837      -0.0455908
       -0.168011       0.0872751       -0.500743
        0.953563       0.0612389        -0.26669
       -0.329565         0.81186       -0.762735
         1.05111       -0.231632       -0.904636
        -2.07983         -2.1661        0.115385
       -0.993117        0.584843          1.2861
        0.507875       -0.686239        -1.00485
         0.15491       -0.490885       -0.585228
       -0.888499        0.797737        0.740017
        0.633019         0.06905         1.10663
        -1.25545         0.55963        -1.08475
         1.10691        0.301553       0.0486599
        -1.73281       -0.733416       -0.760592
       -0.451486       -0.661336        0.309388
         1.11677        0.395654         1.07714
       -0.280989       -0.117485         0.28581
       -0.319955          1.1824         1.95084
         -1.0493        0.322567        0.115123
       -0.381897        -3.06995        -1.06611
        0.268193      -0.0842672       -0.618736
       -0.235606       -0.618066       -0.415789
      0.00398834        -1.01602        0.790915
         1.61455        0.744462       -0.968185
        0.752495        0.500061       -0.641791
        -1.75455       0.0307453         3.00839
       -0.481269       -0.124971       -0.520491
         1.41707       -0.019845       0.0185203
       -0.384915        0.246296         2.36077
        0.595034       -0.661884        0.759723
        -1.44284        0.251476        0.240003
        0.442138        0.311074        0.819312
       -0.085036       -0.141006         1.26951
       -0.151287        0.800211       -0.740657
       -0.378362       -0.267485       -0.665712
         0.15181       -0.481104        0.352407
        0.188062          1.0839         1.91997
        0.834044       -0.238107       -0.249617
        -1.50775        0.477657       0.0735274
       -0.831417        0.690363        0.884779
        0.650304        0.308614       -0.293675
       -0.588868       -0.592462         1.69644
        0.326023        0.189379        -1.26063
        0.631669        -1.47073       0.0386944
       -0.191141        0.316225        -0.37818
        0.664897        0.237316        -1.28063
        0.144017        0.574794        0.680949
        -1.26596      -0.0334204        0.865529
        0.761252        0.712732        -0.68425
       -0.640422        0.351582      -0.0109591
         1.58058        -1.26131       0.0603372
        -2.63292       -0.904303        0.218437
        0.854811        -1.78005        0.223366
        0.660393      -0.0575391        -0.73214
        -0.49139        0.534669       -0.947313
        0.716646        -2.19144       -0.193977
       -0.896413         1.58418       -0.449631
         -1.0388        -1.29026         -1.0574
       -0.247132       -0.139131       -0.964422
         1.07132         0.30643        0.479906
       -0.024987        0.467522       -0.597267
         1.94742       0.0201467         1.20727
        0.220037       -0.619939        0.095511
       -0.254698       -0.553615       -0.692037
        -0.49457        0.815888       -0.886554
         1.72482        0.638012        -1.07293
         0.82116        0.380371        0.536513
        0.288669       -0.290603       -0.265962
       0.0190369      -0.0693298       -0.275538
        -1.04924         -2.0027       -0.107645
       -0.279353         1.36108        -0.27382
         -1.0388        -1.21814         -1.0985
       0.0979406        -2.02782       -0.357857
          1.3297        0.785487        -1.03835
       -0.671822       -0.134945       -0.264319
        0.949393        0.779678        0.497181
         0.30966        0.957284         1.13178
        0.474463         0.26429        0.724739
       -0.549222       -0.622537       -0.103695
         2.03985       -0.495134        0.507256
